0.0
0.001
0.003
0.005810551326710007
0.009796981698587224
0.0099
0.009902317449238387
0.009906763507045138
0.009910999401594714
0.009914210419099451
0.009918981369428863
0.009925714549058311
0.00993551842150656
0.00994524114248044
0.009954637662397904
0.009964250937151208
0.00997473670090108
0.009984534312149004
0.009992020100769293
0.009996010050384647
0.01
0.01000231744923839
0.01000459990536552
0.010008415369356
0.01001393041327806
0.01002009030321045
0.01002610113144265
0.01003251822321046
0.01003985876857533
0.01004607746766012
0.0100518902155583
0.01005790880523926
0.01006482497261207
0.01007368789424763
0.0100818940521035
0.01008877216505594
0.01009487699348235
0.01010153802840448
0.01010807612384125
0.01011948332967001
0.01012515596858355
0.01013122910704842
0.01013696448622855
0.01014238350454575
0.01014815593417356
0.01015472502148853
0.01016239631222006
0.01017312224857161
0.01018418977619224
0.01019367537206435
0.010201111951771
0.01020744881665504
0.01021398538244647
0.01022459461972836
0.01023231796450718
0.01023890665274444
0.01024587306826779
0.01025359068648364
0.01026317156542725
0.01027593399986866
0.01029328839460349
0.0103070425604638
0.01031773093094501
0.01032678131132766
0.01033472602922144
0.01034221778124752
0.01034986671811174
0.01035850424049356
0.0103714847138294
0.01038240204278249
0.01039067302637453
0.01039824940765736
0.01040539673824384
0.01041238673136518
0.01041952271071973
0.01042715463102888
0.01043618673711843
0.01044590878063553
0.0104565005585263
0.01046558344896158
0.01047452691402081
0.01048413714230537
0.01049506145706941
0.01050853863914507
0.01052553054656528
0.01054863529400133
0.01058231170089239
0.01063706499513593
0.01074597663694008
0.01085691048125197
0.01093466828921481
0.01099516341535615
0.01106215778599502
0.01112271689200816
0.01116711279009833
0.01121067093478441
0.01127542266744288
0.01133906371389915
0.01140245019298526
0.01147122887107999
0.01154673247391846
0.01164281416628364
0.01177565084637137
0.01199332756036538
0.01234682620667182
0.01274109552805587
0.01317867514534695
0.0136725735704633
0.01423285118200939
0.01487837091120414
0.01562953363840497
0.01651025632280728
0.01756066344207741
0.01877678249956211
0.0199
0.01990678996664523
0.0199203698999357
0.01993557611783819
0.01995125593372536
0.01996640101102702
0.01998343862060873
0.02
0.02000678996664523
0.02001622155266815
0.02002886661414426
0.02004278289987784
0.02005809413680521
0.02007436536968812
0.02009299045350513
0.02011456989489967
0.02013598704880366
0.02015939922582728
0.02018419143200445
0.0202106049025969
0.02023951009592558
0.0202742500655037
0.02032037890634748
0.02038919091814168
0.02049741884519348
0.02060247725222556
0.02075152833352956
0.02091763095662873
0.02115857013579562
0.02147828689081082
0.02196151770044642
0.02282980038877891
0.02456636576544387
0.02719390753860662
0.0299
0.02990322598199342
0.02990967794598026
0.02991857648487781
0.02992679092244702
0.02994034814900915
0.02995748909632983
0.02997374879655996
0.02998687439827998
0.03
0.03000322598199342
0.03000967794598026
0.03001626953229398
0.03002945270492144
0.03004171731746203
0.0300606740097864
0.03008155663828247
0.03010976100050612
0.03014179836868499
0.03017220218493432
0.03021285878360874
0.03024637855165904
0.03028721055017336
0.03034673546495314
0.0303919641288045
0.0304623906549567
0.03054465795058518
0.03063876374466819
0.03072768375527861
0.0308105640839902
0.03089115588106367
0.0309740395755902
0.03106967530010512
0.03116837268624928
0.0312772757342544
0.03136899325078549
0.03145712629437142
0.03154965954228167
0.03165151905486482
0.03177257397090198
0.0319177697959433
0.0320654980727478
0.03220010499245405
0.03236718494259453
0.03253392120916856
0.03268337940278709
0.03285950859188532
0.0330662416711054
0.03321875948729876
0.03335542760141007
0.03347804298279011
0.03359311934396696
0.03371591203611292
0.0338430107113086
0.0339761850693846
0.0340770688536052
0.03416695988888008
0.03425663426648395
0.03435334831190083
0.03447475711825288
0.03460740866243878
0.03475039993355902
0.03487959437183466
0.03501017451484457
0.03515186257356656
0.03531799980430161
0.03551692312720225
0.03577753662641159
0.03612700420457874
0.03662210334729009
0.03739802443513109
0.03865593594823721
0.0399
0.03990280720349484
0.03990842161048454
0.03991965042446392
0.03993008193078297
0.03993994220372868
0.03994991272790853
0.03996037642632182
0.03997239589774989
0.03998410745629524
0.03999205372814762
0.04
0.04000280720349485
0.04000653914740063
0.04001400303521221
0.04002192430372662
0.04003084661859039
0.04004070800664609
0.04005133308793671
0.04006228393692872
0.04007029264616969
0.0400773804751436
0.04008449544922518
0.04009239036912846
0.04010353234908721
0.0401166755734153
0.04012674800050595
0.04013668708131075
0.04014742967337735
0.04016013460648982
0.04017590964662068
0.04019745894606545
0.04022914317797837
0.04028087366651643
0.04033983227930894
0.04038986671513348
0.04042719687016131
0.04045575516946101
0.04047859099149601
0.04049768791220879
0.04051438465920609
0.04052946978439022
0.0405434162329214
0.04055652855632051
0.04056901485112399
0.04058103406701383
0.04059272067783555
0.04060419829875368
0.04061558987565086
0.04062702711551777
0.04063866210558742
0.04065068417081674
0.0406633494531704
0.04067556803882261
0.04068495752867165
0.04069361134775092
0.04070072073256848
0.04070725706143024
0.04071295156215674
0.0407186495562675
0.04072427157885442
0.04072998528763831
0.04073600511857896
0.04074253515027267
0.0407498340577512
0.04075818459398507
0.04076796966687841
0.04077903779895822
0.04078927262134598
0.04079882942410049
0.04080821506418666
0.04081811207549053
0.04082843083367368
0.0408369875096015
0.04084391678852776
0.04084909299509153
0.0408551605464775
0.04085963543605018
0.04086402653958768
0.04086768740021893
0.04087224324326438
0.04087560686279126
0.04087957268151836
0.04088329436812024
0.04088692106810619
0.04089066450210242
0.04089458070571619
0.04089876237774988
0.04090339022829248
0.04090901547615203
0.04091407151615335
0.04091953191362466
0.04092430466582172
0.0409289277466316
0.0409340080433169
0.04094004607269233
0.0409476243009475
0.04095733577234324
0.04096926402937381
0.04098045322886442
0.04099093221180609
0.04100117622209397
0.04101167770617747
0.04102251791760089
0.04103305044728277
0.0410435939918669
0.04105293073545948
0.04106099422857858
0.04106849386631151
0.04107591968967594
0.0410839215766868
0.04109401198342037
0.04110499343036619
0.04111524264906292
0.04112476120981062
0.04113463411116236
0.04114557400383378
0.04115824367325513
0.04116959617235209
0.04118034798533536
0.04119165077683549
0.04120498567010825
0.04122218557911118
0.04124168250034028
0.04125895676676914
0.0412759065454783
0.04129379008946043
0.0413137776834144
0.04133782912619727
0.04135206898301361
0.04136240702694329
0.04137093133842683
0.04137950018837273
0.04138777813152573
0.04139825080912756
0.04140653572915504
0.04141549546980698
0.04142891018325765
0.04144548195312497
0.04146697948209241
0.04149438841049269
0.04151820424666162
0.04154833883971407
0.04157113460663452
0.04159631587027203
0.04161965709375176
0.04164138634607342
0.04166436338477041
0.04168628894438976
0.04170787999309301
0.04173054149373356
0.04175388953121768
0.0417903375218489
0.04182870692419866
0.04187347773419305
0.04190928214478547
0.04194721434634724
0.0419840597660976
0.04202199520740628
0.04206457412135715
0.04211471284487762
0.04217752258825092
0.0422597313401323
0.04237314463681237
0.04254098136034666
0.04281367740534021
0.04317236275996868
0.04345452780980821
0.04372530962348915
0.0439493393204939
0.04413590750424545
0.04439989032816805
0.04465346879914565
0.04491270108255965
0.04530797907511658
0.04568799376872985
0.04608985786482286
0.04660614167936378
0.04714014844039392
0.04772787855923506
0.0484034244397298
0.04943874172028389
0.0499
0.04990570944359039
0.04991712833077118
0.04993094261610574
0.04994399867328537
0.04995733339218972
0.04997171635815761
0.04998460184793254
0.04999230092396627
0.05
0.0500057094435904
0.05001215107910156
0.0500185308150474
0.05002666917004992
0.05003662513462911
0.05004646055387025
0.05005598440586474
0.05006584714356307
0.0500778426727762
0.05008853854034063
0.05010243575642935
0.05011589603748623
0.05012966094661937
0.05014504565100077
0.05016196313399888
0.05017862905272568
0.05019652290152408
0.05021680441200706
0.05024066884677036
0.05026476035695806
0.05029141729264711
0.0503218495071045
0.05035886902678258
0.05040429136351491
0.05044451277098101
0.05047817666845732
0.05050419648160088
0.05052726511702889
0.05054856669203045
0.05057782008147802
0.05059858050525896
0.05062114186140877
0.05063848838350615
0.05065326091976963
0.05066619397321365
0.05067792055395908
0.05068945310338322
0.05070195010750918
0.0507188402265253
0.05073034446342602
0.0507419100667837
0.05075215477457477
0.05076131559470493
0.05077027728839577
0.05077964006787161
0.0507907050638961
0.05080285983344594
0.05081442404018737
0.05082387786669024
0.05083537682690645
0.05084612111051891
0.05086101003794504
0.05087259430042412
0.05088156085739827
0.05088978542512591
0.05089760922292453
0.05090973084420033
0.05092012524856237
0.05093446029517782
0.05094899522779043
0.05096621093611502
0.05097953261940438
0.05099480189097266
0.05101048225667613
0.05102766565443469
0.05104818941173515
0.05107314698597255
0.05110584178093008
0.05113817440830021
0.05117648398230931
0.05121927979804627
0.05126939364089909
0.05132588709560616
0.05138944595331182
0.05146454112948867
0.05153167814263661
0.0515971282429326
0.05167683588645805
0.05174999214170347
0.05182132799645045
0.05189279000063925
0.05197245849925069
0.05207075355191274
0.05220579850502502
0.05241779397072585
0.05281106826660045
0.05334493003765853
0.05353464912603011
0.05368422180462794
0.05376796106616796
0.05384371496311498
0.05392296934264756
0.05398588486028289
0.05407957762546918
0.05414595812077939
0.05421427919518151
0.05430415641639527
0.05441225190051886
0.05456203886733069
0.05480170224132919
0.05527379374545593
0.05606423226526343
0.05734131781847392
0.0595460524346529
0.0599
0.05991020656198267
0.059930619685948
0.05994742821622683
0.05996393836510048
0.05998299373350572
0.06
0.06001020656198267
0.06002299248035899
0.06003431033947302
0.06004864866477039
0.06006224500852327
0.06007972643021204
0.06010073711723733
0.06012026880180297
0.06013980788226988
0.06015978927132632
0.06018189372964061
0.06020869573111513
0.06024396342086347
0.06029628429278587
0.06038345351006862
0.06052697649514516
0.06074802585184398
0.06106804407683211
0.06151116152830417
0.0621499975702224
0.06266224523608806
0.06310467658836634
0.06346055963186258
0.06386253307020594
0.06427956686536182
0.06472890228980985
0.06540868846264417
0.06632564457819774
0.06778798135282145
0.06960054846066595
0.0699
0.06990238169572216
0.06990714508716647
0.0699166718700551
0.06992489501246166
0.06993304134611356
0.0699414005940601
0.06995108569638857
0.06996191220312557
0.06997133883183848
0.06998075760441964
0.06999000949278139
0.0699950047463907
0.07
0.07000238169572216
0.07000484067883264
0.0700092729688225
0.07001441495930029
0.07002142761894499
0.07002933941213206
0.07004214986184026
0.07005318641193058
0.0700634460079909
0.07007361397826099
0.07008491595560469
0.07009739345874416
0.07011169181588123
0.07012847397884409
0.070145559882573
0.07016830485636016
0.07019139835892786
0.0702162519755794
0.07024958955705732
0.07029062978742755
0.07033772518227059
0.07038024293302379
0.07041870416123833
0.07045744032018973
0.07049295435597872
0.07053912224851627
0.07057621636519555
0.07061843286560837
0.07068284701412922
0.07079276358630433
0.07084154307934838
0.0708803609117809
0.07091478092527337
0.07093578025062677
0.07095313226442995
0.07097289747718608
0.07098676834281786
0.07099864425641009
0.07100973155059537
0.07102250491994118
0.0710315751676524
0.07104109798373408
0.07104976562736354
0.07105822617206292
0.07106750723440523
0.07107878567846392
0.07109392898069203
0.07110934648418336
0.07112388256454227
0.07113842606990009
0.07115340836789491
0.07117488203730418
0.07119310894806044
0.0712186114664015
0.07124244499367983
0.07126692363005532
0.07129158259900183
0.07131755418941743
0.07134238943679001
0.07136954646026777
0.07140705277734145
0.07146364467791551
0.07154100382618105
0.07163010232049832
0.07171354770496834
0.07182687477439086
0.07195807498484323
0.0721102932728295
0.07222863630011464
0.07235766530055049
0.07249188313184328
0.07261061636874455
0.07274529714136403
0.07301465868660299
0.07335762716109531
0.07374844464872103
0.07419434112987959
0.07470216717832631
0.07528749827506243
0.07597052053754294
0.07677895360120092
0.07772946922490592
0.07879309802870553
0.07990000000000001
0.07990932279914129
0.07992796839742383
0.07995085633067585
0.07997257087073535
0.07998628543536768
0.08
0.08000932279914127
0.08001804527804932
0.08003180135889852
0.0800549188739742
0.08007830106039861
0.0801038818855463
0.08013586875256803
0.08017556162164859
0.0802252373823351
0.08029769146232447
0.0804379664915326
0.08061396109202486
0.08083494041022395
0.08111227548184043
0.08143916855035627
0.0818134912869793
0.08224770872091554
0.08279166213445886
0.08350584729319355
0.08445315963421807
0.08568669140819721
0.08717754549295398
0.0883796045622317
0.08960034980037113
0.08990000000000001
0.08990508392756734
0.089915251782702
0.08993558749297133
0.08995473840746197
0.08997656315310873
0.08998828157655436
0.09
0.09000508392756733
0.09001068471123831
0.09002188627858028
0.09003779937059993
0.090051395776244
0.09006115159349794
0.09007298901705524
0.09008710880179827
0.0900994297185308
0.09011377240968912
0.09012938330214612
0.09014806498795233
0.09017050481228095
0.09019579984459462
0.09021821986861737
0.0902414051661373
0.09026747501355072
0.09029832581139875
0.09033579229713608
0.0903824632155155
0.09042109866499497
0.09045065894370699
0.09047626874078257
0.09051096268752885
0.09053714366571716
0.09055588750246979
0.09057541853303074
0.09059585015411645
0.09062075567696672
0.09064495941987338
0.09067598400832383
0.09070432783143348
0.09073529512055148
0.09077261505047354
0.0908198579511979
0.09088445816081188
0.09096906736629684
0.0910237327412281
0.09107778069878075
0.09112985775321283
0.09119766471079925
0.09129258991212766
0.0913694741683055
0.09145304730305484
0.09154723271815991
0.0916772602036917
0.09188754646128702
0.09230811897647767
0.09297179836953423
0.09392204824124102
0.09496227626912637
0.09614340730983868
0.09753891248867015
0.09926160884105706
0.0999
0.09990579147390735
0.09991737442172205
0.09994054031735145
0.09995838932316883
0.09997913374706602
0.1
0.1000057914739074
0.1000146773828545
0.1000293336364918
0.1000454517405803
0.1000679271723106
0.1000949108126482
0.1001203895161304
0.100152140608377
0.100187532832268
0.1002257003790757
0.1002628794230778
0.100311768661182
0.1003694238899947
0.1004367107930115
0.1005150371839654
0.1006083532218936
0.1007216414213356
0.1008610767754009
0.1010352404197485
0.1012565385660307
0.1014076231797616
0.1015578992374769
0.1017046597749163
0.1018478979600687
0.1019866612762861
0.1021412532067372
0.1024336306915135
0.1028984660482188
0.1036022768970355
0.1045142034250154
0.1056089115340788
0.106893834168453
0.1084434168241757
0.1099
0.1099087885287989
0.1099263655863966
0.109961519701592
0.109980759850796
0.11
0.1100087885287989
0.1100194825463681
0.1100389628290538
0.1100654009139821
0.1100943655430573
0.110126745412241
0.1101681929289795
0.1102176869905617
0.1102677901363416
0.1103211031146882
0.1103795326841018
0.1104443358819921
0.1105168046141442
0.1105978880843321
0.1106884814923822
0.1107896458338913
0.1109025515118805
0.1109429341504311
0.1109761064200697
0.1109976815703896
0.111026544413198
0.1110483174706681
0.1110736828731151
0.1111003755606032
0.1111212680758143
0.1111437195941041
0.1111710105232625
0.1112030089711971
0.1112369735306548
0.1112608053370717
0.1112957126330922
0.1113223728135403
0.1113485879167264
0.1113821671567725
0.1114477812496591
0.1115240137727191
0.1116099248602216
0.1117082194238058
0.1118196314995421
0.1118931521936406
0.111966802547011
0.1120404231676045
0.1121313036516947
0.1122060392004951
0.1122890847844582
0.1124231051817795
0.1126412450484649
0.11290428690155
0.1132054847522723
0.1134707058219987
0.1138258369337615
0.1141026642993915
0.1143715008686802
0.1147517835493425
0.1153881827203335
0.1161486087218238
0.1170308749071657
0.1180487675232514
0.1191470514287085
0.1199
0.1199131443631032
0.1199394330893096
0.1199697165446548
0.12
0.1200131443631032
0.1200313687238988
0.1200579529593718
0.1200895605882109
0.1201219770365198
0.1201562412358158
0.1201912677019202
0.120230352569476
0.1202709069272181
0.1203149870216405
0.1203641020262495
0.1204234401798416
0.1204720974911344
0.1205161458850801
0.1205629165817799
0.1206157766501688
0.1206832764454982
0.1207467372650923
0.1208108424822567
0.1208809855064382
0.1209602964697346
0.1210516245400238
0.1211578099008352
0.121259016004093
0.1213649682809261
0.1214604232407373
0.1215298294657351
0.1216091050090304
0.121693173345826
0.1217614008031628
0.1218188451569888
0.1218704278475065
0.1219218799758138
0.121976770610537
0.1220182612991478
0.122049841848819
0.1220796193905053
0.1221128875462462
0.1221458728649094
0.1221808034627784
0.1222187659315618
0.1222591986270487
0.1223063958295472
0.1223505214507626
0.1223963869224792
0.1224463287336354
0.1224995553691322
0.1225607057123041
0.122634895954563
0.1227137071631853
0.1227890320683132
0.1228649034554165
0.1229457353254681
0.1230374107506047
0.1231451888386677
0.1232523568406483
0.1233744108219583
0.1235125240353752
0.1236858398742371
0.1239330783733343
0.1243550508951653
0.1249013133338592
0.1253355439602218
0.1257596929400982
0.1261565533237799
0.1265731344806009
0.1269991282823049
0.1275137692474086
0.1282170433102385
0.1289230698963564
0.1295614501046944
0.1299
0.1299091879374398
0.1299275638123193
0.1299522200601153
0.1299756377057933
0.13
0.1300091879374398
0.1300216922933478
0.1300396893220983
0.1300633330700259
0.1300861428451051
0.1301141559549867
0.1301480864542818
0.1301841799237624
0.1302278068804371
0.1302750388336032
0.1303275174545446
0.1303880322499159
0.1304596394803262
0.1305451065083857
0.1306539184677849
0.1307945850649328
0.130988910581006
0.1312740138137096
0.1317271554575352
0.1323500521352868
0.1325665603901507
0.1328245269495529
0.1330211444148275
0.1332005422282957
0.1334142851599216
0.1335734927450961
0.133746301848542
0.133972067633913
0.1343048062325948
0.1348860310719899
0.1356923409101495
0.1369398811149826
0.1384439277482422
0.1398876009585514
0.1399
0.139910606113052
0.1399204251375467
0.1399385825151275
0.1399622813595304
0.1399927305208121
0.14
0.140010606113052
0.1400177738920743
0.140031223188619
0.1400571990211512
0.1400860635597188
0.1401201377064896
0.1401648403464558
0.1402136167739915
0.1402642803127439
0.1403190146839863
0.1403792256385779
0.1404463186821774
0.1405214937847107
0.1406010776458018
0.1406946356313302
0.14079022593384
0.1408845350966802
0.1409195346505983
0.1409895337584345
0.1410101208818375
0.1410351210111803
0.1410584608170069
0.1410784725699849
0.1410997623023949
0.1411205143181335
0.1411427356411055
0.141160395196863
0.1411742202408951
0.1411868343598398
0.1412006472204625
0.1412228739846578
0.1412392199223164
0.1412538173007899
0.1412686053820252
0.1412849591374222
0.1413061935997692
0.1413298758240251
0.141349635908279
0.1413698107747093
0.1413923608878465
0.141419725918607
0.141455658370865
0.1415103165034463
0.1415809018099752
0.1416781918731289
0.1417899620361959
0.1418706748783155
0.1419552730530478
0.1420256330921895
0.1420978509672947
0.1421703824685074
0.1422485293044526
0.1423631604278821
0.1425355840737206
0.1427834177693502
0.1430670814155113
0.1433919453830222
0.1437286842398478
0.1440642978818219
0.1444964538184159
0.1448160850612905
0.1451949697835351
0.1457477441010399
0.146569285548451
0.1475502353120566
0.1486265814486065
0.1497913252859023
0.1499
0.1499046674238567
0.1499140022715701
0.1499307439108491
0.1499479994184565
0.1499648494707317
0.1499824247353658
0.1499912123676829
0.15
0.1500046674238567
0.1500099389697308
0.1500196530922212
0.1500387556447406
0.1500571811172327
0.1500764679442732
0.1500985570432843
0.1501239448384994
0.150153789589831
0.1501890095776832
0.1502271546268617
0.1502595466303784
0.1502884097902128
0.1503168501211392
0.1503493509349743
0.1503777966223524
0.1504104718407292
0.1504399112788825
0.1504692286334156
0.1505001354072178
0.150530677028661
0.1505565020081616
0.1505778082334892
0.1505987184044959
0.1506288234483451
0.1506545941953302
0.1506762963434443
0.1506993098727847
0.1507253792079302
0.150758639117606
0.1508055606730954
0.1508490314774265
0.1508837034434197
0.1509137593836933
0.1509421654525409
0.1509735774735584
0.1509946266145736
0.151022627222946
0.1510463062766998
0.1510671552164881
0.1510876808188974
0.1511087995273695
0.1511331264603759
0.1511721578189318
0.1512037262059117
0.1512297095851683
0.151256253257182
0.1512848428888686
0.1513194487475302
0.151362599659051
0.1514214282982764
0.1515074034608581
0.1516458244248414
0.1519095935673087
0.1522568006086944
0.1526374292392063
0.153068806676191
0.1535538203623705
0.1541379462472268
0.1548325081836363
0.1556505796808853
0.1566196747696283
0.157773691806289
0.1591642639510489
0.1599
0.1599029390708718
0.1599088172126154
0.1599205734961025
0.159932542785362
0.1599496295944244
0.1599647742667568
0.1599768755942751
0.1599869331197718
0.1599934665598859
0.16
0.1600029390708718
0.1600066704938262
0.1600133705243519
0.1600205973051682
0.1600278001572465
0.1600348757331587
0.1600423576342599
0.1600518893135888
0.1600593791312566
0.1600649865424804
0.1600700756626321
0.1600750492270769
0.1600804865778775
0.1600878135752569
0.1600971779713656
0.1601038864190394
0.1601103106430085
0.1601171945015592
0.1601250458948833
0.1601349526949178
0.1601483820244793
0.1601668036850336
0.1601958509368711
0.160249409892738
0.1603111522728964
0.1603806047217247
0.1604536404710425
0.1605215935349357
0.1605858329088103
0.1606396483876084
0.1606831225283518
0.1607247672792634
0.160772556852628
0.1608197159702728
0.1608695111226994
0.1609105704585457
0.1609455593909595
0.1609782543097874
0.1610118105955817
0.1610538529235685
0.1610922001536224
0.1611307875829475
0.1611678301431974
0.1612067193280927
0.1612510323898208
0.1613033827489005
0.1613576489522049
0.1614123264467235
0.1614629208028119
0.1615029052012284
0.1615394841722136
0.1615770289747463
0.1616207010472031
0.1616747230461891
0.161729119555759
0.1617776030702485
0.161827721030772
0.1618833031674575
0.16194560602215
0.1620164554002691
0.1620964287267716
0.1621920268658101
0.1623080945566817
0.1624334992743889
0.1625710829107333
0.1627315839172224
0.1629201755929953
0.1630887989080754
0.16326247247064
0.163467617096027
0.1636968559978169
0.1639477733253241
0.1643399162461323
0.16487032021469
0.165707981707673
0.1666704880613034
0.1678094053416679
0.1691284970458126
0.1699
0.1699132777654937
0.1699398332964811
0.1699699166482406
0.17
0.1700132777654937
0.1700314966910217
0.1700570183200975
0.1700897873954783
0.1701254673981946
0.1701649081091591
0.1702121799179851
0.1702810215562928
0.1703642797837767
0.1704656826624804
0.1705871240116019
0.1707277078519711
0.1708892951167684
0.1710762847985313
0.1712928329834401
0.1715442309800741
0.1718373552390496
0.1720675868175585
0.1723133404643485
0.1724894425764587
0.1726769794278759
0.1728563792550045
0.1730535717077445
0.1732950341154855
0.1737494617107948
0.1744093855648693
0.1751956257995601
0.1761377590446045
0.1772541488236695
0.1785734286892015
0.1799
0.1799045646894676
0.1799136940684029
0.1799319528262734
0.1799491517833831
0.1799689835874354
0.1799844917937177
0.18
0.1800045646894676
0.1800112556547176
0.1800246375852176
0.1800415254447072
0.1800590351556314
0.1800814184935972
0.1801058545136564
0.1801311431622989
0.1801585053278079
0.1801800798722871
0.1801954916191494
0.1802093067925148
0.1802240020734898
0.1802395980065755
0.1802550178361588
0.1802717369621966
0.1802892486879583
0.1803081869450188
0.180328836745645
0.1803486854579942
0.1803699064383244
0.1803917534243766
0.1804085164203804
0.1804232132464996
0.1804379030670461
0.1804542171627059
0.1804704020309958
0.1804858358617473
0.1805005954990917
0.1805139210770581
0.1805266293236067
0.1805400168390157
0.1805590070820034
0.1805683857247988
0.1805777366712105
0.1805862361356912
0.180593996155084
0.1806022375587433
0.1806122934889181
0.1806244778146204
0.1806351383431228
0.1806448610987972
0.1806549766955263
0.1806661742027728
0.1806799410005964
0.1806957477540728
0.1807109474882322
0.180726631043847
0.1807436671824508
0.1807633095892154
0.1807841166212199
0.1808069281943784
0.1808303757782997
0.1808559653077041
0.1808866093293284
0.1809216745640907
0.1809588467820966
0.1809662415558917
0.180980346263598
0.1809914973830964
0.1810062572069932
0.1810170707246998
0.1810277329802349
0.1810422576319754
0.1810610647869181
0.1810857401865192
0.1811175636397409
0.1811580373781511
0.1812093525549092
0.1812486944032418
0.1812911556033715
0.1813536293312877
0.1814086315113025
0.1814748969829223
0.1815382820595547
0.1816020243958856
0.1816885690551421
0.1817883976676681
0.1819398301406323
0.1822115535448768
0.1827185069951871
0.1834269660362226
0.1842502710129882
0.1848542143817866
0.1855125001641694
0.1861241296361449
0.1866920084309014
0.1873076292029358
0.1881300339218124
0.1893635985214971
0.1899
0.1899055163654744
0.1899165490964232
0.1899386145583207
0.1899548895395858
0.1899722484498798
0.1899861242249399
0.19
0.1900055163654744
0.190012690393529
0.190026554904046
0.1900409418956848
0.1900581435668794
0.1900757320316285
0.1900928556074344
0.1901125103335301
0.1901364863155404
0.1901561990848078
0.1901956246233426
0.1902385328543085
0.1902878913296316
0.1903424128887623
0.1904029786428005
0.1904759445442654
0.1905716877236758
0.1907049571449223
0.1908284611290941
0.1909890120247261
0.1911694425330168
0.1914566994890622
0.1918857527679147
0.1927438593256197
0.1940949900381905
0.1961722201126368
0.1988197802755111
0.1999
0.1999084822538933
0.1999254467616798
0.1999593757772529
0.1999796878886265
0.2
0.2000084822538933
0.2000213055426622
0.2000392836737237
0.2000617910228317
0.2000872142380454
0.2001142834586916
0.2001434062574923
0.2001769404791104
0.2002203128277559
0.200268128948453
0.2003212019083252
0.2003836409554119
0.2004347548795576
0.2005208014867543
0.2006382214795553
0.2007566568430823
0.2009163070385727
0.2011216489673476
0.2013810844520778
0.2017955125085251
0.2023938552338034
0.2029034913099478
0.2034276682459487
0.2039466760561227
0.2045281190092662
0.2049726878996619
0.2054357720013301
0.2063619402046665
0.2075788755062125
0.2091874130359246
0.2099
0.2099057155792676
0.2099171467378028
0.2099400090548732
0.2099602796940521
0.2099813517182705
0.2099906758591353
0.21
0.2100057155792676
0.21001174344435
0.2100225129787451
0.2100416726486774
0.2100597433666028
0.2100799148124864
0.2101047772608009
0.2101339755986501
0.2101659872229829
0.2101999084711668
0.2102425342464974
0.2102821762647567
0.2103170449085256
0.2103506698339768
0.210387053386391
0.2104270669171189
0.2104608018902811
0.2104957105382554
0.2105302731036651
0.2105669452249941
0.2106085532668325
0.2106590048310784
0.2107215443386521
0.2107943099629421
0.2108749863308058
0.2108972081369188
0.210922847710785
0.2109420312346036
0.2109604165423277
0.2109813507272555
0.2110054672510253
0.2110246447206865
0.2110444207584153
0.2110676415420808
0.2110921952363566
0.2111190962889689
0.2111409238404119
0.2111622505769851
0.211188533382555
0.2112101106556815
0.2112341318469175
0.2112733261603395
0.2113305001325219
0.2114010577733943
0.211470598549119
0.2115267991256284
0.211568215470257
0.2116022430145674
0.211637752104883
0.2116726916773859
0.2117102057121805
0.2117458831329582
0.2117845022394857
0.2118298435047921
0.2118811740417753
0.211925460682982
0.2119653178633472
0.2120051060584949
0.2120535988259587
0.2120857107027845
0.212118864350406
0.2121483892747143
0.2121757135566156
0.212203936040385
0.2122358129693884
0.2122830545161511
0.2123280837981731
0.2123641371203074
0.212400221060585
0.2124391203411483
0.2124845783207941
0.2125431865603752
0.2126206077713488
0.2127341703332462
0.2129239995734053
0.2132055018881062
0.2136001545893114
0.2140477293946256
0.2145560950382253
0.2151411324329122
0.2158193390256491
0.2166139734735815
0.2175541700276659
0.2185996347670356
0.2197383834954565
0.2199
0.2199080814278915
0.2199242442836744
0.2199491841536529
0.2199700949066494
0.2199850474533247
0.22
0.2200080814278915
0.2200189941207641
0.2200357311437365
0.2200574160983409
0.2200792089118565
0.220103762528069
0.2201332463584741
0.2201676045707322
0.220213390294026
0.2202667025090549
0.2203284473180457
0.220400193495656
0.2204835005800232
0.2205806069344429
0.2206939908251458
0.2208264344270987
0.2209811429291723
0.2211618159000889
0.2213727534370303
0.2216189547762988
0.2219062201790857
0.2222410141546518
0.2225738068978487
0.222897722977995
0.2232244860026818
0.2235803131239278
0.2240677255812979
0.2245774796399699
0.2249637207482595
0.2253419028628967
0.2257488178794835
0.2262228243753879
0.2267549750864528
0.2274503127725056
0.2284631192539532
0.2292286174132941
0.2299
0.2299069442536676
0.2299208327610027
0.2299388907037079
0.2299556503780417
0.2299777716991302
0.23
0.2300069442536676
0.2300185001873571
0.2300285165320488
0.2300485492214322
0.23006828969369
0.2300849038904512
0.2301002085322637
0.2301152014003994
0.2301322972519308
0.230146380599449
0.2301619226079968
0.2301757553851288
0.2301880110740401
0.2301985321555212
0.2302076516480063
0.2302169030178497
0.2302302019547139
0.2302422933164357
0.2302523501392074
0.2302628955504508
0.2302747294370985
0.2302894180120674
0.2303032202128214
0.23031670668191
0.2303316345706747
0.2303440487904412
0.2303593265529384
0.2303715716700048
0.2303822184356955
0.2303923705934616
0.2304023278138215
0.2304128623873448
0.2304254972803739
0.2304378527811777
0.2304517299758987
0.2304640702844748
0.2304763596291521
0.2304897163550523
0.2305050314908089
0.2305238860188122
0.2305486653533748
0.2305813551003891
0.2306302940006607
0.2307134492465985
0.2308789200839459
0.2310833405847023
0.2313523297027928
0.231747922196906
0.2324331469262503
0.2332311163709636
0.2340032404197643
0.2348418866272798
0.2357900548044801
0.2369027257791587
0.2382501826767452
0.2399
0.2399069442536676
0.2399208327610027
0.239948609775673
0.2399697743271577
0.2399848871635789
0.24
0.2400069442536676
0.2400160839553294
0.2400295773791449
0.2400528074405501
0.240073107067266
0.2400950744502888
0.2401159852585933
0.2401377900016107
0.2401657936732105
0.2402028485441077
0.2402339693424495
0.2402660130998301
0.2403014868555579
0.2403460308272708
0.2404099048974074
0.2404934908512685
0.2405900644756574
0.2407010554649212
0.2408275315422871
0.2409642325856015
0.241098010295193
0.2412238721751293
0.2413241195617756
0.2414171338666483
0.2415198505298628
0.2416111884812936
0.2416866765397447
0.2417555727041649
0.2418247581376953
0.2419065562216352
0.2419920299479095
0.2420779735879611
0.2421572534771114
0.2422397928961195
0.2423330215151395
0.2424462947958342
0.2425536136478078
0.242635193007247
0.2427099904915146
0.2427881365576116
0.2428809260995044
0.2429965352705046
0.2431034990702496
0.2432054231993877
0.2433152185990514
0.2434384580190087
0.243580430344624
0.2437471819377764
0.2439459548051068
0.2441786576070232
0.244444870329874
0.2447499762358759
0.245126313635125
0.2456185229157205
0.2463271313422203
0.2473494263643937
0.2485456198296694
0.2499
0.2499107596611402
0.2499322789834204
0.2499661394917102
0.2499830697458551
0.25
0.2500107596611401
0.2500240785266937
0.2500425945294696
0.2500695043741347
0.2500982059474324
0.2501300367157475
0.2501673082266028
0.2502114003187088
0.2502642191854892
0.2503312499496142
0.250402341109348
0.2504802824916861
0.2505705762956675
0.2506757756645361
0.2508050213930664
0.2509528567630631
0.2510999127515514
0.2512614108054099
0.2514457661941509
0.2516643727437204
0.2519289044537205
0.2521765011270903
0.2524512538741051
0.252666914969987
0.252910961893719
0.2531738315923986
0.2534696780497834
0.2539113302411305
0.2545176636566598
0.2556603669031938
0.2569913886803791
0.2586105806293664
0.2599
0.2599135695569715
0.2599407086709147
0.2599703543354573
0.26
0.2600135695569716
0.2600302794644549
0.2600495297656439
0.2600862528098997
0.2601258862128558
0.2601686519100719
0.2602174586242952
0.2602736048701684
0.2603393259224153
0.2604166995721364
0.2604908705291008
0.2605600659143594
0.2606309606759623
0.2607179585957883
0.2608217399146573
0.2608980789677328
0.2609580556790032
0.2610068721319357
0.2610471469753948
0.2610821565919617
0.2611137676079021
0.261143102445132
0.2611709849743162
0.2611984946843408
0.2612265446401137
0.261255902850128
0.2612877387084894
0.2613243763151453
0.2613734934667309
0.2614155859651005
0.2614581645878877
0.2614956888956462
0.2615295037298296
0.2615611994122847
0.2615911622885186
0.2616200649575696
0.261648930283303
0.2616793736689619
0.2617150740350297
0.2617556918920053
0.2617974802904858
0.2618328093416322
0.2618674344531917
0.2619042523517059
0.261945676081426
0.261990856736044
0.2620395598159156
0.262103349236291
0.262140317455029
0.2621773599111499
0.2622107301874111
0.2622417364894843
0.2622747763730773
0.2623148006630293
0.2623489325022004
0.2623944324415602
0.2624379201181565
0.2624816037079027
0.2625299024210737
0.2625853238951799
0.2626506468437055
0.2627321672485127
0.2628188888926109
0.2628927367405828
0.2629669892173356
0.2630477361082655
0.2631442818973864
0.2632633562682867
0.2634043080118016
0.2635776400610916
0.263800177827606
0.264104021234017
0.2645604520586773
0.2652348218030687
0.2660123748308273
0.2669115817067946
0.2679750182252502
0.2692422855531202
0.2699
0.2699033924061982
0.2699101772185947
0.2699237468433876
0.2699367461657396
0.2699505558548647
0.269964100018459
0.2699759174843426
0.2699867618722136
0.2699933809361068
0.27
0.2700033924061983
0.2700073790149035
0.2700140550330959
0.2700221723604658
0.2700320927933358
0.2700401474524539
0.270047020010845
0.2700538070968904
0.2700613378626214
0.2700725514606138
0.2700837510845518
0.2700930274528001
0.2701025999623151
0.2701132006569591
0.2701260958424713
0.2701433843867727
0.2701654189803809
0.2701820570190513
0.2701986116051161
0.2702182385430321
0.2702358730433395
0.2702656686936334
0.2703001801713238
0.2703244308971344
0.2703512123312877
0.2703788637188263
0.2704106247896754
0.2704507019924901
0.2705034729988676
0.2705705766882309
0.2706559124896866
0.270758953413181
0.2708886427326824
0.2710654579263316
0.2713507435728596
0.2719088274415049
0.272826296630513
0.274465017320799
0.2771403834926908
0.2799
0.2799038559127732
0.2799115677383195
0.2799269913894123
0.2799403022268694
0.2799523393366258
0.2799659035261339
0.2799827836903229
0.2799913918451614
0.28
0.2800038559127732
0.2800086374367841
0.2800176076464397
0.2800297409964672
0.2800419363656359
0.2800569227904467
0.2800721367926206
0.2800899883468311
0.2801095110450171
0.2801358734661476
0.2801668318445578
0.2801997122986722
0.2802334921318191
0.2802787403241321
0.2803300801400516
0.2803815303972241
0.280438303964832
0.2805031339106374
0.2805798889923513
0.2806535609539708
0.2807089667799745
0.2807528086366473
0.2807902334941073
0.2808243110758414
0.2808582424705509
0.2808961136329745
0.280954375273711
0.2809976074440385
0.2810289920394045
0.2810559198795443
0.2810791502494437
0.2811003020362596
0.2811209813948388
0.2811428981125854
0.2811703028176079
0.2811947191809914
0.2812203061627393
0.2812441412846614
0.2812682237801274
0.2812945466828028
0.2813247322410295
0.281361832802552
0.2814047224501822
0.2814509975666163
0.2814938394751412
0.2815342594427488
0.2815806107167995
0.2816241907958372
0.281665282082828
0.2817070279909786
0.2817514706941947
0.2818022446951475
0.2818684501183156
0.2819447998036582
0.2820140267694842
0.2820775222579541
0.2821422598336099
0.2822120991436172
0.2822938994543238
0.2823912077983968
0.2825152211253677
0.2826812569124255
0.2829117105335072
0.2831358815593722
0.2833626887025947
0.2836265340822564
0.2839667887204471
0.2842558151771883
0.2845147657554137
0.2847894564043015
0.285051729295642
0.2852885014627679
0.2855404533806123
0.2858487954709045
0.2862778885315265
0.2866211226730209
0.286960704049493
0.2873553725676296
0.2876957221635105
0.2881473326217884
0.2886867560803826
0.2894778201079692
0.2899
0.289911158967691
0.289933476903073
0.2899667384515365
0.29
0.290011158967691
0.2900259658064091
0.2900478384599074
0.2900811593360872
0.2901228027737074
0.2901689969579312
0.2902094591806053
0.2902586941673019
0.2903110079739886
0.2903690090055757
0.2904300236596725
0.2904965165442578
0.2905711869893267
0.2906580643863639
0.2907282807472995
0.2907949752829309
0.2908682965341378
0.2909543588243703
0.2910624551173313
0.2911579019576948
0.2912579469310903
0.2913693017339304
0.291497943578222
0.2916510869426084
0.2918245842101312
0.2920238460963216
0.2922704026693076
0.2925952778119968
0.293063683900057
0.2938441307358369
0.2946150684948774
0.2952778897675962
0.2961220633968587
0.2968095537765668
0.2974672723089585
0.2982288327978119
0.2992516405830489
0.2999
0.2999088637160393
0.2999265911481179
0.2999620460122752
0.2999810230061376
0.3
0.3000088637160393
0.3000216862280916
0.3000360251245588
0.3000587163116967
0.3000840253482873
0.3001100980622248
0.300138335012256
0.3001725675174808
0.3002155450648102
0.3002551822159414
0.3002911926767408
0.3003289611212628
0.3003629497406078
0.3004033087618497
0.3004442788901787
0.3004896842034639
0.3005303294574077
0.3005708107132687
0.3006146018269494
0.3006645672347472
0.300721430260815
0.3007689079252611
0.3008049671002653
0.300837536164543
0.300877149611696
0.3009229424581056
0.3009575119909807
0.3009927067032438
0.3010320634383235
0.3010818847498915
0.3011436538057832
0.3011952338358649
0.3012394083749261
0.3012813011485623
0.3013265550400711
0.3013568165684042
0.3013975353179074
0.3014314557894363
0.3014612729623117
0.3014909990838444
0.3015224104879114
0.3015608786468561
0.3015988050459487
0.3016408056158146
0.3016792388513744
0.3017183180654686
0.3017613014779057
0.301812652181388
0.3018754316513833
0.3019596183096926
0.3020802742040681
0.3022589156363204
0.3025278111212995
0.3029667865388106
0.303464398767298
0.3040248020680419
0.30466801258121
0.3054117038044593
0.3062869125532404
0.3073303419583885
0.3085676833323349
0.3099
0.3099028526798079
0.3099085580394236
0.3099199687586551
0.3099324793959626
0.3099443264689349
0.3099582936884803
0.3099716456325624
0.3099845923332627
0.3099922961666314
0.3099961480833157
0.31
0.3100028526798079
0.3100053847132608
0.3100104487801668
0.3100196629261214
0.3100302331607512
0.3100393800724153
0.3100485401879274
0.3100589578314275
0.310074537513529
0.3100890183746157
0.3101017140548992
0.3101152396212365
0.3101310462201761
0.3101506628028295
0.3101772029226544
0.310206824860736
0.3102487957548404
0.3102866856677677
0.3103210131822323
0.3103558760675805
0.3103973135679324
0.3104319172848437
0.3104685977334651
0.3105024838550437
0.310535856836098
0.3105702009423245
0.3106028771812723
0.3106301234208661
0.3106529678904171
0.3106753187981603
0.3107046858435194
0.3107352981434114
0.3107591770511561
0.3107832423689292
0.3108095763329198
0.3108415664018608
0.3108821221149696
0.3109394846098421
0.310987287236592
0.31102618378086
0.3110616632315284
0.3110976958286886
0.3111338003557743
0.3111719286276893
0.3112007303514978
0.31122611012193
0.3112510291950177
0.3112775501034032
0.3113113723071538
0.3113434899311858
0.3113770493559996
0.3114089349320321
0.3114421084228872
0.3114793472415031
0.3115247165540903
0.311581601808308
0.3116598580782193
0.3117766766671569
0.3119746790395752
0.3123385020063328
0.3127404421181821
0.3131812067806442
0.3136773017765346
0.3142377269804966
0.3148825350489922
0.3156331119307801
0.3165138856478
0.317556336622471
0.3188117118864252
0.3199
0.319907311583041
0.319921934749123
0.3199399348349939
0.3199577260784963
0.3199759930082318
0.3199879965041159
0.32
0.320007311583041
0.3200169622599568
0.3200294531526611
0.3200483855868422
0.3200661466569275
0.3200860774186032
0.3201088030400461
0.3201316943704584
0.3201536533042842
0.3201756688515947
0.3201943967706096
0.3202114875219769
0.3202314712005548
0.3202495693746755
0.3202795964588523
0.3203145638697595
0.3203397287560106
0.3203636301418303
0.3203973370537507
0.3204312622067904
0.3204734175415703
0.3205322788539649
0.3206039712251749
0.3206951971005166
0.3208076570199502
0.320949874960173
0.3211237499601203
0.3213216180934729
0.3215458893752757
0.3218175026563127
0.322155671057706
0.3226172717456421
0.3233505142785148
0.3248169993442602
0.3274039444937989
0.3299
0.3299024001593675
0.3299072004781026
0.3299168011155727
0.3299276172662581
0.3299402903622004
0.3299532558175511
0.3299639468235477
0.3299731066642041
0.3299814855172607
0.3299897701159538
0.3299948850579769
0.33
0.3300024001593675
0.3300052095751361
0.33000982032441
0.3300150290152853
0.3300226746746412
0.3300283452303965
0.3300328975539372
0.3300372617623031
0.3300417835527718
0.3300474258528277
0.3300529964571078
0.3300590444594396
0.3300647682060404
0.3300707337354323
0.3300774390579022
0.3300855950547542
0.3300958669521736
0.3301100294251522
0.3301275876566146
0.3301545849164166
0.3301864988337759
0.3302324463874036
0.3302659693986761
0.3302994389967811
0.3303377505043739
0.3303849339513152
0.3304538802071509
0.3305535833098835
0.3306657716732816
0.3307917253711805
0.3309343469739295
0.3311018333578063
0.3313074316190805
0.33159154408367
0.3320122011020244
0.3328320435878048
0.3341684732010226
0.3362991352051369
0.3399
0.3399098211638282
0.3399294634914847
0.3399488969251614
0.3399702714474288
0.3399851357237144
0.34
0.3400098211638283
0.3400213418174983
0.340032776597864
0.3400520038242664
0.3400716270797802
0.3400925471498658
0.3401119682928603
0.3401454029651743
0.3401848951313659
0.3402185638104528
0.3402571649824003
0.3402916999244182
0.3403318563061364
0.3403776269765479
0.3404303228984218
0.3404929969872019
0.3405711152372947
0.3406766295071585
0.3408246866050916
0.3410172268186095
0.3412754786600103
0.3416692250297643
0.3423330567333401
0.3436607201404919
0.3458995467589168
0.3490243348675592
0.3499
0.3499028831961631
0.3499086495884893
0.3499201823731417
0.3499321299574698
0.349944154010585
0.349959688215038
0.3499774134475696
0.3499887067237848
0.3499943533618924
0.35
0.3500028831961631
0.3500059274093227
0.350012015835642
0.3500231603603817
0.3500354512621973
0.3500483743094695
0.3500630984006129
0.3500762651889396
0.350089377143645
0.3501045782762477
0.3501286279718803
0.350149314799919
0.3501678709810572
0.3501880041395172
0.3502118352805242
0.3502421895807609
0.350274462075552
0.3503049372425241
0.3503354916267043
0.3503704005024747
0.3504023930667849
0.3504382870922464
0.3504700901374426
0.3505011138373906
0.350533348704775
0.3505651021801482
0.3505917577898715
0.3506132044389705
0.3506333677443998
0.3506585676402564
0.3506876267918259
0.3507094549140837
0.3507312993451352
0.3507553390411168
0.3507847399122762
0.35082267051293
0.350871323010779
0.3509108502373138
0.3509435916205765
0.3509738667874652
0.3510052867299472
0.3510333372778812
0.3510655616847107
0.3510906955512829
0.3511127177499871
0.3511342346274346
0.3511566460086855
0.3511836141328112
0.351211482832462
0.3512420869491517
0.3512695847202836
0.3512974422439888
0.3513280094424864
0.3513645509624193
0.3514094038324749
0.3514698651340847
0.3515572269532044
0.3516980526030168
0.3519672710729748
0.3522939354409388
0.3526553666022209
0.3530634626988322
0.3535265243553143
0.354059132383727
0.3546783284714089
0.3554031456161653
0.3562564063724129
0.3572678779327594
0.358488087062638
0.3599
0.3599064704700458
0.3599194114101373
0.3599452932903203
0.3599651154977783
0.3599816361929708
0.3599908180964854
0.36
0.3600064704700457
0.360014629584033
0.3600260150486392
0.360040174462235
0.3600555956224121
0.3600731739472925
0.3600950119097809
0.360114221668691
0.3601349569308361
0.3601603505480104
0.3601939093821427
0.3602486105841344
0.3603125003490314
0.3603858919680844
0.3604710483222621
0.3605702064383764
0.360687450293428
0.3608248582687764
0.360981090336955
0.361156928897801
0.3613582302244939
0.3615916047558638
0.3618657612658389
0.3621988860410854
0.3626533581460227
0.3633142011724846
0.3645340701837179
0.3669738082061845
0.3699
0.3699059993530768
0.3699179980592305
0.3699419954715378
0.3699643027218868
0.3699841515807123
0.37
0.3700059993530768
0.3700137664718707
0.3700288317968595
0.3700474070329495
0.3700661210936357
0.3700874079245154
0.3701137830586252
0.3701394498054431
0.370167722615376
0.3701974990300643
0.3702235035493951
0.370247180955051
0.370270286621319
0.3702950346435218
0.3703291110303127
0.3703617729878882
0.3703853706632988
0.3704059160406789
0.3704241432634247
0.370440316204426
0.3704553541930287
0.370470232570075
0.3704866174747174
0.3705113629727484
0.3705318614252047
0.3705482611528413
0.3705647049205235
0.3705822598497073
0.3706027008625813
0.3706285990564293
0.370653984006283
0.3706788032938373
0.3707057054320868
0.370735698754914
0.3707576946605272
0.3707741229091136
0.3707889194273885
0.3708037952329712
0.3708218371209657
0.3708356658773695
0.3708490506526149
0.3708623225848369
0.3708790883981287
0.3708964976544664
0.3709194142995166
0.3709430608294906
0.370963531213263
0.3709854723002479
0.3710107373492544
0.3710375416878619
0.3710826199873467
0.3711276293874265
0.3711717934728767
0.3712185825797576
0.3712694728321769
0.3713283158044843
0.3713968027042518
0.3714824975598487
0.3715953726319381
0.3717244857529752
0.3719002959104203
0.3721624727273483
0.3725466120277153
0.3729871214414085
0.3734910947471191
0.3740741089486364
0.3747538235486007
0.3755583082834565
0.3765264577507654
0.3776895868247373
0.3790503197575832
0.3799
0.3799052753465522
0.3799158260396566
0.3799369274258654
0.3799549081380678
0.3799726540589691
0.3799863270294845
0.38
0.3800052753465522
0.3800133617573571
0.3800248448095646
0.3800478109139796
0.3800668383543571
0.3800866194432011
0.3801098118214348
0.3801353110596347
0.3801667292741358
0.3802039154665567
0.3802476073733303
0.3802988391820138
0.3803474223390542
0.3804064698775069
0.3804834072258594
0.3805446226869761
0.3806439927835946
0.3807576798180551
0.3808979468204964
0.3810187623826737
0.3812017296277742
0.3814129726076908
0.3816545071339106
0.3819322810602118
0.3822496067387244
0.3826122331968022
0.383024120403852
0.383498555829537
0.3840347763331964
0.384673793547186
0.3854368125565434
0.3863997021670544
0.3877241049876295
0.3896120816951785
0.3899
0.3899039639996711
0.3899118919990133
0.3899277479976978
0.3899415313122708
0.3899614920074003
0.3899803749823559
0.389990187491178
0.39
0.3900039639996711
0.3900092921091686
0.39001679822665
0.3900252759194013
0.3900342697173663
0.39004432298401
0.3900534182026887
0.3900620626482819
0.3900715411046569
0.3900820646752323
0.3900904542440412
0.3900971478932254
0.3901033293254634
0.3901095026917364
0.390116437361092
0.3901265129053028
0.3901367470670783
0.3901448138673769
0.3901528406611603
0.3901614602150655
0.3901716941681844
0.390184321806364
0.3901982149123376
0.3902098896558845
0.3902206515333131
0.3902316883296164
0.3902446588136992
0.3902571192886898
0.3902667713833273
0.390275534215495
0.390284266716307
0.3902939389102015
0.3903059019083734
0.3903197690376971
0.390337564422452
0.3903503454614106
0.3903650139782547
0.3903800158621263
0.3903961076333587
0.3904149873112168
0.3904379613123759
0.3904667218108937
0.3904991339846627
0.390535184008114
0.390577296779594
0.3906271677935163
0.3906898437797152
0.3907558103514091
0.390833203795129
0.3909339661125346
0.3910794354141476
0.3913426438601268
0.3917664203839558
0.3923148344570204
0.3930282939846495
0.3939979987125902
0.3954310548914606
0.3979194005015276
0.3999
0.3999062185248034
0.3999186555744103
0.3999338624436514
0.3999491725705017
0.399964266005226
0.3999788123218566
0.3999894061609283
0.4
0.4000062185248034
0.4000134147220989
0.4000213156843044
0.4000306894447586
0.400045147561911
0.4000611884258176
0.4000734155489684
0.4000846531593006
0.4000956832725125
0.4001069477248281
0.400119581890285
0.4001354431998099
0.4001635410987862
0.4001868626152429
0.4002078175178752
0.4002296184669592
0.400251859603461
0.4002760307200562
0.400302339116586
0.4003339577655722
0.4003708053951259
0.4004123164660005
0.4004649896463813
0.400526725643808
0.4006008684228269
0.4006925781399767
0.4008109674631855
0.4009744114956847
0.4012245827707347
0.4016747301029515
0.4020927414056973
0.402409536221994
0.4027539650624988
0.4031523407361398
0.4034671702344491
0.4038086618275782
0.4042772386901718
0.4048132015652312
0.4053528210070994
0.4059266261508424
0.4066060869335928
0.4075242080641848
0.4089138319985999
0.4099
0.409906336515313
0.409919009545939
0.4099328027443476
0.4099485431657632
0.4099621826637093
0.4099748294741969
0.4099877795476985
0.41
0.410006336515313
0.4100153171314664
0.4100233883911674
0.4100342778556244
0.4100452470387985
0.4100552307400229
0.4100653683853465
0.4100766073664132
0.4100913490031808
0.4101056696169556
0.4101200014983986
0.4101337279170987
0.4101479205842594
0.4101636127646889
0.4101819064671167
0.4102040141579435
0.410230918502396
0.4102679312391008
0.4103033874153337
0.410359316213643
0.4104342686588018
0.4105287017630949
0.4106568401058786
0.4108515526217195
0.4111677346942759
0.4115698746526931
0.412064016551595
0.4126778493673247
0.4134458921209485
0.4144157604064941
0.4151856747558593
0.4155512375514633
0.4161915022382194
0.4168386416430815
0.4177100705729573
0.4188586172143567
0.4199
0.4199102348936891
0.4199307046810674
0.4199716442558238
0.42
0.4200102348936891
0.4200248055515468
0.4200419584092038
0.420073001797245
0.4201046894479492
0.4201354938951873
0.4201730570231417
0.4202164213956169
0.4202621922463169
0.4203117054876548
0.4203748479597479
0.4204548257291039
0.4205488188133412
0.4206587389174631
0.4207868960477316
0.4209363468069731
0.421111062559379
0.4213109406021667
0.4215041706275331
0.4216880337605564
0.4218662489262395
0.4220478872049007
0.4222573658023475
0.4225730847939513
0.4228041212222563
0.4230028022622989
0.4232090185833324
0.4234358348719237
0.4236737665649624
0.4239046686639824
0.4241573473726276
0.4244993074596387
0.424951597055322
0.4252969357329806
0.4256467269928039
0.4260419635368702
0.4265320577519785
0.4270456520070513
0.4275901942123365
0.4281355890810465
0.4287142928013487
0.4294751261616182
0.4299
0.4299182276178971
0.4299546828536913
0.4299777266121567
0.43
0.4300109367889997
0.4300266816243836
0.4300447915658475
0.4300640916702176
0.4300842445525855
0.4301029236529534
0.4301223238814412
0.4301452092872155
0.4301810773412672
0.4302104756946779
0.43023860941057
0.4302675625290248
0.4302992698824931
0.4303379873780879
0.4303911109129994
0.4304803026976624
0.4306586862669882
0.4308896894192735
0.4312154743049537
0.4314640931548292
0.4316810928024306
0.4319196486727536
0.4321564444257369
0.4323891621401665
0.4326827115974823
0.4330245174006764
0.4333572918165228
0.4337037443315241
0.4340916595315069
0.4345527347668404
0.435131531418628
0.435899932327004
0.4368598653777441
0.4381115437722544
0.4398529668948913
0.4399
0.4399229052185129
0.4399534038789147
0.4399852516420164
0.44
0.4400107539920284
0.4400274270715671
0.4400440909878358
0.440066762014258
0.4400896203981077
0.4401102686387017
0.4401320260390721
0.4401574213893434
0.4401943268030459
0.4402432448001369
0.4402825937450205
0.4403230128223697
0.4403665104047764
0.4404170279187198
0.4404755582953122
0.4405423716031796
0.4406189916034907
0.4407066611771702
0.4408028963253766
0.4409239521287319
0.4410635993500039
0.4412273316251646
0.4414502867526646
0.4416598436021176
0.4418228478999804
0.4419811681536089
0.4421489003982234
0.4423418596218344
0.4425843303703392
0.4429112050666738
0.44326436087138
0.4436552421397844
0.4441285493505353
0.4447707959916122
0.4453393938414624
0.4457642411158811
0.4461373694215487
0.4465842142024959
0.4469463711472917
0.4472115620668385
0.4474732947143271
0.4477939442050566
0.4481441210225567
0.4485007238370544
0.4488567611211133
0.4492503114196875
0.4497300999809798
0.4499
0.4499126022215261
0.4499378066645783
0.4499621258547475
0.4499810629273738
0.45
0.4500126022215261
0.450024346868277
0.4500387770315231
0.4500580506600052
0.4500773296183445
0.4500965012627449
0.4501180149936341
0.4501427151811448
0.4501691689936522
0.450196057039516
0.4502174949153644
0.4502364567091838
0.4502555907925527
0.4502775603050151
0.4503147521200921
0.4503443652153207
0.4503699525270496
0.4503970883297481
0.4504273856432848
0.4504652749044259
0.4505166516521449
0.4505939725470078
0.4507122102648173
0.4509401040935178
0.4512845519580924
0.4518812777865276
0.4526400353884676
0.4535637092101739
0.4547133974893193
0.4561842062886903
0.4580804924161156
0.4599
0.4599078866470707
0.459923659941212
0.4599433396428556
0.4599621252737057
0.459983588209689
0.46
0.4600078866470707
0.4600186990482429
0.4600348067800756
0.4600551528763383
0.4600738471026036
0.4600916905178864
0.4601117113891823
0.4601387349047819
0.4601680307565347
0.4601939224697467
0.4602224003540822
0.4602556902895358
0.4603005962753272
0.4603472056735913
0.4603893574138708
0.4604297056585878
0.4604716542066685
0.4605241677268329
0.4605612042984635
0.4606010555664612
0.4606351251557762
0.4606640931505902
0.4606904542598938
0.4607154476648058
0.4607412927962661
0.4607727674333658
0.4608002933232985
0.4608306499899112
0.460858888822105
0.460887585309463
0.4609193351897776
0.4609563252920298
0.4609984814153789
0.4610465199480695
0.4610941634937678
0.4611333788199392
0.4611652569167616
0.4611948524608163
0.4612251886283135
0.4612608909837944
0.4612962668283475
0.4613280702830992
0.4613600249620248
0.4613952109484523
0.4614364996078393
0.4614838473192483
0.4615370437640309
0.4615885463057672
0.4616388481063631
0.4616964715932982
0.4617612933184576
0.4618385390439086
0.4619370495105549
0.4620725791789201
0.4622479401685638
0.4625179161475935
0.4628423164570677
0.4632452393314065
0.4637469444846813
0.4643504791073855
0.4650538602283505
0.4658808820756073
0.4668692272575867
0.4680495894624513
0.4694275920200305
0.4699
0.469904785718501
0.4699143571555029
0.4699335000295069
0.469948316693618
0.4699632153366569
0.469979276160183
0.4699896380800915
0.47
0.470004785718501
0.4700104796538935
0.4700206726677714
0.4700328622651397
0.4700459540022462
0.47005836997545
0.4700699927699917
0.470081353362391
0.4700931208847253
0.4701066585907511
0.4701238947535241
0.4701404729544988
0.4701542943545494
0.4701677210107058
0.470181796693998
0.470197371927317
0.4702140678973539
0.4702289111807804
0.4702403073454773
0.4702532312832119
0.4702641235842205
0.4702720893468417
0.4702798070831427
0.4702868004629446
0.4702934582978535
0.4702995523009934
0.4703054614253292
0.4703107127527137
0.4703171833072627
0.4703235563022061
0.4703294877083505
0.4703348323814103
0.4703395102362127
0.4703435980633758
0.4703472060399791
0.4703504335572356
0.4703533680564488
0.470356083975213
0.4703586462727078
0.4703611167478028
0.4703635619474015
0.470366065867976
0.4703687575954833
0.4703718997951664
0.4703764957273599
0.4703814033668319
0.4703852079915247
0.4703888770758201
0.47039271457425
0.4703968797507752
0.4704016233505663
0.470407188073204
0.4704139136368923
0.4704200010589943
0.4704243008576838
0.4704278931153059
0.4704312183805608
0.4704345980113275
0.4704384444426194
0.4704430184969374
0.4704475797791009
0.4704517148363208
0.4704559722237644
0.4704606082605737
0.4704660352742949
0.47047208696992
0.4704777704928946
0.4704836266416674
0.470490073125807
0.4704975525964039
0.4705069683558699
0.4705190515873254
0.4705325880813352
0.4705387137541835
0.4705429687152056
0.4705462664835702
0.4705497445341491
0.4705528645834913
0.4705572258978076
0.4705605419721407
0.4705639738769619
0.4705689135446726
0.4705768614613859
0.4705896595795945
0.4706051333923452
0.4706243973551448
0.4706488288081914
0.4706789833966789
0.470720380270998
0.4707882740055699
0.4708851157022822
0.4710216094326479
0.471200860718809
0.4714345986741568
0.4717425644804572
0.4719966479753242
0.4722311758148481
0.4724281040211689
0.4726435379476625
0.4728813640827823
0.4731537497347166
0.473463935280256
0.4739767434227396
0.4749614490432978
0.4761138531690011
0.477458826659067
0.4790964575020234
0.4799
0.4799051979010116
0.4799155937030348
0.4799363853070813
0.4799546416545381
0.4799761916228196
0.48
0.4800051979010116
0.4800155937030348
0.4800329455716302
0.4800498400563496
0.4800700049794999
0.4800930956757212
0.4801231585530884
0.4801579387561929
0.4801960731817511
0.4802394088614866
0.4802901349927503
0.4803499058985449
0.480415500224728
0.4804884483462614
0.4805717229078562
0.4806713578671172
0.4808041715681205
0.4809580464937965
0.4811440134944364
0.4813676449284333
0.4816403631285585
0.4820034070650078
0.4824969759917146
0.4832292555500736
0.4838032374572125
0.4842409927790798
0.4846616201374149
0.4850649255951205
0.4855156800808362
0.4863729913072655
0.4876973810734755
0.4892719175093035
0.4899
0.4899063977013226
0.4899191931039678
0.4899447839092582
0.4899644576258592
0.4899822288129296
0.49
0.4900063977013226
0.4900165480568968
0.4900357920722274
0.490054244513204
0.4900738084347592
0.4900977567490789
0.4901244867202735
0.4901611066498163
0.4902002897219812
0.4902452128294761
0.4903015480005963
0.4903704231253477
0.4904490555093198
0.4905462564337768
0.4906609742324737
0.4907947542504608
0.4909520353786882
0.4911340577071275
0.4913419014253815
0.4915811502743513
0.4918603794460786
0.4921808097422943
0.49255575495202
0.4929895292160705
0.493494927366059
0.4939449394373542
0.4944418308929961
0.4949119376404124
0.495331818097542
0.4958437485761809
0.4968676095334588
0.4981338361599492
0.4996946602778231
0.4999
0.4999042352717048
0.4999127058151144
0.4999296469019335
0.4999439737751408
0.4999593417543284
0.4999799825585377
0.5
0.5000042352717048
0.5000126555624209
0.5000215334400614
0.5000385695664348
0.5000536293516793
0.5000698091308433
0.5000843138758597
0.5000966581677013
0.5001083590033479
0.500120967390511
0.5001396149118359
0.5001537247046681
0.5001650134588549
0.5001760734535456
0.5001867690523377
0.5001961861059769
0.500204035413799
0.5002114203065612
0.5002204461515357
0.5002319693348881
0.5002402096743017
0.5002483454157328
0.5002572923086784
0.5002680550762395
0.5002827581770792
0.5003028682986683
0.5003259782679466
0.5003432146023009
0.5003566847934915
0.5003685485567639
0.5003801328922663
0.5003943014387859
0.5004047977266457
0.5004157497125578
0.5004254814221961
0.5004343355513681
0.5004429428478732
0.5004516639088608
0.5004613232691848
0.5004747969767648
0.5004887637043437
0.5004994053639458
0.5005098080932462
0.5005209229458191
0.5005337243328074
0.5005498678790822
0.5005717040887743
0.5006015134330437
0.5006482703069357
0.5007341639916202
0.5008955702861474
0.501077328884618
0.5012815096563671
0.5015154826271321
0.5017828843804539
0.5020887580474994
0.5023708246321226
0.502594525057432
0.5027830936206251
0.5029547657680364
0.5031287670161946
0.503288090627309
0.5034644837017438
0.5035887783229887
0.5036916697350251
0.5037901530765655
0.5038930906184986
0.504025828258373
0.5041497749453608
0.5042744585427616
0.504393731888479
0.5045177840770092
0.5046561927919184
0.5048255206893153
0.5050270486268593
0.5052015746100559
0.5053700589163778
0.5055516787253592
0.5057757492801389
0.5060544620839534
0.5062856077192647
0.5065388853791337
0.5068050786416128
0.5071061848450481
0.5074612053290459
0.5079141623047364
0.5085325068211001
0.5094563716431735
0.5099
0.5099068519671238
0.5099205559013714
0.5099479637698666
0.5099700328395591
0.5099850164197796
0.5099925082098897
0.51
0.5100068519671238
0.5100133940357037
0.5100264781728634
0.5100502864980812
0.5100713273636853
0.5100935605259033
0.510119145776955
0.5101489669218201
0.5101852045412291
0.5102291335600901
0.5102805316107136
0.5103366063549527
0.5103993268306919
0.510468903274337
0.5105538815893751
0.5106590517225928
0.5107837878420515
0.5109193496085607
0.5110711043819144
0.51126026497777
0.5114764671915244
0.5117044988681773
0.5119349211375332
0.5121903204649896
0.5125045880291698
0.5129095907511348
0.5134017655474089
0.5140102450719597
0.5147222229000976
0.515586044036833
0.5166825922036121
0.5181443200817073
0.5199
0.5199087148957318
0.5199261446871952
0.5199610042701222
0.5199805021350611
0.52
0.5200087148957317
0.5200213183546885
0.5200375171675167
0.5200699147931731
0.5200951328015352
0.5201195711893222
0.5201475809699548
0.5201862378899232
0.5202343695446935
0.520273577715262
0.5203137083238755
0.5203553364467974
0.5203993810826115
0.5204534805282853
0.5205069211395917
0.5205605751072856
0.5206238133595552
0.5206913748795986
0.5207495764084398
0.520801336954194
0.5208521301830722
0.5209008502266154
0.5209427591818553
0.5209785742254389
0.5210143123028552
0.5210650459299698
0.5211103365697203
0.5211478396349758
0.521187083839715
0.5212310119464312
0.5212860010080564
0.521362811036988
0.5214311164856176
0.5214875247349918
0.521498506196173
0.5215204691185353
0.5215369399211609
0.5215494235692212
0.5215614504204832
0.5215726074819826
0.5215838365148752
0.5215924699543719
0.5215989952741285
0.5216053252242311
0.5216119887700834
0.5216197231822363
0.5216263374718312
0.5216338463875094
0.5216451110967721
0.5216641316759416
0.5216931380488321
0.5217254958705336
0.5217619015854534
0.5217997730983602
0.5218417275694476
0.521896015439349
0.5219583521071699
0.5220073847730741
0.5220551426683356
0.5221064360320895
0.5221673421116939
0.5222227296222857
0.522274042299601
0.5223262236410636
0.5223868219384075
0.5224749811930031
0.5225425812366142
0.5226029341415437
0.5226671446238973
0.5227401605135449
0.522821323364097
0.5228946263013053
0.5229525085353254
0.5230042517445268
0.5230565039042535
0.523116879831189
0.5231915188817399
0.5232687804632087
0.5233376513777697
0.5234090641285819
0.5234887328715904
0.5235786335569561
0.523680140380064
0.523800138830299
0.523941818811913
0.5241058577673713
0.5242868346739785
0.5244979864915453
0.5247469416856405
0.5250633449947466
0.5254927744910601
0.5261314597095819
0.5269571203886666
0.5279091289251621
0.529017284385292
0.5299
0.5299223481506998
0.5299670444520994
0.53
0.5300223481506998
0.5300430488077625
0.5300722074992129
0.5301240615623092
0.5301679124533608
0.5302144360648033
0.5302695586802498
0.5303369224435982
0.5304217170643819
0.5305098262027947
0.5306063527483353
0.5307215059973777
0.530870474521789
0.531086559658716
0.5313358432931939
0.5316204429701754
0.5319481030542366
0.5323247873073625
0.5327533539198275
0.5332540604155069
0.5338289155485078
0.5345202811544585
0.5353642258935875
0.5364586659864624
0.5380185836613818
0.5398999999999999
0.5399162153790263
0.5399486461370792
0.5399743230685397
0.54
0.5400162153790264
0.5400326156485709
0.5400502506149941
0.5400855205478406
0.5401298872689305
0.54017352783607
0.5402228587276859
0.5402796499370929
0.5403349616986799
0.5403849175230035
0.5404341962461904
0.5404909526017431
0.5405411639015693
0.5405964768484137
0.5406471943035951
0.5406982279509486
0.540752161221883
0.5408052286159869
0.5408501113391199
0.5408878889655604
0.5409260092686006
0.540987814124989
0.5410321525397677
0.5410709082986265
0.5411126586677055
0.5411624669560405
0.5412253044115171
0.541297806347627
0.5413584049162836
0.5414113498115328
0.5414633054468767
0.5415266904551704
0.5415679404052006
0.5416096614384536
0.5416474387117866
0.5416833247269319
0.541721981077355
0.5417699213388945
0.5418157258097633
0.5418664072786726
0.54191391354502
0.5419630053214367
0.5420179376445615
0.5420846319617973
0.5421681922531252
0.5422835162571904
0.5424160416235719
0.542547403823302
0.542686658693829
0.5428200235886558
0.5429221071755587
0.5430167834602044
0.5431190779067786
0.5432547176010293
0.5434232109781026
0.5435553011551201
0.5436882101970768
0.5438356319448185
0.544016014059236
0.5442503836539616
0.5445930430274318
0.5450532449009928
0.5456112639872288
0.5463060792883951
0.5471443038257778
0.5482064237657741
0.5496052674755934
0.5498999999999999
0.5499104935543832
0.5499314806631496
0.5499596414099168
0.5499798207049584
0.55
0.5500104935543833
0.5500217473598757
0.5500393864185231
0.550058371964308
0.5500781842995355
0.5500962566593566
0.5501151672325049
0.5501396572703291
0.5501680828548219
0.5501941155361443
0.5502212801180724
0.550251440648381
0.5502859657431056
0.5503177657850075
0.5503504067814862
0.5503894417082155
0.5504504985053997
0.5505004221205181
0.5505464905660561
0.5505985562332979
0.5506577081919
0.5507370508074555
0.5508395419452444
0.5509677276602122
0.5511142007248419
0.5512739286305213
0.5514574138854089
0.5516693153164973
0.551915921464591
0.5521652218335251
0.5524534547641348
0.5526221181337279
0.5528229594815972
0.5529895991705079
0.5531322925232718
0.5532740727802876
0.5534294458951652
0.553656917179623
0.5538699828911414
0.554041197122859
0.5542139401637999
0.5544018044080654
0.554578481352199
0.5547438717380484
0.5549212843970756
0.5551561162772252
0.5554255723841495
0.5556652478459597
0.5559079443743391
0.5561790506074308
0.5565098975226407
0.5568885961904418
0.5572441429847328
0.5576894404347932
0.5582182116404074
0.5589601901053187
0.5599
0.56
0.5602000000000003
0.560416024729331
0.5605831646150625
0.5609174443865255
0.5612997715332487
0.5617717319699137
0.5623470309788873
0.5630963796147401
0.5644923610825733
0.5667127683209663
0.569827172861018
0.5699
0.569936513851092
0.569968256925546
0.5700000000000001
0.5700365138510921
0.5700692666624039
0.5701133265002647
0.5701848607074356
0.5702612180498677
0.5703467877800115
0.5704426821049161
0.5705572244656951
0.5706877890243794
0.5708358778526904
0.5710174915729178
0.5712203279061675
0.5714571247294479
0.5717349615994188
0.5720427761788198
0.572366371367974
0.5727512116269812
0.5731838481570276
0.5737046545367537
0.5744166084891043
0.5756191349276869
0.5780241878048522
0.5799
0.58
0.5801033656652481
0.5802011134124146
0.5803147175265481
0.5804897602071996
0.5806755803211854
0.5808912266883024
0.5811455327935382
0.5814676281969408
0.5819446100335292
0.5825613807159128
0.5833329016614223
0.5842952651481617
0.5857309151110283
0.5886022150367615
0.5899
0.5899147408724793
0.589944222617438
0.59
0.5900147408724793
0.5900421482240956
0.5900723784729155
0.5901149740997641
0.5901662012598391
0.5902189873201108
0.5902795399254612
0.5903508437161967
0.5904325523502576
0.590511428844997
0.590596466942169
0.5906981785647972
0.5908157462692055
0.5909401974188215
0.5910701180117333
0.5912200187623563
0.5913893115284757
0.5915792418879843
0.5918122734864243
0.5921248425539261
0.5925094727196785
0.5929483156173332
0.5934727090461903
0.5940827395529288
0.5948237864608559
0.5957386443711234
0.5969171338952445
0.5985403311815022
0.5999
0.5999100495409522
0.5999301486228565
0.5999548946705631
0.5999781699177077
0.6
0.6000100495409522
0.600025149605016
0.6000387273161801
0.6000658827385085
0.6000955771943012
0.600128705994794
0.6001727890399877
0.60021008245467
0.6002402235563198
0.6002675336998713
0.6002949282128069
0.6003294518367661
0.6003674125250679
0.6003953022295956
0.6004215461054134
0.6004485545922942
0.6004759059748975
0.6005003183689739
0.6005204098988366
0.600539167275499
0.6005622144094123
0.600589883963376
0.600610238367144
0.6006305742265716
0.6006530368612927
0.6006803584347172
0.6007181714099419
0.6007663576293946
0.6008046532267282
0.6008358442786755
0.6008641913412097
0.6008928647130237
0.6009334395407001
0.600964294789408
0.6009868533683318
0.6010073816165609
0.6010272518771573
0.6010487131664898
0.6010767616240051
0.6011031018517966
0.601129547789588
0.6011548831017354
0.6011813097398669
0.6012109913236495
0.6012471325829971
0.6012923055176219
0.6013540132612474
0.6014447408217736
0.6015953130981052
0.6018964576507685
0.6022488300763014
0.6026387397182258
0.6030820963710918
0.6035881241210106
0.6041752818410613
0.604864113606759
0.6056770147723513
0.6066413696885351
0.6077921408845435
0.6091762364361705
0.6099
0.61
0.6100561536584395
0.6101365234260877
0.6102211680832977
0.6103286974502744
0.6104489055715817
0.6105901969165991
0.6107533863454845
0.6109874206173886
0.611302549437396
0.6118010704935803
0.6127684362130268
0.6143675114496232
0.617565661922816
0.6199
0.6199433605375736
0.62
0.6200433605375736
0.6200748809773495
0.620119743146884
0.6201939033308714
0.6202610742611316
0.6203352203691573
0.620427446444902
0.6205363842551602
0.6206520870909252
0.6207891508097817
0.6209788737185096
0.6212383195575589
0.6216284060148912
0.6223731179915687
0.6238146580155283
0.6261979365682664
0.6299
0.6299463022378448
0.63
0.6300463022378447
0.6300787306793803
0.6301253862136623
0.6302132766146771
0.6302876979058808
0.6303650791346594
0.6304592804792414
0.6305770155099485
0.6307177964700151
0.6308630063893998
0.6310300545695149
0.6312356248954945
0.6315223920270883
0.6320349268354019
0.633059996452029
0.6343913008887812
0.6370539097622854
0.6399
0.6399177012902665
0.6399531038707994
0.64
0.6400177012902665
0.6400386992454625
0.6400625175110494
0.6401002659037164
0.6401399830455068
0.6401859861994381
0.6402432343299145
0.6403009838733147
0.6403712778476831
0.6404580675334418
0.6405292053938347
0.6405888063886849
0.6406435066087782
0.6406976130573367
0.6407615254002876
0.6408025901450282
0.640851025463168
0.6408912476143827
0.6409250145393034
0.6409568103206247
0.6409886377907776
0.6410251079943444
0.641064271023209
0.6411068020166762
0.6411436513637473
0.6411804421985406
0.6412205257096399
0.6412669138202808
0.6413222850023925
0.64138702427973
0.6414423622980504
0.6414836988645941
0.6415210255358978
0.6415585578759928
0.64160178920895
0.6416744494348734
0.6417321041384636
0.6417811669764477
0.6418325204971885
0.6418889797781223
0.6419589019603944
0.6420486559796016
0.6421756599809308
0.642370400195128
0.6426227140217392
0.6429091338793659
0.6432333349797351
0.6436214750040286
0.6441127761626776
0.6447745624009362
0.6455523992800584
0.6464723971431007
0.6475528371726288
0.6488623236782602
0.6499
0.6499331704894672
0.6499665852447336
0.65
0.6500331704894672
0.650062971518868
0.6500985604710074
0.6501523806832386
0.6502213102766121
0.6502879366324766
0.6503595792067006
0.6504423184958656
0.65054409950907
0.6506491275768942
0.6507649058083733
0.6509116269397159
0.6511307821838825
0.6514038705076073
0.6517317688143446
0.6520919883999731
0.6525135357347215
0.6530048040016296
0.6536010175075102
0.6544003715558704
0.6556635589170979
0.658189933639553
0.6599
0.65995
0.66
0.6600755781943339
0.6601446428059803
0.6602244389333827
0.6603572243521535
0.6605039358283611
0.6606535317717673
0.660842004474169
0.6610498174904399
0.6613129749247917
0.6616336294134976
0.6619917494051293
0.6624062389756615
0.6628939121326516
0.6635073389415852
0.664410021176559
0.6662153856465066
0.669020912322168
0.6698999999999999
0.6699222647575386
0.6699667942726159
0.67
0.6700222647575387
0.6700447435680452
0.6700751419146413
0.670126485549322
0.6701904382411179
0.6702598501247473
0.670337963508895
0.6704304553342739
0.6705318874493432
0.6706433462636046
0.6707727125930253
0.6709307497979806
0.6711015497462579
0.6712808019181189
0.6714938527998576
0.6717302580903823
0.672013802599353
0.6723905955660456
0.6729074068511001
0.6735587898237577
0.6744110620800314
0.6755998578997388
0.6774629386644416
0.6799
0.6799479458086272
0.68
0.6800479458086273
0.6801002918866443
0.6801561968934882
0.6802529298454645
0.6803705517326464
0.6805036295182759
0.6806514747743337
0.6808359284179936
0.6810399557400129
0.6812759289796709
0.6815655719962043
0.6818768970691069
0.6822351596830702
0.6826674153404029
0.6831923643267703
0.6838470596849621
0.6846664046421869
0.6856900760748965
0.6871300848610387
0.6892075648776989
0.6899
0.6899530033061189
0.6900000000000001
0.690053003306119
0.6901043532500151
0.6901601275532231
0.6902506190628608
0.6903624127904918
0.6904781929433506
0.690608325731024
0.6907625135623087
0.690942419337542
0.6911457266436156
0.6913826225986544
0.6916771521776253
0.6920038019054744
0.6923227642556828
0.6926672261053252
0.693181552479285
0.6935920735185865
0.6939211494089809
0.6942536433184957
0.6946103412693201
0.695042211136723
0.6955832005488001
0.6961785043328974
0.6968722992225358
0.6977000534732187
0.6987118596419283
0.6998913273451018
0.6999
0.6999094753498456
0.6999176643612184
0.699934042383964
0.6999631272943098
0.6999952245460805
0.7000000000000001
0.7000095509078391
0.700016578737665
0.7000303521546417
0.7000578989885952
0.700089937985679
0.7001253981507856
0.7001693917348429
0.7002146265463597
0.7002547222457729
0.7002935528063234
0.7003401041982922
0.7003676935212014
0.700395863302193
0.7004213172439567
0.7004458538429259
0.7004739617756642
0.7005142974931223
0.7005526840672657
0.7005851030593535
0.7006185809195183
0.7006555629389152
0.7006876033152486
0.7007150242234836
0.7007418318755123
0.7007710284557133
0.7008103506107138
0.7008620383385026
0.7008998578813295
0.700936870999535
0.7009771443668433
0.7010250447187496
0.701085386082194
0.7011698949044668
0.7012796522047768
0.7014125292818669
0.7015654202590887
0.7017294610172468
0.7019102999324179
0.702121071814145
0.7023703228525945
0.7026869802434269
0.703114078258311
0.7036864012117624
0.70442091043231
0.7053005301157377
0.7063138615784493
0.707486498561283
0.708850502982705
0.7099
0.7099083198124392
0.7099249594373176
0.7099582386870744
0.7099791193435372
0.71
0.7100083198124392
0.7100180533020731
0.71003320668955
0.710052199960108
0.7100761270226321
0.7101021569203688
0.7101255427959159
0.7101499597529997
0.7101797973451949
0.7102170325011222
0.7102517135283374
0.710287441984732
0.7103296607432548
0.7103820416433789
0.710460635304018
0.7105343368625869
0.7106002132345957
0.7106653301754139
0.7107386417921387
0.7108030088264008
0.7108760284531781
0.7109411045294812
0.7110036491935208
0.7110653525051011
0.7111202490005745
0.7111664215779476
0.7112098963811881
0.7112625394018086
0.7113313139639404
0.7113797617092841
0.7114274914975832
0.7114800119764239
0.7115442865498386
0.7116283814214229
0.7117081675121465
0.7117757899703895
0.7118384451820279
0.7119049279641674
0.7119490672102841
0.7120084471994157
0.7120577112965774
0.7121014465528624
0.7121461160668581
0.7121956919256842
0.7122662871958232
0.712341656859211
0.7124007594088528
0.7124597984517297
0.7125238340826154
0.7126010071229538
0.7126976779813791
0.7128313888825476
0.7130327500438252
0.7133818432941551
0.7139906950198521
0.7146792523203748
0.7154545403512703
0.7163466665264735
0.7173817066425984
0.7186061204064368
0.7199
0.7199078536518683
0.7199235609556048
0.719954975563078
0.719977487781539
0.72
0.7200078536518683
0.7200209814098019
0.7200387079629963
0.7200626990718341
0.7200852461955819
0.7201100624862514
0.7201356598249034
0.7201615542144746
0.7201921806000993
0.7202284661916929
0.7202697066439799
0.7203078215360512
0.7203497745620331
0.7203986995624948
0.7204636641274308
0.7205632662285898
0.7206799335917738
0.7208121129501838
0.7209718509376871
0.7211436457564687
0.7213299469026567
0.7215394922933074
0.7218454136204333
0.7221998148374416
0.7226042382874162
0.7230641847670625
0.7235827634849764
0.724170933357102
0.724858201326265
0.7256803725245407
0.7266824916548942
0.727506909531256
0.7282482217522314
0.729013194948324
0.7298542167337773
0.7299
0.7299069488890557
0.7299208466671672
0.7299436592023179
0.7299708114719418
0.7299990300800578
0.73
0.7300019398398843
0.7300058195196528
0.7300135788791899
0.7300290975982642
0.7300523005768833
0.7300796530289494
0.7301105174595335
0.7301419873736388
0.7301769201713482
0.7302188062714412
0.730265235810773
0.7303161391901928
0.7303814632275336
0.7304645477102706
0.7305568649708314
0.7306665558560059
0.7307840565637633
0.7309223728009586
0.7310044248195824
0.7310944156004416
0.7311716327948795
0.7312409377762392
0.7313129472430737
0.7313974264903814
0.7314967432386486
0.7315983484628946
0.7316883397650699
0.7317803522215518
0.7318817088612839
0.7320046208993076
0.7321327594759142
0.7322526376260723
0.7323738152286384
0.7325083858020532
0.7326724157843024
0.7328826883086101
0.7330789545877004
0.7332635153530396
0.7334582303564089
0.7336809710865861
0.7339456114677958
0.7342916960138572
0.7347796208630437
0.735583260561754
0.7368710730123202
0.7383343723558149
0.7399
0.739908361473202
0.7399250844196061
0.7399585303124143
0.7399792651562072
0.7399896325781036
0.74
0.740008361473202
0.7400157359817332
0.7400304849987955
0.7400555297708417
0.7400897681988235
0.7401261621402775
0.7401692041712045
0.7402147111018621
0.7402640783902978
0.740320904150833
0.7403873067983324
0.7404641895267106
0.7405480938626179
0.7406430142089158
0.7407560392633414
0.7409099959427758
0.7410936611242819
0.7413076237924708
0.741511664044235
0.7417136672089207
0.7419686412505809
0.7421656065668538
0.7423821702894278
0.7427695558988829
0.7430548907126774
0.7433910269248675
0.743645666652241
0.7438522000596268
0.7440508470904611
0.7442636465420767
0.7445677031725179
0.7448711318293593
0.7451127144554547
0.7453564085020944
0.7456049720060115
0.7458348069443723
0.7460837565961687
0.7464173507220387
0.7467971472424533
0.747131077509558
0.7474769683924474
0.7478699071876848
0.7483543641734572
0.7488606353140024
0.7494704224942278
0.7499
0.7499213580358102
0.7499640741074305
0.75
0.7500213580358102
0.7500405921705683
0.7500696733637263
0.7501190480106761
0.7501816579757352
0.7502478745435052
0.7503224659942332
0.7504126522515162
0.7505095832263066
0.7506213183447915
0.7507540641173442
0.750907094714947
0.7510611638753371
0.751216293383595
0.7513980657241226
0.7516074278346655
0.7518637169511535
0.7521021265643313
0.7523658235623478
0.7526791238926971
0.7530198798640098
0.7534305609528038
0.7539676237689449
0.7547617348595445
0.7562694317358063
0.7592205098531115
0.7599
0.7599588481347577
0.76
0.7600588481347577
0.7601080459401728
0.7601606272136624
0.7602491106159668
0.7603610181447196
0.7604705456191425
0.7605922621303748
0.7607335223018669
0.7609068230228103
0.7610866071671953
0.761289306251613
0.7615611414832048
0.7619501788880703
0.7624407646928031
0.7630414475712697
0.7636954582745629
0.7644505330763162
0.7654166635551947
0.7668611594820003
0.7697501513356115
0.7699
0.7699123334200353
0.7699370002601058
0.7699685001300529
0.7699842500650265
0.77
0.7700123334200353
0.7700246668400705
0.7700415902496066
0.7700702117810374
0.7700969472047199
0.7701286954870967
0.7701670556854215
0.770202058366508
0.7702361176825794
0.7702749059015831
0.7703242607583608
0.7703800671376635
0.7704306592429816
0.7704861619153861
0.770554132064427
0.770642902466086
0.770767654366972
0.7709133918272055
0.7710754180757545
0.7712660069885112
0.7715022070767051
0.7718008395698479
0.7721691105173868
0.7725960887029468
0.7730922592054863
0.7736727735011801
0.7743480040733691
0.7751300521445282
0.7760381326525918
0.7771115645502358
0.7783820186539993
0.7799
0.77992501254415
0.779962506272075
0.78
0.78002501254415
0.7800520404486018
0.7800867022054951
0.7801398777999923
0.7801899051801394
0.7802444373677611
0.780308843336114
0.7803819923172122
0.7804613385198599
0.7805642231655491
0.7807186272513984
0.7809098776500072
0.7810845066465866
0.7812650457064563
0.7814695064370273
0.7817181755130456
0.7820056894280695
0.7823010564544349
0.7826076858857938
0.7829630188471987
0.7832743825551048
0.7835694628945277
0.7838759072923014
0.7841964035604184
0.7845155495699964
0.784826795818675
0.7851337093804706
0.7854307810777315
0.7857835997123184
0.7860669130154962
0.786281554091012
0.7864915986922432
0.7867378635854111
0.7870304445371914
0.7873312704449487
0.7876168430281463
0.7879245171199178
0.7882901326964687
0.7887445800463251
0.7893847097978567
0.7899
0.79
0.7901398291820831
0.7902933605209512
0.7904583161910701
0.79074136164302
0.7910725534507445
0.7914517060296635
0.79189604343636
0.7924784802422953
0.793151491398829
0.7939418379643762
0.7949299346340142
0.7964073425057222
0.7993621582491383
0.7998999999999999
0.7999124291778298
0.7999372875334895
0.7999686437667448
0.8
0.8000124291778299
0.8000277859128926
0.8000511731918657
0.8000852203359636
0.8001262579125309
0.8001707769649814
0.8002204828813962
0.8002747987311335
0.8003368872977243
0.8004118736223083
0.8004901677454507
0.8005744956247316
0.800666691222745
0.8007842992977912
0.8009477849821749
0.8010926432024664
0.8012366984043099
0.8013950013025597
0.8015620341894971
0.8017679673610241
0.8018920724381641
0.8020278504778229
0.802142933709597
0.8022421259688903
0.8023391759209851
0.8024423806830284
0.8025770225249241
0.802747127939006
0.8028682965442305
0.8029836963833733
0.803107272540415
0.8032485109894748
0.8033794183570512
0.8034947086648988
0.8036103831233652
0.8037446233919601
0.8039241126829629
0.804099441717583
0.8042583873911042
0.8044293674621064
0.8046240732866985
0.8048620398997693
0.8051368573503395
0.8054278480231188
0.8057609269970605
0.8061487061002675
0.8066304384540619
0.8072704970156518
0.8082050491772872
0.8096004536468826
0.8099
0.8099078890341397
0.8099236671024191
0.8099552232389781
0.8099800077202718
0.81
0.8100078890341398
0.8100171828054291
0.8100318246914687
0.8100500927997777
0.8100728189164588
0.8100983523506825
0.8101209202347432
0.8101441571501286
0.8101731360439558
0.8102093385413206
0.8102428702462665
0.8102769265820605
0.8103168380435218
0.8103655729711331
0.810439039850332
0.8105291568977817
0.8106199290967745
0.8107216916195477
0.8108548500704799
0.8109640358028766
0.8110566248879681
0.8111490470396326
0.8112407713480707
0.8113237812030794
0.8113938078602447
0.8114593121036129
0.8115381984582862
0.8116409065375503
0.8117131243856246
0.8117843681535766
0.8118628365980829
0.8119595099688763
0.8120671937086436
0.8121616817906113
0.8122503647393903
0.8123484533242676
0.8124129517247631
0.8124896740354799
0.8125560647881769
0.8126174597142518
0.8126828188199398
0.8127620756041916
0.8128458344021435
0.8129362942357934
0.8130197211901075
0.8131062222517533
0.8132031219621507
0.8133214405024841
0.8134714259863385
0.81368189817897
0.8140051005169757
0.8145803132312206
0.8153782875035547
0.8163085330252031
0.8171631767480357
0.8179303999341061
0.8187981338432908
0.8198647027623673
0.8199
0.8199459051126142
0.8199729525563071
0.8200000000000001
0.820054094887386
0.8200934083847318
0.8201493899576577
0.8202387110548276
0.8203295323592458
0.8204411776659297
0.8205673677983304
0.8207305822966536
0.8209315765974916
0.8211718872099115
0.8214253089779365
0.8217152559375568
0.8220806163108051
0.8225396126089201
0.8229771891343919
0.8234783759978596
0.8241260307233234
0.8251299718088099
0.826827955130244
0.8289502210176808
0.8299
0.8299130775288989
0.8299392325866967
0.8299696162933483
0.8300000000000001
0.830013077528899
0.8300282504776066
0.8300524593461016
0.8300875586653919
0.8301278632616331
0.8301744344825656
0.8302230177108275
0.830276892194734
0.8303412897876788
0.8304131912220929
0.8304927604622313
0.830583458142591
0.8306802436340439
0.8307853039972569
0.8309146186494737
0.8310936666969889
0.8312659622641893
0.8314281934625297
0.8316073699230632
0.8318233151518515
0.8320518399391091
0.8323257541493108
0.8325756351224863
0.8328198786372983
0.8330861675565591
0.8333575234603023
0.8335914413040338
0.8338092119873661
0.834032364487254
0.8342974772420544
0.8346560576913433
0.8349428702983707
0.8352028681920394
0.8354777556492181
0.835735763195887
0.8359970663106354
0.8363157659725984
0.8367068962781061
0.8370924894576638
0.8374646816680698
0.8378752310210271
0.8383665186779481
0.8389453664906996
0.839533274575901
0.8399
0.84
0.8401516028277906
0.8402925736091189
0.8404567452505598
0.8407432848030854
0.8410586355737554
0.8414376942384345
0.8420026767161444
0.8426538242545036
0.843466357836739
0.8443986941071558
0.8455338722762279
0.8468909347817776
0.8485394609089228
0.8499
0.84995
0.85
0.850073992283549
0.8501387671784195
0.8502194532035782
0.8503365896863947
0.850462999073495
0.8506121540299929
0.850786415090969
0.851007155122842
0.8513280287778604
0.8517061852920677
0.8520883397428924
0.8525284856160907
0.8530237932650943
0.8536020462383251
0.8542472963958417
0.8549567776645666
0.8557960148309007
0.8568300819617897
0.858300825202117
0.8599
0.86
0.860134517692789
0.8602382248630077
0.8603702981935553
0.8606176859576103
0.8608739856070917
0.8611383472639503
0.8614912726555187
0.861890765903822
0.8623744152369921
0.8631003892268131
0.864004944356307
0.8650533573082047
0.8663532609695742
0.8681569266021726
0.8699
0.8699089836042841
0.8699269508128524
0.869962885229989
0.8699814426149945
0.87
0.8700089836042841
0.8700182459319954
0.8700340576558857
0.8700541254172478
0.8700799884660105
0.8701050079972131
0.8701294142925046
0.8701574608773069
0.8701907498258857
0.8702295696473491
0.8702660934779003
0.8703073799504565
0.8703566240425459
0.8704283089556297
0.8705199028180048
0.8706237691607711
0.8707181187055739
0.8708081685245366
0.8709053626856662
0.8710551477268109
0.8711677982618922
0.8712572049238225
0.8713442080295067
0.8714259880097518
0.8714973525878644
0.8715610652666163
0.8716279550742057
0.8717025970081698
0.8717793959474884
0.8718474869789082
0.8719185355708668
0.8719987436705936
0.872098150437267
0.8722075567711398
0.8723025086264146
0.8723906437735169
0.8724862623829378
0.872545079191207
0.8726235360132032
0.872690701478313
0.8727516565720549
0.8728157899429315
0.8728910335998107
0.8729807666411447
0.8730745643547583
0.8731575917847874
0.873242994449075
0.8733377932278139
0.8734532326552253
0.8735995847129883
0.8738051359980801
0.8741207076526502
0.8746796665875698
0.8755079095238457
0.8764570515337291
0.8772166992085058
0.8779857151267677
0.8788557354837546
0.8799
0.88
0.880116520296799
0.8802226336915899
0.8803400384442959
0.8805611367939841
0.8807838154744649
0.881051640022658
0.8813918548539488
0.8817719093193541
0.8822191821496114
0.8827314112731218
0.883358030162632
0.8841664032159764
0.8850115970389559
0.8860106296665812
0.8873187852595585
0.8893187244764464
0.8899
0.8899462408318944
0.89
0.8900462408318944
0.8900932910313132
0.8901587809414
0.8902437889657756
0.890334154490715
0.8904441506054505
0.8905725082800124
0.8907540847581655
0.8909902645474477
0.8912517486102615
0.8915440474897428
0.8919110737726904
0.8923823953161145
0.8929099800379503
0.8935113293186729
0.8942077459388551
0.8950241000908943
0.8959943146119986
0.8971576123407486
0.8985103781930479
0.8999
0.9
0.9001098172407118
0.9001964454862468
0.9003115659356523
0.9005185727297398
0.9007231252504562
0.900951895566894
0.9012380612348697
0.9016091207778895
0.9020083512873567
0.9025175265113494
0.903309445400222
0.9041102978719583
0.9048811634063484
0.9057150603886657
0.9068237272153947
0.9079250534102757
0.9090732772810879
0.9099
0.9099166140673215
0.9099498422019644
0.91
0.9100166140673215
0.9100422016090733
0.9100711279480871
0.9101076870623425
0.9101475250721012
0.9101901527334217
0.9102430974254998
0.9102973799831223
0.910361797702858
0.9104343579960288
0.9105323309429609
0.9106567185009947
0.9107625830031966
0.9108737162237652
0.911002908922597
0.9111729207928857
0.911441891116049
0.9118572999345648
0.9123909214302082
0.9131632249135379
0.9143296858670513
0.9156757665389896
0.9172438046404067
0.9191271632835626
0.9199
0.91995
0.92
0.920066789631382
0.9201202497933479
0.9201954996773317
0.9203327824320835
0.9204621080947768
0.9206132858845342
0.920818548280253
0.9210323296344185
0.9213072940293362
0.9217620997730036
0.9225729324663903
0.9235572483362243
0.9246715793035406
0.9259286364740642
0.9273473035487241
0.9291610731613557
0.9299
0.93
0.9301957834238285
0.9304097568734023
0.9306028685211564
0.9309890918166644
0.9314974401439248
0.9321098007109445
0.9330350747715459
0.9341854002731538
0.9357393688306859
0.9376765947461789
0.9399
0.9399110568386173
0.939933170515852
0.939966585257926
0.9400000000000001
0.9400110568386174
0.94002974308875
0.9400512927812796
0.9400791934364264
0.9401097436405963
0.9401426158413531
0.940180785370505
0.9402216662148585
0.940272524916569
0.9403385877532582
0.9403999808423923
0.9404659707317795
0.9405474213439126
0.9406603989559823
0.9407458374812713
0.9408113559284419
0.9408680206240938
0.940916603511554
0.940962567377808
0.9410151642456464
0.9410839428988672
0.9411416216431465
0.9411946070486292
0.9412507669390627
0.9413165255857552
0.9413957336214963
0.9414836461463854
0.9415596059026454
0.9416371718061046
0.9417232353109849
0.9418278199600502
0.9419620497988108
0.9421491787521151
0.9424324857449945
0.9429400367326419
0.9439551387079368
0.9455448924261346
0.9472197343991416
0.948925327620798
0.9499
0.9499060261749463
0.9499180785248391
0.9499421832246246
0.949962631903869
0.949978149988905
0.9499890749944525
0.9500000000000001
0.9500060261749464
0.950013808033773
0.9500237373188449
0.9500371616739072
0.9500491889141787
0.9500625919057594
0.9500797658749907
0.9500980079988944
0.9501143731927839
0.9501323775364434
0.9501533718596784
0.950181600236862
0.9502260606012727
0.9502785892010199
0.9503398878583595
0.9504097334819278
0.9504882843432029
0.9505706156238165
0.9506610364780408
0.9507732056665921
0.9509066489208116
0.9510677726660725
0.9512843744022953
0.9515894036277008
0.9521119198712589
0.9531569523583749
0.9548009318179637
0.9580888907371411
0.9599
0.9599034607668813
0.9599103823006438
0.959924225368169
0.9599391798196619
0.959952461587248
0.9599672462848771
0.9599853444721446
0.96
0.9600034607668813
0.9600103823006438
0.960024225368169
0.9600377583776334
0.9600517844390357
0.9600688414113281
0.9600865280431843
0.9601082812584246
0.960138559725048
0.9601851808009854
0.9602348322163565
0.9602916076154965
0.9603258167067128
0.9603613633822083
0.9603895717213473
0.9604113466367283
0.9604300972829787
0.9604469119684714
0.9604629949635237
0.9604802488108573
0.9604926900925321
0.9605057932154221
0.9605156964024851
0.9605240222890898
0.9605323758202758
0.9605422901346393
0.960553205181627
0.960563641653886
0.9605735518034716
0.9605842242916718
0.9605941430245631
0.9606030810356129
0.9606117944636308
0.9606212744069927
0.9606341286684142
0.9606446252526938
0.9606540716792026
0.9606637322830993
0.9606742743194943
0.9606853768890659
0.9606996956442141
0.9607107983200007
0.960721529214524
0.9607354189674507
0.960750014530007
0.9607631440256958
0.9607754865367588
0.9607878651471985
0.9607987450015475
0.9608087365619211
0.9608185504359339
0.960827753839768
0.9608357990987582
0.9608433701630202
0.9608510871570223
0.9608599422801787
0.9608714977248823
0.9608825252042641
0.960891879100661
0.9609013458367861
0.9609116676525947
0.9609237688144695
0.9609391469064199
0.9609537439452867
0.9609684288361063
0.9609842406168448
0.961000426425307
0.9610166074453085
0.9610238343009793
0.9610332710836433
0.9610400669966577
0.9610491350638742
0.9610563988364468
0.9610631257230218
0.9610718243030832
0.961084029773509
0.9610997675964276
0.961120059677675
0.9611457517129104
0.9611744821300895
0.9611962530503562
0.9612173126074046
0.9612385304367141
0.9612621612777772
0.9613022192354658
0.9613319990307779
0.961361898189677
0.9613955348427762
0.9614299707680671
0.9614714781628543
0.9615259094903404
0.9616024429606268
0.9616951593629681
0.9618010902063496
0.9619399563741415
0.9621263829140649
0.9622891457836664
0.9624091262735022
0.9625105927600681
0.9626029444817328
0.9626947319241412
0.96279924300272
0.9629746078795736
0.9631040195189275
0.9632116281457279
0.9633226686949727
0.9634426072579174
0.963590416730644
0.9637746725133081
0.9639593330099884
0.9641273245484745
0.9642973084217106
0.9644879315505803
0.9647492393136475
0.9649691746572702
0.9652092497488055
0.9654656453838834
0.9657381585681757
0.9660567279738946
0.9664387828017341
0.9669381090841799
0.9676451261030812
0.9686925322642805
0.9699
0.9699060729507482
0.9699182188522445
0.9699425106552372
0.9699606829838546
0.9699830689247739
0.97
0.9700060729507481
0.9700139483613464
0.9700259185481662
0.9700409519368463
0.970060570824067
0.9700812761344433
0.9701078993368772
0.9701386731898223
0.9701728401975714
0.9702076328501458
0.9702478826921196
0.9702943663328123
0.9703496759782357
0.970401115633133
0.9704763026698441
0.9705693380824091
0.9706750911879565
0.970789921105147
0.9709494834538154
0.9710893862800725
0.9712002975221996
0.9713077048974722
0.9714160213594911
0.9715192566555582
0.9716076723893219
0.9716857577882527
0.9717679929580206
0.9718544085072515
0.971946407333884
0.9720284707209798
0.97211348213117
0.9722089007016056
0.9723274205765036
0.9724460784672161
0.9725539456288698
0.9726641909085766
0.9727576293639574
0.9728645105487709
0.9729472521845282
0.9730215094661985
0.9730990756441289
0.9731922290957136
0.9732940033582701
0.9734026531276014
0.9735032281730731
0.973608350080131
0.9737268971841566
0.973872959642629
0.9740605141111283
0.9743286293259257
0.9747523946608881
0.9755474356628745
0.9764914888714465
0.9775558987451775
0.9787971156740641
0.9799
0.9799057961297712
0.9799173883893137
0.9799405729083988
0.9799593503279423
0.9799794986027761
0.98
0.9800057961297712
0.980014561972103
0.9800293679066192
0.9800481535620862
0.9800676887810428
0.9800840399942404
0.9800992800975469
0.9801151169412053
0.9801350869970876
0.9801581942044
0.9801812458725053
0.9802040068728995
0.9802286922669107
0.9802562944606346
0.9802791174549879
0.9803017509382069
0.9803210116013622
0.9803440425249612
0.9803764932163609
0.9804043788574134
0.9804331037908827
0.9804630808246099
0.9804963137688094
0.9805362346482754
0.9805871278959957
0.9806534136062264
0.9807095942099415
0.9807557292210487
0.9807960493605576
0.9808315909676802
0.9808642802166112
0.9808964631875647
0.980931362599716
0.9809791253780212
0.9810291744167224
0.9810667376956261
0.9811029621664784
0.9811412727679862
0.9811846954747939
0.9812390624685299
0.9813080340681312
0.9813733295712725
0.9814505331943364
0.981526031399624
0.9815903684876875
0.981652813279251
0.9817183359368923
0.9817931387163927
0.981895757021842
0.9819958713070371
0.9820946637574658
0.9821895428320266
0.9822878771797507
0.9823970887775241
0.9825268244854015
0.9826847542847005
0.9828924198550468
0.9831849206124231
0.9836425180273767
0.9842643019201909
0.984978149397711
0.9858040283034519
0.9867781490988154
0.9879310744584021
0.9893268168630879
0.9899
0.9899058717464451
0.9899176152393352
0.9899411022251154
0.9899580101954709
0.9899785161014059
0.99
0.990005871746445
0.9900155678188421
0.990029607525527
0.9900466070604381
0.990063452562509
0.9900834150920018
0.9901074244209918
0.9901334832635498
0.9901641800405759
0.9901973458246505
0.9902335651555266
0.9902693048328542
0.9903161331602418
0.9903702253752773
0.9904336450659744
0.9905102189092336
0.9906055050587473
0.9907077650286812
0.9908146419590762
0.9909399241343988
0.9910997036689524
0.9913303062781362
0.9916771630007949
0.9921308720615557
0.992728882428521
0.99349265637937
0.9944608746901731
0.9958175789228058
0.9977332838039878
0.9999
0.9999061419903499
0.9999184259710496
0.9999429939324491
0.9999659338649199
0.99998296693246
1.0
