0.0
0.001
0.003
0.007
0.015
0.025
0.035
0.04500000000000001
0.05500000000000001
0.065
0.075
0.07990000000000001
0.07990234084210993
0.07990702252632975
0.07991128552496979
0.07991534921744085
0.0799215124517003
0.07993088948613711
0.07994427813346724
0.07995952656829647
0.07997871065284606
0.08
0.08000234084210991
0.08000702252632974
0.08001281982714317
0.08002441442877004
0.08004118499711092
0.0800607743674529
0.08008263892964375
0.08010593435983807
0.08013102754754936
0.08015804178074641
0.08018165794712737
0.08020264211487801
0.08022250516124983
0.08024272034854861
0.08026651018576074
0.08029873720203884
0.08032333701146914
0.08034277299677244
0.08035947237279131
0.08037521263003329
0.0803892245125809
0.08040774325219638
0.0804198249849681
0.0804319640522724
0.08044366189648987
0.0804552137726869
0.08047145305898207
0.0804842932726116
0.08049931895989439
0.08051396039025303
0.08052916622624226
0.08054632900331687
0.08056501964491485
0.08058581787507602
0.08060963241745095
0.08063422908410237
0.08065482416166732
0.08067258350122539
0.08068872323698431
0.08070414739525718
0.08072009370592052
0.08073876016934457
0.0807545691884923
0.08077391790801346
0.08078999697919682
0.08080425440698741
0.08081802008565027
0.08083158869970389
0.08084566656808533
0.0808612893117746
0.0808812970237717
0.0808995001516661
0.08091887213785627
0.08093691111062881
0.08095516546269449
0.08097507216442312
0.08099851087459164
0.08102646771701892
0.0810625522351445
0.08111167817653979
0.08118355384399487
0.08128860300237452
0.08140330625462482
0.08150095127130948
0.08156120992939316
0.08162175803327322
0.0816953854238194
0.08178124880342001
0.08190239520016962
0.08204991422797006
0.08216346320109601
0.08227856805611611
0.08239925339931127
0.08254418878584832
0.08273856797644581
0.08302547878198642
0.08350829203437804
0.0840878910139272
0.08473876083341468
0.08548103223932477
0.08633535264152976
0.08733747504078516
0.0885433762003189
0.08990000000000001
0.0899068755801946
0.08991801930074789
0.08992492895168115
0.08993170254027828
0.08994098938039034
0.08995430207840276
0.08997588780620985
0.08998794390310492
0.09
0.09000687558019459
0.09001397511952175
0.0900203704509159
0.09002914321828265
0.09004625733128159
0.09006748080801724
0.09009105262456057
0.09011415294197798
0.0901429426278319
0.0901678802912263
0.09020212023650465
0.09023514913782721
0.09028675523870884
0.09032499578252591
0.09037709587967187
0.0904219004621743
0.09046744130647623
0.09051588290964181
0.09056375626905382
0.09061486132252021
0.09067900661934432
0.09073493664365874
0.09079199656569505
0.09084475122875624
0.09089757131741952
0.09095476560044359
0.09101845975182267
0.091074162754864
0.09111904793880045
0.09116079399788822
0.09121186508465784
0.09127317628102798
0.09131851372452207
0.09136409726881797
0.09141469379014416
0.09147772694335815
0.09153722077521208
0.09158755745255832
0.09163213689522068
0.09167344858929868
0.09171443941626567
0.09176005849045096
0.09180468860340124
0.09185442859132906
0.09189323885869821
0.09192743700138883
0.09196067668097245
0.09199456053328896
0.09203208107057168
0.09207967815395957
0.09212554872051724
0.09217667758998074
0.0922233759792963
0.0922701564170831
0.09232071681804828
0.09237967508417382
0.09244940740480201
0.09253867882871787
0.09265875108104928
0.09283158740417329
0.0931037221750675
0.09364572638543829
0.09425665606083185
0.09493723708617192
0.09571783676907177
0.09661931352428599
0.09768646629452005
0.09898386624092147
0.0999
0.09990532718894891
0.09991164145405582
0.09991495433980237
0.09991826635080633
0.09992256144168803
0.09992829760303627
0.09993896033828256
0.0999543432582188
0.0999737111999872
0.0999868555999936
0.1
0.1000053271889489
0.1000118249851423
0.1000174739914425
0.1000287720040429
0.1000468529075848
0.1000662480284826
0.1000847406221469
0.1001003928937203
0.1001138682688368
0.1001262778704236
0.1001387334074698
0.100153215654067
0.1001655447475253
0.1001797324954066
0.1001925136552265
0.1002048993444915
0.1002177992090773
0.1002309644765408
0.1002428273976737
0.100252366098852
0.1002607104506166
0.1002696873580648
0.1002784942132936
0.1002881388121845
0.100296992705177
0.1003061849923963
0.100316513338496
0.1003290136001068
0.1003455152160437
0.1003672552024835
0.1003844984701061
0.1003979632589667
0.1004093879848477
0.1004194554960733
0.1004289916063317
0.1004387871909726
0.1004500041766695
0.1004628140591936
0.1004760865635907
0.1004865534170521
0.1004959544112315
0.1005049237758775
0.1005136831186155
0.1005226239370152
0.1005322231578454
0.1005436167837842
0.100556060107579
0.1005695278976865
0.1005810615360012
0.1005924185958676
0.1006046080809276
0.1006184495790763
0.1006354947053169
0.1006569370805627
0.1006805428423119
0.1007026808592663
0.1007231277540507
0.1007422382113798
0.1007602334632969
0.1007774460913323
0.100794162426525
0.1008106222817267
0.1008270630095046
0.1008437399889812
0.1008609641772829
0.1008790626606846
0.100894049355379
0.1009051116434126
0.1009165900821406
0.100925766468423
0.1009344296600926
0.1009428185131677
0.1009512886256682
0.1009603411978413
0.1009707221087286
0.1009840873723015
0.100999296040382
0.1010138288316647
0.1010271595420622
0.1010397711733728
0.1010523402684897
0.1010660856784445
0.1010848137496986
0.1011053941695883
0.1011208212146223
0.1011346665220319
0.1011463937701598
0.1011562576440972
0.1011633952454887
0.1011695367477259
0.1011756931682986
0.1011835123398713
0.1011895245639292
0.1011972864208926
0.1012027358506198
0.1012097085607424
0.1012159593256239
0.101222007890909
0.1012283407076428
0.1012350589475127
0.1012423509158044
0.1012507088773665
0.1012626274620685
0.1012738507692889
0.1012819080547007
0.1012894249752227
0.1012977434671305
0.1013079217969944
0.1013190140813246
0.1013297928914459
0.1013405679918709
0.101352011559233
0.101366215906575
0.1013758976310844
0.1013864650523876
0.1013955181313534
0.1014034682409418
0.1014112160839995
0.1014192387300175
0.1014285749807308
0.1014402205141686
0.1014522068050497
0.1014623271750438
0.101472457598707
0.1014834554794352
0.1014962066020936
0.101512428242957
0.1015280798580243
0.1015438000773046
0.1015606831735608
0.1015778352180857
0.1015966085814211
0.1016180271832588
0.101642875938273
0.1016706654737786
0.1016965618267888
0.1017231948041943
0.1017515294590513
0.101786425320802
0.1018258470915096
0.1018610057625467
0.1018945139434833
0.1019307022035185
0.1019838674570255
0.1020265380490274
0.1020609635594795
0.1020854570770965
0.1021026784872885
0.1021195096866101
0.1021363887223174
0.1021541776298244
0.1021798948631058
0.1022111913877162
0.1022509978599451
0.1022920220042748
0.1023327412625426
0.1023758942412659
0.1024258453335228
0.1024697817736719
0.10251506674681
0.1025556423312196
0.1026088480284179
0.1026611810932909
0.102727192748136
0.1027881784689261
0.1028780952653566
0.1029442734370173
0.1030165946258675
0.1030940598366483
0.1031834667694507
0.1032965975544528
0.103446311192273
0.1036532281369763
0.103955311922264
0.1043654330760128
0.1048323395924284
0.1053653874242452
0.105956664404145
0.1066691442313965
0.1072298999217597
0.1078252739396959
0.108516594955492
0.1095368550043884
0.1099
0.1099061494309343
0.1099184482928029
0.1099314009400934
0.1099441815483733
0.1099591333305195
0.1099754239307814
0.1099877119653907
0.11
0.1100061494309343
0.1100148475621916
0.1100231369088604
0.1100384556868381
0.1100537537779653
0.1100718311851984
0.1100914025902431
0.1101149114591456
0.1101335293271116
0.1101476811077494
0.1101608985533084
0.1101781198778851
0.1101938783206217
0.1102066574415994
0.1102198901531097
0.1102355157706562
0.1102541941264435
0.110279226726309
0.1103007775798375
0.1103194093573815
0.1103370860160998
0.1103555004752319
0.1103816233350523
0.1104023435519862
0.1104174275276892
0.1104309491847049
0.1104436804029339
0.1104566036629313
0.1104711685420382
0.1104916696364162
0.1105132993602245
0.1105297195848837
0.1105456514700085
0.110562552930927
0.1105817669907641
0.1106055862455886
0.1106371028525897
0.1106787603086907
0.1107408697383714
0.110844685992977
0.1110249161666938
0.1112315774215711
0.1114613074661633
0.1116713509584885
0.1118675998116438
0.1120069095680487
0.1121380269251568
0.1122822582055747
0.1124911919963377
0.1126833183708108
0.1128952578984814
0.1131403325498345
0.1134913973605053
0.1141403883333796
0.1149014585110143
0.1157621919839787
0.1167539171519467
0.1179066398664127
0.1192801602341593
0.1199
0.1199035814729798
0.1199107444189395
0.1199250703108589
0.1199370113433097
0.1199502963915415
0.1199647831112921
0.1199789465224922
0.1199894732612461
0.12
0.1200035814729798
0.1200085011679609
0.1200146567968064
0.1200226056664434
0.1200341039814326
0.1200449865476851
0.1200549640565178
0.1200642232848646
0.1200733490544151
0.1200835132278151
0.1200985850019881
0.1201105690671313
0.1201204285112778
0.1201303885185278
0.1201410098068491
0.1201518345542039
0.1201669601070198
0.1201869638584318
0.1202151582063113
0.1202313519647449
0.1202494361337358
0.1202628458731747
0.1202734752635898
0.1202854311180852
0.1202962971088603
0.1203073835670088
0.1203183420570142
0.1203302620172717
0.1203449459634309
0.1203631714193658
0.1203830200825215
0.1203994735918121
0.1204135590927632
0.1204265642104591
0.1204396164606147
0.1204552684891217
0.1204667088695506
0.1204796562685745
0.1204908796047895
0.1205008790408445
0.1205104696859378
0.1205199196106874
0.1205299192536254
0.1205415964112771
0.1205608643337057
0.1205755601105326
0.1205876098620652
0.1205998793090311
0.1206129661815941
0.1206287354684908
0.1206480939829572
0.1206740069147633
0.1207106750798871
0.1207670858971552
0.1208445995812431
0.1209358372772255
0.1209521238229361
0.1209802114081645
0.1210036404440725
0.1210227374513848
0.121042604067564
0.1210618978039378
0.1210822254600295
0.1211072931496296
0.1211338630985459
0.1211590719718776
0.1211793506413151
0.1212009975455168
0.1212185457036555
0.1212316933568157
0.1212430440814132
0.121255089398709
0.1212712779116764
0.1212845024471004
0.1212965970211428
0.1213096597290918
0.121324696293065
0.1213408694210724
0.1213539580148135
0.1213656349650446
0.1213768980832
0.1213884608522345
0.1214018270821958
0.121423488495977
0.1214408586153334
0.1214552015580766
0.1214698910886595
0.1214857966861832
0.1215046864806331
0.1215293415887027
0.1215619453951011
0.1216095343664748
0.1216901180557829
0.1217977826309685
0.1218934885399909
0.1219637641425294
0.122040062812443
0.1221174710546823
0.122195844364904
0.122309101832056
0.1224462809813937
0.1226009324094523
0.1227516169360465
0.12290655939758
0.1231091114810627
0.1233683298679664
0.1237748408171295
0.1242476287384307
0.1247881314986305
0.1254121080497914
0.1261328918278478
0.1269770432231292
0.1279651979824173
0.1290405065680845
0.1299
0.1299036413197212
0.1299109239591635
0.1299254892380482
0.1299377856209308
0.129949129251049
0.1299617040575231
0.1299768610642957
0.1299884305321478
0.13
0.1300036413197212
0.1300088600380484
0.1300184871162275
0.130031008770472
0.130043079293386
0.1300574695460525
0.1300723808483129
0.1300901580218847
0.1301131808501501
0.130142961292293
0.1301776385367376
0.1302178249763979
0.1302644538288935
0.1303186554851344
0.1303819168292469
0.1304558784812075
0.1305423875347649
0.1306430551590161
0.1307597210671545
0.1308952018707206
0.131023983513555
0.1311349366523954
0.1312357190059169
0.1313337606408826
0.13144029560991
0.1315433388229379
0.131658109811766
0.1317424967985041
0.1318118123216166
0.1318746766483624
0.1319343498650034
0.131997119028064
0.1320746530770279
0.1321495031848802
0.1322257198261633
0.1322959679750556
0.1323673701038847
0.1324458420503249
0.1325369735229804
0.1326511611090087
0.1327395144810262
0.1328116549689118
0.1328809409198629
0.132955425064384
0.1330590709387052
0.1331352312151574
0.1332267802283281
0.1333216414218492
0.1334249095423531
0.1335455196628641
0.1336975626416743
0.1338779018311448
0.1340553943167687
0.1342420768184731
0.134449096021665
0.1346920772353789
0.1349437050230316
0.1350189973220058
0.1351344648373911
0.1352422349633933
0.1353481713827361
0.1355600442214217
0.1358870564545912
0.136359743135826
0.1370865624397589
0.1378349699624612
0.1386512442996624
0.1395750584086819
0.1399
0.1399035747395652
0.1399107242186957
0.1399250231769567
0.139937793039845
0.139951791138542
0.1399696529382077
0.1399848264691039
0.14
0.1400035747395653
0.1400107242186958
0.1400195404814632
0.1400336940667789
0.1400466734645492
0.1400613741857619
0.1400785288680416
0.1400939666703638
0.1401086480148026
0.1401242371608923
0.1401419763480474
0.1401620045079812
0.1401771215518051
0.1401910844093382
0.1402051892595356
0.1402190483566915
0.1402312372936522
0.1402413554061002
0.1402507940269335
0.1402619306901761
0.140272179430974
0.1402822857259654
0.1402923895395018
0.1403031086796258
0.1403142987991808
0.1403250732856121
0.1403364807012656
0.1403498465198634
0.1403655566251437
0.1403861287408192
0.1404076458242319
0.1404253529707013
0.1404407497984909
0.1404553158020531
0.1404707941433994
0.1404861905935742
0.1405023706762283
0.140515545074294
0.1405271023846545
0.1405380124530916
0.1405487247861726
0.1405600189488323
0.1405717495707533
0.1405833565087119
0.1405952914340416
0.1406085861895479
0.1406216524316296
0.1406354154286892
0.1406501813853097
0.1406641868743976
0.1406787693086179
0.1406949061588748
0.1407141562181565
0.1407375883341204
0.1407685224364648
0.1408120210706149
0.1408790004647134
0.1409991243596807
0.1412032129188311
0.1414351473821865
0.1416939627396133
0.1419055378420492
0.1422300763467572
0.14260973222734
0.1430531258949892
0.1435664356015857
0.1441537516053551
0.1448315863680117
0.1456206404894499
0.1465463201595262
0.1476451989472241
0.1489712212226728
0.1499
0.1499061479202489
0.1499184437607468
0.1499430354417424
0.1499613478998046
0.149977039837834
0.149988519918917
0.15
0.1500061479202489
0.1500145252453569
0.1500270481484262
0.1500411841947757
0.1500565039738305
0.1500742697389902
0.1500928113807733
0.150111881208198
0.150134226152279
0.150163514909997
0.1502033802949969
0.1502500306131145
0.1503064085272125
0.1503729176575256
0.1504465409345084
0.1505288215066399
0.1506200600151746
0.1507228318253177
0.1508405115569384
0.1509773518828478
0.1511414271131524
0.1513623923666502
0.1516762862930284
0.152223472404769
0.1533178446282501
0.1550447622421846
0.1582604120217234
0.1599
0.1599036999118249
0.1599110997354748
0.1599258993827744
0.1599445364512634
0.1599593927945612
0.1599745384679799
0.1599872692339899
0.159993634616995
0.16
0.1600036999118249
0.1600073000634097
0.1600145003665791
0.1600270673456048
0.1600402008640623
0.1600545663126359
0.1600721425367606
0.1600895671102509
0.160107819703755
0.1601252075771731
0.1601405287950168
0.1601548676833479
0.1601693863066891
0.1601861719701711
0.1602013745321272
0.1602188730011532
0.1602335878013815
0.1602467987016695
0.1602590426238062
0.1602700744402903
0.1602801037731582
0.1602895881653121
0.1602992292251758
0.1603104849496356
0.1603208212511845
0.1603326029522701
0.1603431260972654
0.1603535492673632
0.1603648286598241
0.1603776392711634
0.1603933576523667
0.1604100119166693
0.1604258375472229
0.1604419416147823
0.160460680108727
0.1604751321901896
0.1604899105034992
0.1605024829002126
0.1605137524266582
0.1605247843785172
0.1605362510781664
0.1605489044595917
0.1605613318044875
0.1605753611284167
0.1605854817110568
0.1605953732286157
0.1606070031551115
0.1606193350508615
0.1606371506960248
0.160651115354059
0.1606691489616955
0.1606850668505975
0.1607016041741963
0.1607210361695787
0.1607452841746445
0.1607782681873853
0.1608261394039161
0.1609038799856264
0.160987181020902
0.1610784555241908
0.1611840603980224
0.1613072669216005
0.1614619774564728
0.1616690819648379
0.1619490645024233
0.162271088074784
0.1626403620276909
0.1630662198540324
0.1635420425335153
0.1639913659931358
0.1644052811780136
0.1648041723499411
0.165240929141783
0.1657396271936044
0.1663489946404844
0.167298155019642
0.1686517654388975
0.1699
0.1699107277182604
0.1699321831547812
0.1699660915773906
0.1699830457886953
0.17
0.1700107277182604
0.1700239381501649
0.1700414368948422
0.1700667543371282
0.1700920531302058
0.1701196525421821
0.1701419057987137
0.170174699871746
0.1702152774937158
0.1702473236365222
0.1702815157236579
0.1703228663538188
0.1703813950483816
0.1704984524375072
0.1706327196648668
0.1708211553728152
0.1710370664376719
0.1713124491995566
0.1716375752097601
0.1721239568933686
0.1729813226633329
0.1746960542032614
0.1774822494798151
0.1799
0.1799045667649009
0.1799137002947025
0.1799319673543059
0.17995286944548
0.1799717325941398
0.1799858662970699
0.1799929331485349
0.18
0.1800045667649008
0.1800084446370228
0.1800162003812668
0.1800317118697546
0.1800461073542475
0.1800689512071587
0.1800885662176071
0.1801141488435589
0.1801425384308843
0.1801783540485192
0.1802191042743208
0.1802531169082864
0.1802918965066592
0.180336488579473
0.1803866231148312
0.1804446055008632
0.1805095709315812
0.1805865613666774
0.1806811258459074
0.1808018590854085
0.1809585504770912
0.1811407314322532
0.1813608714852613
0.1816303145607772
0.1819733926730789
0.1824387489513457
0.183131608743371
0.1837260559105331
0.1841635187942411
0.1845771831593346
0.1849781804013772
0.1854216286205315
0.18605799876594
0.1873307390567571
0.1888505889562721
0.1899
0.1899040809209779
0.1899122427629335
0.1899285664468449
0.1899434399685934
0.1899583021008961
0.1899780874084337
0.1899890437042169
0.19
0.1900040809209778
0.1900096243863809
0.1900183184760993
0.190035706655536
0.1900509786268324
0.1900670586475375
0.1900856095340233
0.1901071402015606
0.1901309448420419
0.1901516480082384
0.1901705248880994
0.1901896584712288
0.1902128646314772
0.1902398362982503
0.1902606134871325
0.1902797827375957
0.1902996232849212
0.1903210048193808
0.1903431278014478
0.190361754155435
0.1903762177131848
0.1903893952072732
0.1904053065229849
0.1904248997561924
0.1904391169893458
0.1904532519750897
0.1904688347712637
0.1904879144366213
0.1905128051221635
0.1905455240267635
0.1905718377633321
0.1905931726165511
0.1906123334704119
0.1906310015972648
0.1906530285426429
0.1906689515663407
0.1906867581894716
0.1907022479156892
0.190716171578157
0.1907297719635286
0.1907436435328605
0.1907591436640205
0.190780802105668
0.1908038271749344
0.1908212369578906
0.190838126642467
0.1908560678542945
0.1908764938349158
0.1909021147691619
0.1909350057941013
0.1909807658929885
0.1910492404017632
0.1911649817135534
0.1913712467397143
0.1916024347967089
0.1918605257627869
0.1921550482893
0.1924919128311325
0.1928826432925369
0.1933387702902986
0.1938724625071805
0.194498028074074
0.1952327269216131
0.1960985799993013
0.1971243715023347
0.1983440547798691
0.1998196335987583
0.1999
0.1999135281938581
0.1999405845815743
0.1999713739349869
0.2
0.2000135281938581
0.2000285393343201
0.2000506240058955
0.2000819455453935
0.2001110052687632
0.2001435049791587
0.2001810647772347
0.2002256635904277
0.2002758028021049
0.2003353241082258
0.200403353852598
0.2004782320609239
0.2005616821842106
0.2006615263255895
0.2007848336276233
0.2009334492678905
0.2011169326599323
0.2013619526279954
0.2017352951062585
0.2024819800627847
0.2038798264254835
0.2060864141706161
0.2099
0.209904365504485
0.2099130965134549
0.2099305585313947
0.2099495782773426
0.2099656049532631
0.2099802949608966
0.2099901474804483
0.21
0.210004365504485
0.2100098902126986
0.210019218033211
0.2100307722956707
0.2100424306155071
0.2100526022465087
0.2100627105081574
0.2100742541501012
0.2100932503782552
0.210109327515288
0.210123469966727
0.2101386443616932
0.210156312863456
0.2101783112885115
0.210209888220334
0.2102482643838968
0.2102807805763805
0.2103081787364164
0.2103321266472827
0.2103535766818976
0.2103739477914172
0.2103952205874624
0.2104175029951678
0.2104350279487275
0.2104474437684943
0.2104582041830149
0.2104689768617371
0.2104823614684701
0.2104958698704893
0.2105090273549537
0.210521922088453
0.2105357313013547
0.2105478279080071
0.210558792531182
0.2105696067878827
0.2105815249381343
0.2105981791427901
0.2106128860118277
0.2106249891381267
0.2106372115386162
0.2106504569724715
0.2106660308862713
0.2106824938114086
0.2107004838424197
0.2107179918792271
0.210733172496123
0.2107482249423618
0.210761696734627
0.2107743332823308
0.2107874213504576
0.2107999727060628
0.2108120811691356
0.2108227584185703
0.2108315439551424
0.2108395249417913
0.2108474400559598
0.2108562166239835
0.2108681209059531
0.2108805894726015
0.2108905122922441
0.2109003304054055
0.2109109202115051
0.2109231795685964
0.2109388708378112
0.2109527939785554
0.2109655194897367
0.210978753123069
0.2109947207748947
0.2110143726650613
0.2110355570593574
0.2110548395379293
0.2110741779122781
0.2110949288713063
0.2111191466856502
0.2111490715333543
0.2111884933924217
0.2111956350515448
0.2112087378385564
0.2112195844081617
0.211233736885088
0.2112438919733538
0.2112541215063244
0.2112679684436954
0.2112860930996105
0.2113098530871289
0.2113405263719433
0.2113738005969777
0.2114102269930688
0.2114382165667066
0.2114647703147482
0.2114968594692507
0.2115281907230913
0.2115566355262209
0.2115854371040763
0.2116146237629554
0.211657842770549
0.2117026374438238
0.2117467744564415
0.2117904848176297
0.2118361783078234
0.2118799768628562
0.2119264786634216
0.2119797924413067
0.2120447125396752
0.2121284879407936
0.2122411924580873
0.2124013343977211
0.2126448661226325
0.2130966754193128
0.2136302517640856
0.2142309965563183
0.2147378832565126
0.215253667283398
0.2156780090431077
0.2161475876701175
0.2166676676115473
0.2172670549219287
0.2180658246262353
0.2191701016988638
0.2199
0.2199032665436025
0.2199097996308073
0.2199228658052171
0.2199346102080399
0.2199476523309155
0.2199605498722294
0.2199728642906353
0.2199836695982985
0.2199918347991492
0.22
0.2200032665436024
0.220008198302492
0.2200146247677822
0.2200202562299245
0.2200277689160867
0.2200356149620125
0.2200431264849615
0.220051003907543
0.2200584997713974
0.2200658189989445
0.220075652016326
0.2200842385447021
0.2200942003065701
0.2201054972867693
0.2201165418886982
0.2201268314984224
0.2201372682848991
0.2201490101591171
0.2201620825561127
0.2201764856280864
0.2201930743510065
0.2202088524059416
0.2202251483704957
0.2202426972584537
0.2202583956814508
0.2202703055192517
0.2202855658723236
0.2202962542974076
0.2203075045462159
0.2203163905974764
0.2203241867328918
0.2203312057294087
0.220340030454842
0.2203467424882795
0.2203582554385544
0.2203682387203778
0.2203766555974462
0.2203838474614152
0.2203900923641695
0.2203959354936626
0.2204019277408353
0.2204090259875972
0.220415093793294
0.2204223267039174
0.2204285703452843
0.220434246129876
0.2204397388878336
0.2204451032962495
0.2204505470124558
0.2204564088329627
0.2204635505507363
0.220470546194473
0.2204781284316418
0.2204849737129869
0.2204918562376512
0.2204993837796481
0.220508080256576
0.2205190060888458
0.2205329350011529
0.2205510446407057
0.2205679117434275
0.2205848587731322
0.2206039189513143
0.2206302559829838
0.2206538188141141
0.2206777468186643
0.220702562120242
0.2207293051995897
0.2207596702888997
0.220788719833117
0.2208205359715342
0.2208623666330693
0.2208977003820149
0.2209296376903331
0.2209643868282502
0.2210055720072528
0.2210612935791106
0.2211283073463168
0.2212282524965245
0.2212784891461712
0.2213290785704688
0.2213735014590714
0.2214111461469198
0.2214470246085476
0.2214839316031685
0.2215282653435618
0.2215676516564162
0.2216121180342443
0.2216531960640395
0.2216948920744823
0.22172091791466
0.221748010012081
0.2217719598965505
0.2217960170257557
0.2218194521088337
0.2218462974200788
0.2218801659550279
0.2219187329380618
0.2219724698361513
0.2220343485239562
0.222094102293683
0.2221648571750459
0.2222354497327195
0.2223090262354517
0.2223923514411741
0.2224911958837423
0.2226089396729473
0.2227237881625545
0.2228305510452639
0.222941777024665
0.2230651905588335
0.2232068093790545
0.2233409153408431
0.223505829379834
0.2237111635976849
0.223906375102674
0.2241125287012017
0.2244255669101741
0.2247854017298859
0.2255050713693095
0.2263966963836549
0.227437147906145
0.2286523081749926
0.2299
0.2299128766228918
0.2299386298686754
0.2299693149343377
0.2299846574671688
0.23
0.2300128766228918
0.2300254007237387
0.230037645651018
0.2300562080842077
0.2300790183184895
0.2301045025354836
0.2301289263314656
0.2301541930728047
0.2301813803095835
0.2302117353428263
0.2302480122201214
0.2302944812604762
0.2303369353993165
0.23037071824274
0.2304221613638771
0.2304996150746732
0.2306498907140272
0.2308005717546971
0.2309747418904169
0.2311852636127333
0.2314384706281092
0.2317863818746697
0.2323672796509158
0.2332162929494218
0.2343521670611121
0.2358505377419036
0.2379901127041476
0.2399
0.2399063456238604
0.2399190368715813
0.2399342696619287
0.2399489924169694
0.2399647753752289
0.2399823876876145
0.24
0.2400063456238604
0.2400149650961478
0.2400257358873038
0.2400420808119912
0.2400597422936937
0.2400826662824871
0.2401108119554871
0.2401356901335243
0.2401614103748293
0.2401895528599112
0.2402221226997729
0.2402512948006494
0.2402936137322413
0.2403443893117627
0.2404043575080981
0.2404774347568083
0.240571023823195
0.2406804632728277
0.2408060505041876
0.2409082207590239
0.2409956524653225
0.2410869479981435
0.2411731845401953
0.2412672316280061
0.2413971220936733
0.2415492279619213
0.2416727304042105
0.2417870453320931
0.2419057773230738
0.2420463813615561
0.2422794540537786
0.2424592229540422
0.2426214750408842
0.2427018858710493
0.2427671306554567
0.2428339012601282
0.2428845297685302
0.242939741218102
0.2429948352457845
0.2430388134840593
0.2430858754090742
0.2431364123279051
0.2431942591367367
0.2432632409378536
0.2433406377418716
0.243426072877482
0.2435178507398318
0.2436093181219428
0.2436941896594788
0.2437728771906054
0.2438444171861756
0.243912577157342
0.2439906276442012
0.244070364085871
0.2441280129704693
0.2441769112641893
0.2442246203985931
0.2442763317393424
0.2443463252281837
0.2444366817394986
0.244502624196697
0.244566791364407
0.2446358683393929
0.2447172223234119
0.2448179375329607
0.2449562134199878
0.2451611727556066
0.245498660095701
0.2459251521872422
0.2464047226360831
0.2469485836970381
0.247570432813491
0.248291623019723
0.2491444901051027
0.2499
0.249940063303882
0.25
0.250040063303882
0.2500788499455977
0.250118264961159
0.2501740461030883
0.2502468517204451
0.2503155770446639
0.2503910706010993
0.2504596183310094
0.2505784338556849
0.2507185992798864
0.2508716861655388
0.2510449906504964
0.2512538882078482
0.2515109655444178
0.2518501589653453
0.2523442544012772
0.2528708939037725
0.2534038127831511
0.2539860833815555
0.2546615392235815
0.2555299763386905
0.2563831020582835
0.2573615471279095
0.258639377116603
0.2599
0.2599047956658797
0.259914386997639
0.2599261063856744
0.2599375141121844
0.259951036970811
0.2599677730056782
0.2599838865028391
0.26
0.2600047956658797
0.26001324062781
0.2600225086219482
0.2600396600594505
0.2600527915666611
0.2600643267786867
0.2600752758950289
0.26008567167899
0.2600966095781503
0.260110507446737
0.260122624753179
0.2601347638273073
0.2601463145262548
0.2601582312087848
0.2601715480593155
0.2601872429144829
0.2602045410432974
0.2602213427504749
0.2602390101205861
0.2602617801123486
0.2602816596528803
0.2602956401196272
0.2603078737587695
0.2603195031731314
0.2603315606990812
0.2603460490927458
0.2603574020223603
0.260368783729564
0.260379450975567
0.2603916692947635
0.2604033552390413
0.2604197445363663
0.2604392485059975
0.260455297588894
0.260470888330856
0.2604875702613102
0.260506630965992
0.2605302716064128
0.2605623022845183
0.2606073436539565
0.2606735395648767
0.2607645237755239
0.26083650323534
0.2608910514303139
0.2609183255278009
0.2609702019758869
0.2610260209768932
0.2611079932447891
0.2612252296560339
0.2613695975668087
0.2615535202367946
0.2617315561977802
0.2619156564342912
0.2621260479199136
0.2623761747178585
0.2627094021300083
0.2632073275711505
0.2637980742743664
0.2644786658099504
0.2652700186030413
0.2662031743028369
0.2673086040599537
0.2686908868067698
0.2699
0.2699032712770426
0.2699098138311277
0.2699228989392981
0.269935826479946
0.2699509541911794
0.2699636687880118
0.2699745389355873
0.2699845966928
0.2699922983464
0.27
0.2700032712770426
0.2700074955781562
0.2700134878498773
0.2700254723933194
0.2700350030891002
0.2700445367539177
0.2700554440713718
0.2700675666308452
0.2700783474750875
0.2700885062922505
0.2700992542234306
0.2701140355740983
0.2701271555556493
0.2701373806965486
0.2701473344405247
0.2701575201265038
0.270167573505052
0.2701759719076434
0.2701827548024983
0.2701893300108142
0.2701984735140825
0.2702068113850919
0.2702137103004814
0.2702209377693908
0.2702290534362619
0.2702392136842857
0.2702525045965396
0.270266501215344
0.2702826597132718
0.270295775299463
0.2703064290788288
0.270316107154159
0.2703258368379411
0.2703381573525966
0.2703471119731913
0.2703561936085341
0.2703643432811781
0.2703717721328727
0.2703789652462172
0.2703861949372325
0.2703940628980073
0.2704044204091439
0.2704171990032398
0.270426194558439
0.2704347092420731
0.2704437531139522
0.2704539949927587
0.2704669412606402
0.2704817873992542
0.270496160314102
0.2705102679663857
0.2705247033351296
0.27054067562317
0.2705628286191955
0.2705862923387015
0.2706040421586172
0.2706212930433521
0.2706396543985964
0.2706606342214671
0.2706868328062806
0.2707217962791428
0.2707686555804431
0.270839886487217
0.2709630674553864
0.2711436754871524
0.2713464071935259
0.2715754106737581
0.2718371633943258
0.2721381769719892
0.2724880424441973
0.2728964404858514
0.2733738701027804
0.2739325616045753
0.2745872729023588
0.275356482787198
0.2762639384928474
0.2773414648857055
0.2783243340710042
0.2792161185513255
0.2799
0.2799030149548841
0.2799090448646524
0.279921104684189
0.2799317056408969
0.2799403893889511
0.2799495195127517
0.279959893498319
0.2799708620701469
0.2799804537386126
0.2799904619269004
0.28
0.2800030149548842
0.2800074063132759
0.2800161890300594
0.2800260032747421
0.2800357648696803
0.2800470681683306
0.2800592752036177
0.2800747467761321
0.2800993239465107
0.2801389961952017
0.2801872529442707
0.2802439570032724
0.280318313142054
0.280422428077681
0.2806306579489349
0.2809042101254628
0.2813061432716487
0.2820209638996586
0.2830261633367865
0.2843012874345666
0.2859983424091067
0.2884748461057172
0.2899
0.2899067672214081
0.2899203016642242
0.2899473705498565
0.2899663888748708
0.2899831944374354
0.29
0.2900067672214081
0.2900174792550961
0.290033773653515
0.2900522784229999
0.2900724942717316
0.2900991167145762
0.2901365216560714
0.2901821106338875
0.2902352355331725
0.2902843730451888
0.2903439170936938
0.2904149195461547
0.2904991348817094
0.2905238668392246
0.2905693859084758
0.2906147018177175
0.2906648762980732
0.2907555937943682
0.2908363250140487
0.2909061116364674
0.2909795702898468
0.2910517666901153
0.2911297437734401
0.2912530302236854
0.2914310697871052
0.2917871489139447
0.2923342094934342
0.2927417178005348
0.2930323526029602
0.2933111848159182
0.2935038438538637
0.2935952908238594
0.293708614884746
0.2937903020038168
0.2938660067371549
0.2939602915057478
0.2940291007506275
0.2940973119912023
0.2941723496049889
0.2942614774837523
0.2943696031940983
0.2944900513741215
0.2946305124427678
0.2947070468542925
0.2947851950283612
0.2948608891058883
0.2949603237039883
0.2950383724942137
0.2951238694692954
0.2952572309868796
0.2954255960438275
0.2956662219291517
0.2959419904881123
0.296254403732455
0.2966119579177863
0.2970222945785945
0.2974977195175586
0.2980518994865478
0.2986997842109196
0.2994588146027357
0.2999
0.2999076876245355
0.2999230628736065
0.299952145733749
0.2999737641094996
0.2999868820547498
0.3
0.3000076876245355
0.3000175441650043
0.3000293674790029
0.3000505058399211
0.3000706893595019
0.3000933763187776
0.3001219215373039
0.3001526009111852
0.300186814554565
0.300220542705755
0.3002494597195853
0.3002762378806354
0.300304183376671
0.3003421598422676
0.30037897622838
0.3004072733892002
0.3004350938513726
0.3004648309801586
0.3004987651872525
0.3005327284310689
0.3005593378022918
0.3005805412461842
0.300601527395363
0.3006354182795447
0.3006596010954041
0.3006808699677466
0.3007038565454445
0.3007314008489691
0.3007663190667609
0.3008103775417694
0.3008464544568666
0.30087660767271
0.3009046477925138
0.300933894434744
0.3009600778000813
0.300990186921745
0.3010136615499167
0.3010341819320422
0.3010541418766498
0.3010747662166754
0.3010991501617323
0.3011259029773746
0.3011550038992414
0.3011804774670119
0.3012060845236573
0.3012339898579258
0.3012672410918739
0.3013078729276452
0.301362449769186
0.3014411326026555
0.3015664735574551
0.3018171554670542
0.3020196950955411
0.302238547961078
0.3024041165461742
0.3026316716910012
0.3028097375457002
0.302982882679842
0.3032300342599401
0.3037243374201364
0.3043650783247318
0.3051188069314655
0.3059828164101763
0.3069830875043836
0.3081730322306427
0.3095942272588926
0.3099
0.3099078541357606
0.3099235624072816
0.3099522193800366
0.3099749566241407
0.3099874783120703
0.31
0.3100078541357605
0.3100174286070824
0.3100348847283778
0.3100604822839935
0.3100824611662902
0.3101062441241892
0.3101339477112178
0.3101664927475218
0.3102080270250896
0.3102547196505621
0.310305396504231
0.3103604989537336
0.3104267422022583
0.3105074785028196
0.3106113710669385
0.3107282698069852
0.3108611958919957
0.3110131745908027
0.3111989510502707
0.3114367197573722
0.3117770402772044
0.3123768800247567
0.3135765595198613
0.3153279682818486
0.3183601134085059
0.3199
0.3199088540784618
0.3199265622353855
0.3199619785492329
0.3199809892746165
0.3199904946373082
0.32
0.3200088540784619
0.3200172662381887
0.3200297294708441
0.3200459145388913
0.3200659874798596
0.3200841625832572
0.3200998497401981
0.3201146674271225
0.3201306345089339
0.3201525930579203
0.3201795775189574
0.3202007728546425
0.320222500216415
0.3202470030928256
0.3202773506111033
0.320319509045174
0.3203861438784361
0.3204780894039773
0.3205844215242427
0.3207082957357442
0.320846990062754
0.3210025730163606
0.3211782104579169
0.3213748304743699
0.3215994278625973
0.3218541160307571
0.3221624586992902
0.3225421866538241
0.3230465875978303
0.3238022858223601
0.3252505945782094
0.328147212089908
0.3299
0.3299145483648356
0.3299436450945068
0.3299690115787424
0.3299845057893712
0.33
0.3300145483648356
0.3300283167528404
0.3300449347162596
0.3300692964774704
0.3300961640858988
0.3301278753122937
0.3301600793250944
0.33019601011091
0.3302423267960963
0.3303152509256942
0.3304156378372451
0.3305307266352698
0.3306628820132361
0.330755804090884
0.330854734159884
0.3309335634788034
0.3309984521108764
0.3310606007680739
0.3311316404651856
0.3311741684724705
0.3312213286607555
0.3312615196171521
0.331297150952697
0.3313336037410519
0.3313756025052081
0.331423896234921
0.3314736770350955
0.3315171320591782
0.3315611107366182
0.3316093670675943
0.3316659685299516
0.3317382072809885
0.3317976938411752
0.3318417417067505
0.3318817993945445
0.33192208244812
0.3319687277097246
0.3320243622953052
0.3320866400783732
0.3321401866781591
0.3321942778528199
0.3322535549619069
0.3323241220095214
0.3324105828319212
0.3325232229616765
0.3326780733537454
0.3329234633105029
0.3332006694786443
0.3335047970356396
0.3338581572109101
0.3342907040784727
0.3348288501679473
0.3355787641245299
0.3364915659284775
0.3375559408327692
0.338858977932729
0.3399
0.3399043887751187
0.3399131663253561
0.339930721425831
0.3399461836850718
0.3399606033067362
0.3399767959286151
0.3399883979643076
0.34
0.3400043887751187
0.3400100356695765
0.3400198016501633
0.3400333954231485
0.340045999195918
0.3400601594577637
0.3400774116133912
0.3400942880509529
0.3401110020402258
0.3401259837888471
0.3401411156275717
0.3401591404204259
0.3401723477488788
0.3401852020490585
0.3402001351524683
0.3402173280609846
0.3402398661102888
0.3402571642870424
0.3402772085244369
0.3402971579618078
0.3403195448774927
0.3403477412412216
0.3403859069576148
0.3404448864004609
0.3405167780755168
0.3405941867814691
0.3406820350398913
0.3407812197756525
0.3409013489884257
0.3410551067008319
0.3412651168527382
0.3415795388115807
0.3421306253712728
0.3425643524434376
0.3428977183693009
0.3432606706076757
0.3435916881326278
0.3439265147812076
0.3443001399103084
0.3447584760764673
0.3455853597939174
0.3469044894101435
0.3483950090202739
0.3499
0.3499064972325535
0.3499194916976606
0.3499454806278747
0.3499689393152933
0.3499844696576467
0.35
0.3500064972325536
0.3500142473960984
0.3500287931994731
0.3500499816249545
0.3500724048813755
0.350093315246258
0.3501195535347252
0.3501517832373953
0.3501844185913062
0.3502172749432522
0.3502599979173508
0.3503060059783717
0.3503537557534208
0.3504066391592712
0.3504807303106511
0.3505373056040241
0.35065045619077
0.350791750753632
0.350955950033522
0.3511551085389277
0.3513981474030161
0.3517099568153036
0.3521393494372901
0.3527971174651036
0.3538379500535692
0.3546164856728078
0.3554668150982032
0.3562778639600571
0.3572207385403651
0.3578997748020314
0.3587342016879591
0.3599
0.3599080578196908
0.3599241734590725
0.3599425381775817
0.3599606530381164
0.3599804134316869
0.36
0.3600080578196908
0.3600194717807678
0.3600380226924886
0.3600577101831799
0.3600793130506751
0.3601018320934347
0.3601297265551351
0.3601645533780966
0.3602152143643287
0.3603108541330212
0.3604592588455761
0.3606738225256439
0.3609216208488973
0.3612825503949242
0.3619334139411998
0.3629824385411098
0.3650487694999158
0.3690083314524413
0.3699
0.3699068680598758
0.3699206041796275
0.3699480764191307
0.3699699233768459
0.369984961688423
0.3699924808442115
0.37
0.3700068680598758
0.3700131706051084
0.3700251627086376
0.3700483642338994
0.3700686492238619
0.3700910463913689
0.3701183310903071
0.370150821969272
0.3701836523715639
0.3702258326148547
0.3702819349100478
0.370349799244909
0.3704271002226932
0.3704940035603388
0.3705923461451536
0.3707070579416447
0.3708392606746653
0.3709898347954264
0.3711560822456715
0.3713372538854551
0.3715197591156491
0.3717269922856679
0.3720280200347945
0.3722431941774624
0.3724282453839597
0.3726194304258814
0.3728278002369056
0.3730841343585391
0.3734089754948722
0.373780432638953
0.3741833681018704
0.3746386579777074
0.3751656335353276
0.3757881196172432
0.37653320792517
0.3772803052673781
0.3778841977555837
0.3784495156684381
0.3788848738960644
0.3793695934735046
0.3797700460312425
0.3799
0.379929229980946
0.379964614990473
0.38
0.3800292299809461
0.3800606399792486
0.3800968926961528
0.380160635107821
0.3802291622658586
0.38031418548297
0.3804296183739786
0.3805850479298368
0.3807585696421295
0.3809551867308924
0.3811853266148437
0.3814616524095399
0.3818290559413947
0.3821941181496764
0.3825177770560074
0.3828543848096071
0.3832524906022872
0.3837230814707656
0.3843810091566425
0.3853970114284302
0.387303157701969
0.3897724548482505
0.3899
0.3899104025935898
0.3899312077807696
0.3899612060464818
0.3899806030232409
0.39
0.3900104025935899
0.390024019532512
0.3900443670851165
0.3900698715277274
0.3900982579410718
0.3901293925159953
0.3901676300376025
0.3902115071684596
0.3902613826169454
0.3903154382771491
0.3903663326482986
0.3904124641881845
0.3904595184575312
0.390514717528242
0.3906164153130103
0.3906902979871075
0.3907570349308713
0.3908296606507855
0.3909137364919812
0.391025300838779
0.3911805065030052
0.3914639888111759
0.3920309534275173
0.3928022510162336
0.3942906266960401
0.3972673780556532
0.3999
0.3999041559510947
0.3999124678532843
0.3999290916576633
0.3999480095499502
0.3999673955995387
0.3999836977997694
0.3999918488998847
0.4
0.4000041559510948
0.4000082583014981
0.4000164630023048
0.400032872403918
0.4000505589788896
0.4000707600591153
0.4000962140859521
0.4001223413550677
0.4001468404380398
0.4001669969329737
0.4001844323044353
0.4002008319808965
0.4002178656274482
0.4002394657585891
0.4002566525953052
0.4002745129066146
0.4002904580698192
0.4003048174719909
0.4003179269493501
0.400329750716191
0.4003407441715633
0.4003516815874965
0.4003639412430604
0.4003777860045434
0.4003921140105733
0.4004041541713776
0.40041603406267
0.4004287956410438
0.4004433860085552
0.4004615273863896
0.4004802287918221
0.4004983653666119
0.4005177150530483
0.4005388660131524
0.4005596390159777
0.4005748865065686
0.400588127802586
0.4006007906707445
0.4006137965906333
0.4006290378943666
0.400642961669446
0.400659304634941
0.400671421743953
0.4006861392741521
0.4006996911616749
0.400717881905067
0.4007346064150715
0.4007570760922249
0.4007757782155247
0.4007954712694257
0.4008188700165074
0.40084855628114
0.4008904492465912
0.4009571243326387
0.4010477220568816
0.4011444148503128
0.4012543572396703
0.4013795580543633
0.4015318312116957
0.4017285641212613
0.4020015918414425
0.4023340295836448
0.40271659901356
0.4031583513059878
0.4036705249202959
0.4042691281745244
0.4049745043767667
0.4057482937733913
0.4067299467562736
0.4075340839799645
0.4082926532733524
0.4091622151155792
0.4099
0.4099049730398011
0.4099149191194032
0.4099348112786075
0.4099510318748365
0.4099685629764163
0.4099842814882082
0.4099921407441041
0.41
0.4100049730398011
0.4100102373272719
0.4100207659022134
0.4100377452017373
0.4100545422447363
0.4100725005887125
0.4100931233680328
0.4101174529500644
0.4101466592334626
0.410183410348202
0.4102225848881825
0.4102660566546222
0.4103151292288361
0.4103759480640476
0.4104516514791366
0.4105546496454991
0.410721380777928
0.4109535194242411
0.411256273632409
0.4116774847164145
0.4123363586654374
0.4131750368437641
0.414212099474109
0.4155070102219768
0.417141534577968
0.4192461843723935
0.4199
0.4199048336377933
0.4199145009133799
0.4199338354645531
0.4199508594322241
0.4199718176665952
0.4199859088332976
0.4199929544166487
0.42
0.4200048336377933
0.4200094921619496
0.4200188092102622
0.4200340922135584
0.4200498101507418
0.4200695103021552
0.4200917432421427
0.4201181304058417
0.4201427430223206
0.4201765248440797
0.4202127419913805
0.4202568458896134
0.4203008505396497
0.4203603827917293
0.4204279077178906
0.420514807617294
0.4205836179467369
0.4206958283568281
0.4208257096179873
0.4209773011467663
0.4211522499846439
0.4213506291235758
0.4215089245653307
0.4216556724927743
0.4218523101803713
0.4220059052527115
0.422173632414547
0.4224842413864552
0.4229113330012125
0.4233909201567593
0.4239413420088262
0.4245745341479669
0.4253082985698243
0.4261697914092198
0.4271913822353486
0.4284107466332914
0.4299
0.4299274321819807
0.4299637160909904
0.43
0.4300274321819807
0.4300511064226205
0.4300828393059317
0.4301313192233981
0.4301791619358242
0.430236216574003
0.4303008539317673
0.4303745347817727
0.4304744580452908
0.4306513426201036
0.4308656769376641
0.4310608724195557
0.4312490027076667
0.43145067988425
0.431744651314603
0.4319712963599643
0.4321647865673344
0.4323595568417133
0.4325671699752102
0.4328160312700378
0.4331212830199569
0.4335155441036561
0.4339227052162402
0.4343671075888262
0.4348688362318228
0.4354130316037961
0.435854685035821
0.4364105044687275
0.4370101666240909
0.4375732177263307
0.4383069389786292
0.43885794627203
0.4392666929266318
0.4396797314227586
0.4399
0.439907956415701
0.4399238692471029
0.4399530565882671
0.4399753367405372
0.44
0.440007956415701
0.44002132099322
0.4400403803845896
0.4400620802318985
0.4400858319145739
0.4401146229449353
0.4401485146973685
0.4401882211541774
0.4402357401972684
0.440292296107776
0.4403605868615388
0.4404340784755986
0.4405164374754572
0.4406104785564054
0.4407077282932744
0.4408113500640602
0.4408684589605464
0.4409394111823625
0.4409981277045726
0.4410494700482634
0.4411029595741543
0.441167107744492
0.441253347463253
0.4413222487745758
0.4413857053933417
0.4414530504931082
0.441528795714634
0.4416018892629221
0.4416598356426092
0.4417135555732238
0.4417695022196261
0.4418372236230284
0.4419230739091132
0.4419957354884176
0.4420683066813968
0.4421450903829185
0.4422309308823608
0.4423365950440756
0.4424701565168369
0.4426559034835181
0.4429339547985911
0.4432787633623835
0.4436583626900211
0.4440973621322311
0.4446331040005719
0.4452950852927168
0.4462104466198955
0.4473407721008135
0.4486503735102417
0.4499
0.449903731631702
0.4499111948951061
0.4499261214219142
0.4499391220310552
0.4499614405303413
0.4499807202651707
0.4499903601325853
0.45
0.450003731631702
0.4500083300304574
0.4500148068653292
0.4500253313264464
0.4500361906669459
0.4500459967015498
0.4500553259572542
0.4500650386590734
0.4500776836873139
0.4500903287681429
0.450099765793227
0.4501087304783413
0.4501180017394176
0.4501277417875099
0.4501369359757199
0.4501442151928062
0.4501502913851895
0.4501565574780152
0.4501633609680654
0.4501704440447918
0.4501767682915213
0.4501833552908726
0.4501907704808225
0.4501998498908131
0.4502120729888648
0.4502285271205371
0.4502444696220617
0.4502566634293343
0.4502667118663283
0.4502758138475644
0.4502850657448975
0.4502972390136017
0.450309313729315
0.4503178118509041
0.4503252385240835
0.4503321521213452
0.4503388204754316
0.4503457825937275
0.4503538766615176
0.4503629673977433
0.450372556727553
0.4503807132521533
0.450388786637003
0.4503974914427644
0.4504074699615089
0.4504199048000213
0.4504357998751504
0.4504577894573876
0.4504906381028256
0.4505463106316485
0.4506430970883637
0.4507186117716095
0.4507742068052285
0.4508199402977779
0.4508592281490562
0.4508962851469628
0.4509355688161435
0.4509870459856883
0.4510237064746579
0.4510614684168859
0.4510944134322263
0.4511228807873798
0.451148744138239
0.4511728644459973
0.4511967722213739
0.4512230114711361
0.4512604015017111
0.4512956473391057
0.4513229480351237
0.4513497037081586
0.4513780385874854
0.4514103849727905
0.4514508124382832
0.4514921134280913
0.4515388334483913
0.4515714886612424
0.4516058044056772
0.4516338141984749
0.4516585833777579
0.4516839718950215
0.4517136901628553
0.4517383506931665
0.4517671644918165
0.4517930826621052
0.4518247024600847
0.4518598125109534
0.4519003994865289
0.4519382642693053
0.4519793243257124
0.4520300714696279
0.4520938103723121
0.4521650939413966
0.4522361257365499
0.4523107076808082
0.4523924372779067
0.4524867887215702
0.452596781149591
0.4527344583023021
0.4529160464736887
0.4531731518728332
0.4535779584115948
0.4541187969858381
0.4547366667036338
0.4554480048400839
0.4562771570590558
0.457263823114745
0.4584465399162735
0.4599
0.4599052281291798
0.4599156843875394
0.4599365969042586
0.4599544580018493
0.459974254319728
0.459987127159864
0.46
0.4600052281291798
0.4600121246114182
0.4600259175758948
0.4600434224281461
0.460059786829876
0.4600801967820799
0.4601033142265049
0.4601301938183638
0.460168136378493
0.4602129851088418
0.4602644921167174
0.4603301575096009
0.4603924535581301
0.4604497836268495
0.46054924190962
0.4606631925487591
0.4607847104179704
0.4609215158969119
0.4610809200950817
0.4612705540679866
0.4614943977988669
0.4616542702504865
0.4619089491278821
0.4622087940955063
0.4625558534977099
0.4629590117953751
0.4634337235471259
0.4640546222809085
0.4649049569174442
0.4662595862046233
0.4689688447789817
0.4699
0.4699065432301665
0.4699196296904994
0.4699458026111653
0.469965302769844
0.469982651384922
0.47
0.4700065432301665
0.4700164450368908
0.470029598649577
0.4700499348870423
0.4700686800518867
0.470090140634598
0.4701173184501485
0.4701462923205328
0.4701793800478131
0.4702219237038985
0.4702621984594438
0.4702982020930202
0.4703338419457582
0.4703748974514756
0.4704078279184016
0.4704460933426824
0.4704808397816154
0.4705143361786858
0.4705482430469426
0.4705799369489473
0.4706063489564565
0.4706290970781172
0.4706522644451065
0.4706867606406741
0.470715337806496
0.4707392762542278
0.470764362033734
0.4707922375076491
0.4708268440923934
0.4708741575982709
0.4709305948297514
0.4709759129105178
0.4710136400119187
0.4710485671155094
0.471085256214516
0.4711129292791189
0.4711487323336621
0.4711775762004666
0.4712027813871115
0.4712276576908151
0.4712536731468631
0.4712851323705837
0.4713172937956842
0.4713526506266191
0.4713846147520384
0.4714170632454379
0.4714527355675613
0.4714953878054527
0.4715477932290743
0.4716183741490863
0.4717204607007313
0.4718844549175186
0.4721989041043815
0.4726003440714178
0.4730471885435663
0.4735541352197397
0.4741333258084508
0.4748035752837922
0.47557910194312
0.476484841035953
0.4775557437704329
0.4788399479158119
0.4799
0.4799144449193445
0.4799433347580335
0.4799716673790168
0.48
0.4800144449193445
0.4800291442761978
0.4800503059659869
0.4800823446020185
0.4801073691919667
0.4801345862881475
0.4801677220539687
0.4802074317317815
0.4802438324748919
0.480283394501996
0.4803325926994048
0.4804025375187085
0.4805376318089591
0.4807600990147377
0.481058341704682
0.4816548270845705
0.4828477978443476
0.4852337393639018
0.4888554476375722
0.4899
0.4899143575231872
0.4899430725695615
0.4899771257973241
0.49
0.4900143575231872
0.4900306958241473
0.490055070061382
0.4900883124767355
0.4901196595138755
0.4901586586933187
0.4901995689012669
0.4902480572579049
0.4903230486466695
0.4904482117559179
0.4906487089436853
0.4909603520603017
0.4915836382935345
0.4928302107600002
0.4953233556929315
0.4999
0.4999209066556444
0.4999627199669331
0.5
0.5000209066556444
0.5000417515174477
0.5000712691177115
0.5001119065147519
0.5001513123197849
0.5001996734944814
0.5002521122555329
0.5003127915066496
0.5003970949400877
0.5005597537162495
0.5008054493428745
0.5011638031523452
0.5018805107712866
0.5033139260091694
0.5061807564849349
0.5099
0.5099039202837118
0.5099117608511353
0.5099274419859824
0.5099427920102921
0.5099550441743672
0.5099676893080375
0.5099817643319396
0.5099908821659698
0.51
0.5100039202837118
0.5100087884653524
0.5100185248286335
0.5100294537425419
0.5100410819750402
0.510054769190982
0.5100684897827286
0.5100829820565441
0.5101003966574674
0.5101229980400434
0.5101559529615401
0.5101953052632253
0.5102407174831874
0.510293431995622
0.5103368932209676
0.5103726704860116
0.5104044978171741
0.5104345222469335
0.5104658909287269
0.5105057732597327
0.5105368218821119
0.5105692571118676
0.5105979405183585
0.5106233988479095
0.510646553346124
0.5106676001457227
0.5106874553626061
0.5107075253230924
0.510730422142948
0.5107540156676149
0.5107800024132384
0.5108022118763336
0.5108239728889225
0.510847290509575
0.5108736509991009
0.5109060534574472
0.5109394846975615
0.5109734765879098
0.5110143919011658
0.5110386446079676
0.5110639506537753
0.5110857458025345
0.5111054482427956
0.5111262056680224
0.5111470410533573
0.51117223401258
0.5111908968100638
0.5112145772259815
0.511236615123205
0.5112644435976791
0.5112896374907302
0.5113261512097124
0.5113572537927731
0.5113918428363744
0.5114339233238985
0.511489746741192
0.5115479836094171
0.5116066252839362
0.5116690149463095
0.5117375745843618
0.5118172585201012
0.5119107646401971
0.5120284451496275
0.5121846188162791
0.5124041065618152
0.5127214396907754
0.5131629998756625
0.5136684184557093
0.5142480352798544
0.5149205375090001
0.5157090904077019
0.5166533253195095
0.5177832370205837
0.5191166032370981
0.5199
0.519904911364401
0.5199147340932029
0.5199343795508067
0.5199506813072196
0.519968870792698
0.519984435396349
0.52
0.520004911364401
0.5200133703862723
0.5200244143767242
0.5200357464031551
0.5200483623949733
0.5200596247784821
0.5200757192260892
0.5200917875886073
0.5201051939005714
0.5201170367586988
0.5201278072119369
0.520138395727168
0.5201498354641436
0.5201641572461617
0.5201882052599263
0.5202071523967519
0.5202241548067392
0.5202413644991581
0.5202588641556932
0.520278325825292
0.5202992103552679
0.5203409794152198
0.5203847305078759
0.5204383459886066
0.5205067559409641
0.5205893237652268
0.5206988616227136
0.5208649030115663
0.5211731012851112
0.5215900839385089
0.5221261851479023
0.5228188217551489
0.5237128609857742
0.5248701146460015
0.5263597729123556
0.5282488180924616
0.5299
0.5299029844495345
0.5299089533486036
0.5299208911467416
0.5299349635367476
0.5299486409329537
0.5299607644490439
0.5299727510648767
0.5299890001087977
0.53
0.5300029844495345
0.5300076458964469
0.5300162876111248
0.5300262042266646
0.530041184817335
0.5300561719252214
0.5300739941859998
0.5300976129966619
0.5301239972070841
0.5301463988152338
0.5301688274360634
0.530193250325488
0.5302201956916649
0.530260835010243
0.5302934620521447
0.5303451045923329
0.5303889536964201
0.5304472605302806
0.5305373379500822
0.5306030119123682
0.5306842511480517
0.530773633541587
0.5308902460963031
0.5309818779469883
0.5310821299919378
0.5312247914812197
0.5313384314852654
0.5315047814102833
0.5317642383432536
0.5320631815689484
0.5324058716316602
0.5327983579221096
0.5332478208188258
0.5337678330705826
0.5343731646806803
0.5350810734446512
0.535913095919426
0.5368970912826083
0.5380712625912628
0.5394715845301915
0.5398999999999999
0.5399088700251575
0.5399266100754727
0.5399498945443576
0.5399717652757915
0.5399858826378958
0.54
0.5400088700251576
0.5400185696774767
0.540034048236319
0.5400576250486064
0.540082738985167
0.5401099086003802
0.5401466203419419
0.5401947527115956
0.5402383976745404
0.5402789218345018
0.5403205061692031
0.5403774851316953
0.5404177464430588
0.5404463340872674
0.5404725234436086
0.5404991219197101
0.5405322133735043
0.5405738228048435
0.5406092226971961
0.5406426861172762
0.5406784410900354
0.5407190080410834
0.5407505571861975
0.5407776046096687
0.5408045931095289
0.540835444441053
0.540870020390843
0.5408992840200904
0.5409343547991207
0.5409712251516107
0.5410125255387854
0.541055738204724
0.5411025093651979
0.5411596649718822
0.541229657035065
0.5412990161820862
0.5413718597250378
0.541452205557028
0.5415452246997631
0.5416551219850719
0.5417949863491479
0.5419839741471248
0.5422621705771465
0.542684973774053
0.5434680792745894
0.5450342902756622
0.547467023472117
0.5498999999999999
0.5499054333852574
0.5499163001557724
0.5499380336968024
0.5499579211359412
0.5499762435930998
0.5499881217965499
0.549994060898275
0.55
0.5500054333852575
0.5500100327285681
0.5500192314151892
0.550034032499136
0.5500497289059691
0.5500661403883161
0.5500866021162693
0.550104745025826
0.550123075243892
0.5501386031308516
0.5501519786195982
0.5501649961889592
0.5501785727017616
0.5502044059819917
0.5502238787232087
0.5502428635394048
0.5502619953501818
0.5502814787718
0.5503034341884593
0.5503299843716905
0.5503647155281943
0.5504131955435076
0.5504790838619594
0.5505541655319068
0.5506428875382282
0.5507577934357732
0.5509246450586405
0.5512395789693327
0.5516681350801077
0.5522168028800165
0.5529256333159176
0.553856216264747
0.5551265903613992
0.5569643776051747
0.5598848793450522
0.5599
0.559905583869808
0.5599141462898336
0.5599312711298847
0.5599492787724045
0.5599676843748698
0.5599855492371586
0.56
0.5600055838698081
0.5600129658130788
0.5600250628366835
0.560042668615197
0.5600600109564938
0.5600775880689955
0.5600982730977214
0.5601183801852697
0.56014929166123
0.5601883708225387
0.5602175788437715
0.5602551315979812
0.5602879085693632
0.5603300985204509
0.5603774780694913
0.5604311165574919
0.5604938566129168
0.560569177688095
0.5606643647204859
0.5607929831248493
0.5609624134635879
0.5612082252222508
0.5615989025148587
0.5622302422594377
0.5634392419622217
0.565448239533828
0.567993651963901
0.5699
0.5699068439552285
0.5699205318656856
0.5699479076865998
0.5699674878948643
0.5699837439474322
0.5700000000000001
0.5700068439552286
0.5700164365921968
0.5700336662595562
0.5700539460273687
0.5700724713290092
0.5700943627691881
0.5701216515446864
0.5701505009110761
0.570180719150129
0.5702252042890628
0.5702873382815018
0.5703569166974113
0.5704128588815507
0.5704897210333488
0.5705893700727206
0.5706735230936824
0.5708043407589296
0.5709563112302091
0.5711342353225735
0.5713399798272597
0.5715750685817852
0.5718454414763017
0.5720823011986312
0.5724309671159005
0.5728377205566642
0.5733090484600785
0.573857343271485
0.5744915537789721
0.5752246374666248
0.5760893330351997
0.5771069195893707
0.5783523773151757
0.5798905095704145
0.5799
0.579907593574042
0.579915187148084
0.5799276461061922
0.579947198786491
0.5799671984075637
0.5799913006173995
0.58
0.580007593574042
0.580014494888366
0.5800261040533445
0.5800464695206169
0.5800657469911027
0.5800874629960141
0.580112796566421
0.580142540436805
0.5801807182329899
0.5802224845811388
0.580267935413429
0.5803195425193689
0.5803813593865272
0.5804678541214111
0.5805921358089697
0.5807001260289206
0.5807946861391778
0.580886543532914
0.5809870654962669
0.5810751564828842
0.5811756563846923
0.5812635351338841
0.5813453212451514
0.5814222545807528
0.5814895846084562
0.5815503956589135
0.5816146329459609
0.5817216906255703
0.5817979924140638
0.5818640310980053
0.5819345052628974
0.5820170899392247
0.5821190269380208
0.5822239604624708
0.5823161347125851
0.5824040495973983
0.582504634444949
0.5825720567567069
0.5826448045633509
0.5827092048398191
0.582770138925337
0.5828363113986696
0.5829199487386032
0.5830021157128694
0.583088574453977
0.5831712108456334
0.5832580106241088
0.5833563770964182
0.5834772925642531
0.583631716394842
0.583848834623709
0.5841844779518091
0.5847918883559874
0.5857073567229788
0.5867403293552809
0.5879150671826839
0.5892769987290268
0.5899
0.5899023035157488
0.5899069105472464
0.5899161246102417
0.5899266391009589
0.5899401742380758
0.5899528613389079
0.5899632151439221
0.58997215310772
0.5899803217496793
0.5899884628588323
0.5899942314294162
0.59
0.5900023035157488
0.5900057195000451
0.590010415802721
0.5900152115513756
0.5900206072787241
0.5900252271896391
0.5900296032712993
0.5900342968834449
0.5900402617690549
0.5900462194816053
0.5900522870214856
0.5900581620435172
0.5900644094631468
0.5900715635233238
0.590080399373312
0.5900922123710645
0.5901082958252805
0.5901338536670798
0.5901548193248674
0.5901703492778715
0.5901831882667996
0.590194463917008
0.5902054023608884
0.590217630470908
0.5902313425746273
0.5902456912166222
0.5902572586883083
0.5902677643191794
0.590277512301291
0.5902862936675697
0.5902942214370428
0.5903016296626411
0.5903090798305769
0.59031769291442
0.5903255915378938
0.5903346476175894
0.5903426877965737
0.5903506441722717
0.5903592643203922
0.5903690795668414
0.5903811659541758
0.5903942401476778
0.5904067814699936
0.5904190233577263
0.5904322624290337
0.5904490892280587
0.5904626297794856
0.5904727700373518
0.5904818020436898
0.5904903348550743
0.5904990808929325
0.5905091730437425
0.5905252902054858
0.5905383577468011
0.5905477299320631
0.5905565579326341
0.5905665031153376
0.5905774624551525
0.5905933543305706
0.5906073111087656
0.5906198649658716
0.5906331623397358
0.59064814246139
0.5906666566068706
0.5906919861399514
0.5907304256419527
0.5907886935995641
0.5908520264829523
0.5909209721847296
0.5910003053115391
0.5910921524778118
0.5912067831728548
0.5913586980744424
0.5915764746969878
0.5918361382064727
0.5920554455644723
0.5922506660404435
0.5924107480684336
0.5925710924683062
0.5927322523446957
0.5929079808585296
0.5930197247650703
0.5931416245334062
0.5932444995837107
0.5933405726434597
0.5934395609526986
0.5935410021017126
0.5936606432782845
0.5937925079802854
0.5939208058158406
0.5940446509941544
0.5941773948096639
0.5942972914350814
0.5943887716519629
0.5944745445904703
0.5945686306659206
0.5946826978469356
0.5948077289578017
0.5949243013143736
0.5950434817741168
0.5951759822832541
0.5953264993610002
0.5954978376619965
0.5957046327119144
0.5959509924153283
0.5962307807549152
0.5965489820959943
0.59693887091874
0.5974461044777183
0.5981718488180064
0.5992503734078187
0.5999
0.5999027694661238
0.5999083083983713
0.5999193862628663
0.5999326676641028
0.5999462375720176
0.5999632117583878
0.5999807513149727
0.6
0.6000027694661237
0.6000083083983713
0.60001770955878
0.6000336814309106
0.6000476689264065
0.6000630924931313
0.6000820748789061
0.6001015308077351
0.6001194560269523
0.6001370786132374
0.6001563770209074
0.6001857579232062
0.6002078601736681
0.6002264681542758
0.6002455941875773
0.6002663111380147
0.600289444757956
0.6003118307423146
0.6003287730415564
0.6003420945854948
0.6003551712912236
0.6003751899422751
0.6003905369092151
0.6004037697771454
0.6004179581910368
0.6004340897163576
0.6004549180262012
0.6004842612738907
0.6005119315483647
0.6005342119747958
0.6005536807620652
0.6005722845144515
0.6005931969726339
0.600607245174549
0.6006257656611605
0.6006416260229437
0.6006556215938723
0.6006692593909924
0.600683046040813
0.6006984320038758
0.6007203982630799
0.6007424259391982
0.600759548082671
0.6007764781698725
0.6007946676757193
0.6008158057528202
0.6008426888286137
0.6008795786342952
0.6009303761430449
0.6010126188229968
0.6011557933491973
0.6013210321043294
0.6015159890350411
0.6017615155233142
0.602042628791658
0.6023018133209351
0.602516694177649
0.6027025115604948
0.6028807811648694
0.6030635809681262
0.6032149005485077
0.6033306333410507
0.6034427828272785
0.6035573282927016
0.603681302521068
0.6038199642272262
0.6039735610986873
0.6041365723502785
0.6043054805643591
0.6044909878614061
0.6047069964039508
0.604913324622054
0.6050778050448203
0.6052054740128627
0.6053131639877407
0.6054145028123701
0.6055218406213766
0.6056734018977848
0.6057421375274032
0.6058133066999005
0.6058757982685573
0.6059306611166865
0.6059880308595215
0.606059127239804
0.6061469286417412
0.6062163621847032
0.6062813914704525
0.6063510821567863
0.6064318836088761
0.6065073724351959
0.6065613883513787
0.6066096181777225
0.6066590503391271
0.6067185193692967
0.6067999703431696
0.6068690532075092
0.6069333059078764
0.6070021278305368
0.6070811002362259
0.6071687917302767
0.6072669614527528
0.6073886819548537
0.6075943864435148
0.6078980797212933
0.6083151335106
0.6088011096081216
0.60934526845247
0.6099
0.6099076620712996
0.609922986213899
0.6099536344990976
0.6099754527286041
0.6099877263643021
0.61
0.6100076620712996
0.6100173295991224
0.6100292279634915
0.6100484541577375
0.6100687276245408
0.6100914234277235
0.6101177614741217
0.6101485268615199
0.6101784253073852
0.6102063111434469
0.6102316786038867
0.6102551780531446
0.6102783812320869
0.6103035554489341
0.6103328696331985
0.6103508887787018
0.6103707543942438
0.6103858340637425
0.610397326350887
0.6104084951254053
0.6104230883032676
0.6104383939974514
0.6104507159302119
0.6104635731240915
0.6104781264012705
0.6104975774654361
0.6105141931042324
0.6105282547532526
0.610541393531447
0.6105548704711208
0.6105730904430913
0.610589141496682
0.6106005475682715
0.6106105261393985
0.6106198276050532
0.6106291110070945
0.6106395402914373
0.610654777636929
0.6106691914522148
0.6106805988383913
0.6106919736669337
0.6107042214833978
0.6107185292928452
0.6107370502826661
0.6107614712882484
0.6107973470649035
0.6108576200965976
0.6109292830452382
0.6109948897123619
0.6110676088091518
0.6111398363960417
0.6112133574064391
0.611315129469531
0.61145528681719
0.6116555583169303
0.6118849111485714
0.6121471341602762
0.6124494723305991
0.6127985183896644
0.6132044186666868
0.6136771973053661
0.6142279214393009
0.6148713165430013
0.6156258990201854
0.6165158350801211
0.6175735698091054
0.6188532922153103
0.6199
0.6199063384329163
0.6199190152987489
0.6199443690304142
0.6199628957417828
0.6199838963072957
0.62
0.6200063384329163
0.6200163712879363
0.6200262148093973
0.6200459018523194
0.6200664272940534
0.6200877649744516
0.6201069553657138
0.6201232618215793
0.6201385607850436
0.6201550135040119
0.6201814847796459
0.6202000344063493
0.6202151862609285
0.6202306282923962
0.620246667289736
0.6202626224578995
0.6202757526309379
0.6202864425667127
0.6202970835139285
0.6203137067478124
0.6203262500458139
0.6203371202990329
0.6203488346391388
0.6203622331501112
0.6203796964570281
0.6204048893815423
0.6204307899330258
0.6204508322168761
0.6204674578250619
0.6204826656244796
0.6204984275089701
0.620522155498394
0.6205391260428952
0.6205517749629399
0.6205633201622454
0.6205742237580159
0.6205855400594427
0.6205989425559748
0.6206131373917634
0.6206287632012363
0.6206424333308503
0.6206561001312821
0.6206710121143729
0.6206882852143957
0.6207099064801852
0.6207390150550923
0.6207783992364473
0.6208404614703164
0.6209560524206025
0.6211568978419382
0.6213798675974783
0.6215526247194485
0.6217333908481215
0.6219831555497884
0.6221680097510931
0.6223715983099875
0.6227787754277762
0.6232799427773851
0.6238607594682262
0.6245322927650705
0.6252199048365709
0.6259353726298076
0.6267496377976474
0.6279500448885003
0.6290164153003601
0.629872228543369
0.6299
0.6299063384329163
0.6299163967787756
0.6299308901461076
0.6299483921091803
0.6299644262818475
0.6299793983385037
0.6299945617532569
0.63
0.6300063384329163
0.6300116653799711
0.6300189499930662
0.6300335192192563
0.6300451715364044
0.6300570941765194
0.6300728397364637
0.6300925254543805
0.6301084550098708
0.6301251206733284
0.6301438149727299
0.6301677048303495
0.6301947750289937
0.6302143874812882
0.6302300273110505
0.6302434923991316
0.630256286791477
0.6302715273366671
0.6302869436640779
0.6303025397738543
0.6303175904040347
0.630333586103229
0.6303501571535749
0.6303657686319201
0.630381325850518
0.6303980313841044
0.6304186755350097
0.6304393744884553
0.6304611223020617
0.6304812978729883
0.6305020901047451
0.6305252138249141
0.6305531398735161
0.6305870273912484
0.6306202136548812
0.630654644946255
0.630688616714011
0.6307168726637349
0.6307415810484044
0.6307650602053904
0.6307898847121448
0.6308235792616192
0.6308594110576424
0.6308866572156661
0.6309134420051931
0.6309423689435215
0.6309761094778863
0.6310142060978777
0.6310515833565042
0.6311069596710385
0.6311488006079202
0.6311784008376531
0.6312054287900147
0.6312321958931734
0.6312631332316104
0.6313018690157156
0.6313417691204534
0.6313764756238963
0.6314119080163515
0.6314508183746473
0.6314941679543166
0.631544026113821
0.631598898404358
0.6316631454906304
0.6317388611422481
0.6318283706936998
0.6318988137448588
0.6319673098462457
0.6320727340989829
0.6321643618159248
0.6322369962639498
0.6322985355327311
0.6323527423308448
0.6324067526529322
0.6324644176995189
0.6325078160962663
0.6325409644881194
0.632572336597976
0.6326075789257608
0.632642295360263
0.6326792513071695
0.6327192579939641
0.6327620325143655
0.6328121744495447
0.6328586365355293
0.6329073040767929
0.6329600199913377
0.6330167080333514
0.6330825187306017
0.6331632589664439
0.6332437377885161
0.6333210863468326
0.6333989985542791
0.6334831747058406
0.6335795725894139
0.63369182123737
0.6338033509301235
0.6339287976128415
0.6340756643472022
0.6342575857970527
0.6345056746283821
0.6348215647388213
0.6352096420195793
0.6356618394022446
0.6361171740139031
0.6365800168780197
0.6370597791885583
0.6375189554510858
0.638057408483827
0.6387640239164686
0.6394886526419375
0.6399
0.639904789127362
0.6399143673820861
0.6399335238915341
0.6399469781033567
0.6399628610406083
0.6399813584412547
0.64
0.640004789127362
0.640013711566363
0.6400237442490192
0.6400438096143316
0.6400590888613914
0.6400731162253717
0.6400864948188137
0.6400985687233204
0.640110084002407
0.6401220311945112
0.6401366943406002
0.6401494492308232
0.6401628442311685
0.6401753745366368
0.6401881475119207
0.6402022060719467
0.6402189301986341
0.6402390994206302
0.6402586148056155
0.6402784544214024
0.6403006064483993
0.6403168474457664
0.6403346031258688
0.6403498855836686
0.6403636745801442
0.6403773906980481
0.640391952061415
0.6404097635957683
0.6404309733720955
0.6404470261730286
0.6404628747766206
0.6404805010117918
0.6404998084592131
0.6405209542114837
0.6405410164990161
0.6405648277762053
0.6405871954902436
0.6406069796986155
0.6406288229988673
0.6406556809025261
0.640686936452545
0.6407175404506279
0.6407393610131212
0.640763759356774
0.6407875873856034
0.6408113555395023
0.6408420755598657
0.6408981999467698
0.6409688950827335
0.6410261097070199
0.6411113309662884
0.641211680976681
0.6413034433614407
0.6413782532943102
0.6414553181724593
0.6415249087485833
0.64158887343091
0.6416406968392145
0.6416893733876279
0.6417516191559287
0.6418189315013655
0.6418711579761635
0.6419247661212831
0.6419847305936683
0.64205980787078
0.642126682282021
0.6421887395588407
0.6422556749976079
0.6422985022621615
0.6423564145375612
0.6424048008907025
0.6424480029797632
0.6424927519678106
0.6425438265202311
0.6426257517498788
0.6426949274307997
0.6427533007468931
0.6428140861612593
0.6428810907488183
0.6429644465956025
0.6430728260836738
0.6432302648177252
0.6434844212349397
0.6437883087703874
0.644026727906109
0.6442318335915238
0.644447726816234
0.6446926251234125
0.6449023613032725
0.6450994725632744
0.645329168723492
0.6455410065238543
0.645689322405647
0.645826156856914
0.6459760666100034
0.646199617242296
0.6464200547362895
0.64660613956669
0.6468016212870441
0.6470230902937897
0.6473026341106494
0.647674595618084
0.6482453586096568
0.64929330242388
0.6499
0.6499052933540856
0.6499158800622569
0.6499370534785993
0.6499638318405625
0.6499819159202813
0.6499909579601406
0.65
0.6500052933540856
0.6500102209429746
0.6500200761207524
0.6500376044629248
0.6500615032725914
0.650087612592348
0.6501189750616966
0.6501487292311648
0.6501786297181106
0.6502069969737784
0.6502316219732271
0.650255821245973
0.6502776370530752
0.6502984712353358
0.6503205908532377
0.6503493253294078
0.6503706740109052
0.6503924317157926
0.6504116921837895
0.6504286070875778
0.6504439055361463
0.6504579240222648
0.6504714697024927
0.6504858491835601
0.650504604723011
0.6505267680242225
0.6505425325745332
0.6505574686612888
0.6505732777242951
0.6505911210709536
0.6506135457995672
0.6506364692381713
0.6506597980017387
0.6506879301123119
0.650715167933155
0.6507354333883413
0.6507524757788373
0.6507684463315111
0.6507846532580153
0.6508033408378457
0.6508226662578326
0.6508415954760692
0.6508608558120254
0.6508811456346281
0.6509027222525048
0.6509269766070952
0.6509541278419513
0.650981827027712
0.6510130977464028
0.6510513044671531
0.6511023009180164
0.651180328931026
0.6512890439777717
0.6514075250651289
0.6515420031361917
0.6516944919331183
0.6518789160156118
0.6521154875016887
0.6524409073490774
0.6528462509827992
0.6533146477889017
0.6538574369112776
0.6544899887866572
0.6552342588843139
0.6561245970730331
0.6571825715727199
0.6584272849456725
0.6598822490489781
0.6599
0.6599084934526819
0.6599172415872497
0.6599347378563855
0.6599567359475103
0.6599767935506012
0.6599987352936737
0.66
0.6600025294126527
0.660007588237958
0.6600154018444344
0.6600310290573872
0.6600471180088769
0.6600643298094723
0.6600807788620797
0.660104092454661
0.660129336460469
0.6601499826920925
0.6601764991761914
0.6602106291531045
0.6602489508901467
0.6602803168155958
0.6603153459052392
0.6603599658921788
0.6604292457157075
0.6604967205616198
0.6605625997774913
0.6606264644182402
0.6606877349255091
0.6607353579746849
0.6607739087875304
0.6608111454880756
0.6608510341802251
0.6608892053426367
0.6609283251990447
0.6609671267156475
0.6610008318982507
0.6610319028750623
0.6610632974153723
0.6610948356599948
0.6611228962573472
0.6611481337399329
0.6611718137475082
0.6611956609273106
0.6612232564691238
0.6612629120691281
0.6612927713175614
0.6613188589730506
0.6613459828259338
0.6613757675335237
0.6614126133064991
0.6614569011323583
0.6615002167069203
0.6615370303014312
0.6615713672524993
0.6616062099893361
0.6616458251250202
0.6616896628441493
0.6617362510562885
0.6617818905884657
0.6618274045136733
0.6618768696510718
0.6619320642239527
0.6619953057815596
0.6620648995937801
0.6621347642845872
0.6622066177820831
0.6622847622891324
0.6623762666494306
0.662485226925646
0.6626260929109911
0.6627930023336774
0.6629970253968746
0.6632579622059329
0.6636136677680124
0.6641418948721381
0.6647894047864352
0.6654793310997567
0.6662237497078523
0.6669005827115002
0.6675487055493544
0.6682430086666632
0.6690745308742794
0.6698999999999999
0.6699032610054824
0.6699097830164472
0.6699228270383769
0.6699378476668264
0.669959142690451
0.6699813058541235
0.67
0.6700032610054825
0.6700097830164473
0.6700209347591208
0.6700317136716142
0.670048298338648
0.6700664502929737
0.670086333281986
0.6701096381043418
0.6701312034313295
0.6701508980972113
0.6701709324139226
0.6701884098814974
0.6702028704583918
0.6702204306043439
0.6702350043074412
0.6702486980403892
0.6702634343138627
0.6702767155716738
0.6702892665374198
0.670302268349575
0.6703187738251439
0.6703283774884414
0.6703383727490984
0.6703471044520969
0.670354891044834
0.6703627974362006
0.6703716777639931
0.67038352543336
0.670395529126159
0.6704053161157933
0.6704150852385983
0.6704256635411961
0.670437968654145
0.670453738426605
0.6704688527255633
0.6704807950165312
0.670491044744427
0.6705009713347085
0.6705118339413526
0.6705270159726311
0.6705443081039165
0.6705581368840036
0.6705720037427683
0.6705859893367601
0.6705982841416087
0.6706106421519817
0.6706248023655977
0.6706456839309578
0.6706604914771988
0.6706698030031896
0.670678711164192
0.6706885717610713
0.6706984175115184
0.6707073834907739
0.6707175496197355
0.6707322340607605
0.6707509374758578
0.6707737094023126
0.6707989190536358
0.6708282291788813
0.6708607416948839
0.6708980457297823
0.6709433988337442
0.6709798928148002
0.6710384132158925
0.6710966115654937
0.6711445889106952
0.6712177235610286
0.6712808877170694
0.6713621795568484
0.6714856213904525
0.6716883078340044
0.6720024346131248
0.6723548804397832
0.6727484279069803
0.6731943595851113
0.6737024889423442
0.6742764699454654
0.6748479441845959
0.6756316195190065
0.6762124739796708
0.6768028241277942
0.677484586767684
0.6784774982197755
0.6799
0.6799036695717254
0.6799110087151764
0.6799256870020783
0.679942924055427
0.6799596376900214
0.6799805303883988
0.68
0.6800036695717255
0.6800110087151765
0.6800231928857443
0.68003937138793
0.6800566513012494
0.6800757417755241
0.680098020980648
0.6801244774422414
0.6801566578206969
0.6801837808308928
0.6802147323760634
0.6802448639720977
0.6802747498433185
0.6803033208029036
0.6803270677006491
0.68034854459568
0.6803742483589971
0.680406172203495
0.6804371423571021
0.6804643099433435
0.6804935815202262
0.6805282240110267
0.6805730044830838
0.6806159318038707
0.6806593849628918
0.6807060721098882
0.680758106603303
0.6808202438699655
0.6808378582971175
0.6808694564891041
0.6808917522474504
0.6809118189047281
0.6809335432245346
0.6809523243151021
0.6809722975501026
0.6809955325405918
0.681016833487135
0.6810386118422658
0.6810564112749131
0.6810827774318179
0.6811023854783873
0.6811228547792585
0.6811494511209811
0.6811943112196158
0.6812564392609423
0.6813025737300485
0.6813616796100336
0.681413873502473
0.6814520465422702
0.6814842712089044
0.6815179046030088
0.6815516508632006
0.6815878771269027
0.6816218755997396
0.6816584562403666
0.6817011633184002
0.6817528355787725
0.6817973189199031
0.6818369508948809
0.6818764669610872
0.6819248804168131
0.6819565775004669
0.6819889219265814
0.6820179214649656
0.6820449865237981
0.6820733574564244
0.6821065526743363
0.6821453758121047
0.6821860062120261
0.6822213983363691
0.6822572885909913
0.6822966011523448
0.6823441301357243
0.682402873471754
0.6824838050738776
0.6826072327787689
0.6827948274658812
0.6831387924504777
0.683529598341179
0.6839681314658878
0.6844712062974365
0.6850497712710641
0.6857248804677765
0.6865181351538083
0.6874571938453127
0.6883648849184938
0.6893132427896725
0.6899
0.6899091663248916
0.689927498974675
0.6899530789316146
0.6899778377868002
0.6900000000000001
0.6900091663248917
0.6900221992740116
0.6900387146926866
0.6900630543576501
0.6900826500634897
0.6901025346177264
0.6901269472030207
0.6901520944431508
0.690178749324228
0.690206845551533
0.6902335348001098
0.6902640328252754
0.6902960455244115
0.6903332528512139
0.6903694618662339
0.6904172374263733
0.690467359889587
0.6905165935011949
0.690570284598068
0.6906329665542017
0.6907125567386506
0.6908168163113869
0.6909708843197381
0.6911669019179043
0.6914074255143053
0.6917440790239976
0.6922732787867262
0.6932604495672038
0.6950791463934622
0.6972378926061309
0.6996321470006527
0.6999
0.6999065976423817
0.6999197929271452
0.6999461834966723
0.6999702169475973
0.6999851084737987
0.6999925542368994
0.7000000000000001
0.7000065976423818
0.7000124170149542
0.7000232760912555
0.7000398761310271
0.7000660328491894
0.7000874731639283
0.700111044307541
0.7001371170255692
0.7001694623803197
0.7002065774530563
0.7002408985129392
0.7002731921560923
0.7003063246450321
0.7003473249622933
0.7003823045110187
0.7004169301182226
0.700450075348761
0.7004845166155429
0.7005232057128656
0.7005653949686643
0.7006031252040765
0.7006321045119126
0.7006570464202065
0.7006845553921317
0.7007100697026136
0.7007367646930096
0.7007626156727492
0.7007902508922357
0.700823468464921
0.7008637395478311
0.700914200220022
0.7009602663240585
0.7009989382640254
0.7010344093627723
0.7010709202243341
0.7011070130357004
0.7011455076630146
0.7011746372822734
0.7012002329895962
0.7012252998264714
0.7012518090020801
0.7012849874081268
0.7013157560963582
0.7013500915228743
0.7013822672740049
0.7014153071470084
0.701452011516953
0.701496175959961
0.7015506740162614
0.7016244798387109
0.7016955812214629
0.701756946593107
0.7018118650572802
0.7018624745233057
0.701911958672314
0.7019654794075247
0.7020376689412162
0.7021180779793762
0.7021774853240184
0.7022347251948782
0.7022956679900638
0.7023651858736019
0.7024533755443468
0.7025183967487665
0.702585891736829
0.702644665835845
0.7026996771604087
0.7027596032514973
0.7028405139883782
0.7029375817308376
0.7030138734385104
0.7030901623905162
0.7031748513277868
0.7032752416939255
0.7034070477510627
0.7035560824557554
0.7037023731960902
0.7038569749701991
0.7040284747927559
0.704230282260024
0.7044753574549792
0.7047926705930532
0.7052346473064073
0.705934091319672
0.706840122345045
0.7079138159668518
0.7091697648207691
0.7099
0.7099109693734261
0.7099329081202784
0.7099664540601391
0.7099832270300696
0.71
0.7100109693734261
0.7100248459102533
0.7100425753262392
0.7100754056400701
0.7101019629505338
0.7101287869907181
0.7101613656015302
0.7102024200077574
0.7102395396260792
0.7102740236149576
0.7103112284203148
0.7103540006625262
0.7103958887018148
0.7104413079775773
0.7104930725490564
0.710553157950575
0.7106162251726836
0.7106773557395177
0.7107438394517709
0.7108232582389723
0.7109230710279321
0.7110648492709949
0.7112668226689687
0.7115513782630393
0.7120008129726274
0.71260558152217
0.7134342808558207
0.7148838204833537
0.7160024140137972
0.7172345256885465
0.7181252649913871
0.7190063253982738
0.7199
0.719906820655603
0.7199204619668089
0.7199477445892208
0.719972156365124
0.719986078182562
0.72
0.720006820655603
0.7200167350373399
0.720031682159743
0.7200597318523331
0.7200827665072596
0.7201033190145341
0.7201246469886755
0.7201503027760748
0.7201863614714176
0.7202176895090258
0.7202484002836951
0.7202767944837568
0.7203037421040432
0.7203323558941713
0.7203702749404358
0.7203977206758936
0.7204252651887731
0.7204497352518399
0.7204711434813627
0.7204905126875588
0.7205084229350104
0.7205260446083015
0.7205454035563978
0.7205744040138681
0.7205988390066339
0.7206184150939552
0.7206380981569668
0.7206592228299459
0.7206839888454035
0.7207135605850865
0.7207435389761443
0.7207767834100467
0.7207990298974126
0.7208268865391136
0.7208503865956483
0.7208712189582063
0.7208921418862764
0.7209146809702653
0.7209437172849612
0.7209713520629127
0.7209996815361628
0.7210266866827373
0.7210547838152626
0.7210862401667639
0.7211244192638787
0.7211719008786278
0.721236349221302
0.7213301747342598
0.7214642836111188
0.7216103937388331
0.7217758930689973
0.7219631946619333
0.7221890643199907
0.7224777632618251
0.7228729732901308
0.7233443704576212
0.7238905725577007
0.7245266452798047
0.7252721006923523
0.7261611723639889
0.727216085192772
0.7283391423380714
0.7292727696578118
0.7299
0.7299165235496187
0.729949570648856
0.73
0.7300165235496187
0.7300383838071011
0.7300677743443557
0.7301106425230891
0.7301523953948563
0.7301995102330999
0.7302604992169902
0.7303291921998198
0.7304050776857622
0.7304993288744787
0.7306074185224398
0.7307227971051989
0.730856926805748
0.7310253534146148
0.7312529488314253
0.7314573987648691
0.7316343674030873
0.7317189074849935
0.731873526292154
0.7320418012242172
0.7322823984328036
0.7326212626746302
0.7332989911582835
0.7343289631501392
0.7355086118555233
0.7368954438499745
0.7385375189710075
0.7399
0.7399124602608598
0.7399373807825793
0.7399686903912897
0.74
0.7400124602608598
0.7400324784210746
0.7400546204608223
0.740082269060102
0.740114605595641
0.7401534218206178
0.7401896553054208
0.7402265973282661
0.7402717176489094
0.7403272394666999
0.7403827747775356
0.7404385405795076
0.7405029729827727
0.7405868429148205
0.7407050303365798
0.7408485223907946
0.7410111626776735
0.7412018318317888
0.7414152766879181
0.7416575282496779
0.7419285199266539
0.742251734483427
0.7426539798340643
0.7432038928182609
0.7440874562914689
0.7458545832378848
0.7485740100361454
0.7499
0.749904203700899
0.7499126111026971
0.7499294259062933
0.7499495639820318
0.7499696799504987
0.7499848399752493
0.75
0.750004203700899
0.7500106582761157
0.7500221671290459
0.7500342075048221
0.7500465984817255
0.7500585430091472
0.7500709881890435
0.7500859337947423
0.7501053940722433
0.750124054994696
0.7501410654003458
0.7501554294438008
0.750169053461458
0.7501842597706635
0.7502038212676886
0.7502243267676968
0.750243483626071
0.7502636351191967
0.7502863753928861
0.7503148415352451
0.7503468016501212
0.7503779270195644
0.7504108180439698
0.7504473387305622
0.7504902373230464
0.7505421548333043
0.7506066852760154
0.7506775796379717
0.7507630175474523
0.7508614019957621
0.7509921056257302
0.7511271699921864
0.7512266546094283
0.7513222631932985
0.7514235999813547
0.7515397711827871
0.7516863687979959
0.7518850148395393
0.7520801908931
0.7522200090136605
0.7523471538293406
0.7525173816575714
0.7526670478763081
0.752790832683756
0.7529224400442803
0.7530711833224351
0.7532109862427914
0.7533631823854042
0.753458901017638
0.7535806647966732
0.7536853521467145
0.7537822694121824
0.7538876327167949
0.7540223639084678
0.754158335415745
0.7542964823756562
0.7544307255284207
0.7545743352507371
0.7547399995242335
0.7549471557136631
0.7552304270902149
0.7556232349615847
0.7562784719476939
0.7573501868352743
0.7585820101948199
0.7599
0.7599065375223734
0.75991961256712
0.7599457626566134
0.7599737821938309
0.76
0.7600065375223733
0.76001961256712
0.7600385432926812
0.7600637686702008
0.7600911701393137
0.7601213770430287
0.7601567722619884
0.7601971683812314
0.7602422904969497
0.7602919943999867
0.7603331477181354
0.7603749110629278
0.7604355778964226
0.7604805956993326
0.7605328327918064
0.7606085230193019
0.760664226639214
0.760729746811683
0.7607817815769158
0.76082403655628
0.7608625196774087
0.7608996510338897
0.7609398685040566
0.7609960431837456
0.761053203972873
0.7610972626111102
0.761140587519546
0.7611870333461183
0.7612407544225394
0.7613096217147993
0.7613622037251189
0.7614174887171726
0.7614648742105914
0.7615085276924831
0.7615541755542302
0.7616082815144044
0.7616927940555217
0.7617599620065114
0.7618191105349732
0.7618816548644529
0.7619510852865453
0.7620374328502659
0.7621489535868268
0.7623080078514743
0.7625552805023552
0.7628696407448464
0.7632210563014791
0.7636324628392874
0.7641358968989768
0.7647907114842919
0.7655920623954104
0.7665471887486444
0.7676719415436235
0.7690122683648065
0.7699
0.7699074660585578
0.7699223981756732
0.7699522624099041
0.7699732368843005
0.7699866184421502
0.77
0.7700074660585577
0.7700158170559752
0.7700259248063446
0.7700461403070833
0.7700713399322946
0.7700960605157193
0.7701174586184879
0.7701369230290009
0.7701565674048843
0.7701809178269775
0.7702016371277474
0.7702219284593748
0.7702413329151482
0.7702612554914658
0.7702828312329864
0.7703049175711381
0.7703235483736975
0.7703381062836119
0.7703514435324229
0.7703678150273214
0.7703869891939544
0.7704012999578067
0.7704156849992723
0.7704316118410456
0.7704510577602438
0.7704779725647105
0.7705122034194999
0.7705393510211185
0.7705614099002912
0.7705813859564224
0.7706013881923065
0.7706277734493943
0.7706517500035934
0.7706686790146122
0.7706835804967765
0.7706977330077874
0.7707121976194241
0.7707290885123816
0.7707586723979315
0.7707794811249477
0.7707969933492356
0.7708152579080767
0.7708351684914068
0.7708599076665372
0.7708917204311071
0.7709366841286528
0.7710055995581437
0.7711090425228057
0.771209654554469
0.7713103625589853
0.7714076760894493
0.7714726010186708
0.7715371852700306
0.7715944084866158
0.771651165617386
0.7717181770700131
0.7717775133859738
0.771828732051458
0.7718773062748613
0.7719279576837195
0.771993006873563
0.7720779135893348
0.772137522817631
0.7721948100177548
0.7722570705953915
0.7723302534826965
0.7724074438825534
0.7724814031526456
0.7725382031097436
0.7725891572591803
0.7726412021290521
0.7727016044120845
0.7727764322531967
0.7728516964933431
0.7729196049861786
0.7729906776842927
0.7730700618623105
0.7731595315126708
0.7732606842420073
0.7733798674775354
0.7735214590883734
0.7736853370320809
0.7738660924164512
0.7740768274385402
0.7743247686227261
0.7746406075089047
0.7750662113144661
0.7756900539165095
0.7765702055869758
0.7776196951813212
0.778841953930418
0.7799
0.7799136272772883
0.7799408818318648
0.7799704409159325
0.7799852204579663
0.78
0.7800136272772883
0.7800268114408965
0.7800433036248825
0.7800668467398422
0.7800927429330982
0.7801224535191369
0.7801552936794489
0.7801885978147362
0.7802277212802098
0.7802806859011924
0.780341088821206
0.7804070543997463
0.7804841750989839
0.780579708148278
0.7806804298905612
0.780784903586638
0.7808992032869797
0.7810362225073638
0.7811928652798975
0.7813827376515238
0.7815686526014043
0.7817466648679796
0.7819528315281035
0.7822145966498365
0.7824852180173821
0.7826882263659144
0.7829114531926008
0.7831859016000523
0.7834740352544766
0.7837939955767904
0.784271472495737
0.7847993514021
0.7853149658526017
0.7859042853572235
0.786634011567739
0.787709941502173
0.7895144622385201
0.7899
0.789913632896728
0.7899408986901839
0.789970449345092
0.79
0.790013632896728
0.7900293388341416
0.7900530323915324
0.7900851714493512
0.7901150853676353
0.7901490832002547
0.7901912365675837
0.7902373856125555
0.7902893517659814
0.7903527085414475
0.7904398430465929
0.7905547216830089
0.790679298207992
0.7907710192476052
0.790835353462929
0.7909037720630004
0.7909712317550697
0.7910399322782649
0.7911350946911698
0.7913254195169798
0.7915926095273682
0.7918943514561184
0.7922322930794226
0.7926358606628475
0.7931271411354196
0.7937727135019529
0.7947240042799428
0.7959159124558328
0.7973769669897683
0.7991688591060964
0.7998999999999999
0.7999065182356684
0.7999195547070053
0.799945627649679
0.7999671982615597
0.7999856436021859
0.8
0.8000065182356685
0.8000146851261213
0.800028112396663
0.800044523721301
0.8000619561349549
0.800081757447323
0.8001052471129233
0.8001278906697703
0.8001521823059319
0.8001822279377062
0.8002167726238345
0.800254741479043
0.8002968430100409
0.8003479004809221
0.8004082526003845
0.8004827085490327
0.8005847853173632
0.8007486442170881
0.8008640117731882
0.8009583328645898
0.8010818320588305
0.8012355786906499
0.8013677909434501
0.8015462022132277
0.8017375050623978
0.8020491982101272
0.8025003212784314
0.8030176787626342
0.8036117202308024
0.8043006294946812
0.8050860469884453
0.8060092969568593
0.8071427546226145
0.8085358573630469
0.8099
0.8099026760120478
0.8099080280361435
0.8099187320843348
0.8099318265599693
0.8099449026825302
0.8099605516378257
0.8099800808384896
0.81
0.8100026760120479
0.8100080280361436
0.8100171037990763
0.8100332719222569
0.8100495680434218
0.8100670798011347
0.8100871707270098
0.8101103352029889
0.8101375331404655
0.8101695754533738
0.8101994008923855
0.8102265575256452
0.8102540961877724
0.8102840535600436
0.8103138252888763
0.8103457219765252
0.8103802010256502
0.8104191534277092
0.8104611663409851
0.8105002370651664
0.810531189721761
0.810560260451099
0.8105917498784078
0.8106281526836708
0.8106718891981183
0.810707937200706
0.8107387445875488
0.8107662782624975
0.8107915331692481
0.8108165412939553
0.8108443153743159
0.8108784904982865
0.8109096181480637
0.8109381047566668
0.8109663721344617
0.8109966173723873
0.8110300033885263
0.8110632263908902
0.8110990965694324
0.8111418650744726
0.8111928049098308
0.8112294224477519
0.8112601307237471
0.8112897030859395
0.8113204675099095
0.8113583923234804
0.8114024560855754
0.8114448552863277
0.8114837440563498
0.8115240828099057
0.8115615673417581
0.8115945485912254
0.8116262883208123
0.8116592874946879
0.8116977908502352
0.811745580058104
0.8117939222290156
0.8118355129855143
0.8118776800743255
0.8119237228837484
0.8119790790641018
0.8120477972439815
0.8121417394336178
0.8122801026608302
0.8125085242169852
0.8128134642746473
0.8131777212296807
0.8136299766517293
0.8141875627886964
0.8148270383715409
0.8155668035431068
0.8164309970113449
0.8174518744398541
0.8186853089083935
0.8199
0.8199074708474045
0.8199224125422134
0.8199522959318314
0.8199805522221366
0.8200000000000001
0.8200074708474046
0.8200164437224938
0.8200314047133277
0.8200549087914168
0.8200798717394565
0.8201111926847487
0.8201442591384616
0.8201752450411749
0.8202091222423393
0.8202504823035431
0.8203033197506296
0.8203504621257823
0.8204008724276304
0.8204572647365038
0.8205109075917624
0.8205672553898458
0.8206430378881094
0.8206937862094237
0.8207457764445447
0.8207908480770689
0.8208473195605821
0.8208944020201956
0.8209455637671477
0.8210213737164366
0.8210903718200427
0.8211421692695524
0.8211880984766823
0.8212404714277967
0.8212889797252535
0.8213372863576827
0.8213853711288579
0.821437921142972
0.8215028824973133
0.8215718336102718
0.821641902025471
0.8217039482702992
0.8217629816215626
0.8218299683861975
0.8218798466279323
0.8219311620145338
0.8219754510114212
0.8220166013788454
0.8220597307050308
0.8221106504327937
0.8221681210577979
0.8222297975071191
0.8222845971111609
0.8223405619835028
0.8224023609525402
0.8224771648258693
0.8225572398544108
0.8226500545341494
0.8227789895202603
0.8229055874573077
0.8230138115850408
0.8231266409915045
0.8232540861327706
0.8234089077122378
0.8236109464946555
0.8238103958245623
0.8240207483880463
0.8242561573381876
0.8245345721167902
0.8248741693191382
0.8253300447085334
0.8259722549031023
0.8269749266580536
0.828147250940931
0.8295578594877353
0.8299
0.8299085412731175
0.8299256238193526
0.8299597889118229
0.8299798944559115
0.8300000000000001
0.8300085412731176
0.8300180902121863
0.8300352115966829
0.8300630550154574
0.8300872016028035
0.8301092186399386
0.8301322229209435
0.8301589815032016
0.8301945694146387
0.8302322302169614
0.8302622028344459
0.8302903149712949
0.8303210454216559
0.83035861970838
0.8303992988708233
0.8304397873680991
0.8304819270654155
0.8305317569176887
0.8305896046385427
0.830649974144019
0.8307145004038282
0.83078868533666
0.8308752857882804
0.8309855120074733
0.8311358556921009
0.8313364712919161
0.8316018698478066
0.8319136520669101
0.8322802164625228
0.832747649713567
0.8333517921963369
0.8341956992700997
0.8355168404649633
0.8381233598997845
0.8399
0.8399170326299946
0.8399510978899839
0.84
0.8400170326299946
0.8400406704404718
0.8400680951361195
0.8401059443737842
0.8401462427351116
0.8401897570379026
0.8402378170182772
0.8402954332485011
0.8403578106439963
0.8404277921279953
0.8405067742931644
0.8405999705593452
0.8407225666399476
0.8408724848757064
0.841037709112811
0.8412160775826489
0.841396739647616
0.8415957288230402
0.841891591148944
0.8421146280941987
0.8422998425512082
0.8424893887307798
0.842694523188564
0.842945408720342
0.8432627068448921
0.8436329499212597
0.8440333288891315
0.8444859156372349
0.8450112679801527
0.8456344021103432
0.8463858200835522
0.8470786154536857
0.8476425852716506
0.8481986974652582
0.8485766161483842
0.8490015888333476
0.8493790050156966
0.8497700768189742
0.8499
0.8499309193862155
0.8499654596931077
0.85
0.8500309193862154
0.8500625693834701
0.8501044375552368
0.8501737918897179
0.8502465958092236
0.8503261084301653
0.850423991174081
0.8505551827867349
0.8506813864837318
0.8508313356417286
0.8510031300107036
0.851181953960408
0.8513673886126171
0.851564656750222
0.8517946442071991
0.8521559491685808
0.8524260322575037
0.8526541742288113
0.8528901420084578
0.8531486333346175
0.8534156085218507
0.8536993864961263
0.8540568276789859
0.8544770188607025
0.8548912117056076
0.8552940739479988
0.8557443019305857
0.8562762775525964
0.8569888340086147
0.8577270714292661
0.858508550637532
0.8594266088403295
0.8599
0.8599490451846332
0.86
0.8600706378092299
0.8601204456918735
0.8601754851520976
0.8602855640725459
0.860415630317156
0.8605681245005427
0.8607670665128099
0.8609850097784678
0.8612048447322875
0.8614211820996839
0.8616402500454816
0.8618777004996374
0.8621501436365705
0.8624859084785756
0.862911818597604
0.8633592151021864
0.8638417956067544
0.864382103608744
0.8649990703354463
0.8657184363538435
0.8665651510217908
0.867419171374822
0.8682138226213691
0.868905924990315
0.8696386339905415
0.8699
0.8699229155164021
0.869966382221694
0.87
0.8700229155164021
0.8700450225706773
0.8700698999961746
0.8701072674373438
0.8701540685087391
0.8702050619240026
0.8702508888981619
0.8702925748084692
0.8703310317688062
0.8703675622750031
0.8704062892955249
0.8704603182473923
0.8705118228516312
0.8705559879706818
0.8706015757322347
0.8706521735061025
0.8707149300097965
0.8707998480341737
0.8708661567363416
0.87093047515654
0.8710005736354455
0.8710838385009264
0.8711888038687956
0.8713367335021527
0.8715670455229088
0.8719944263925896
0.8728491881319513
0.8742323438036397
0.8763736146439979
0.8785673093535601
0.8799
0.88
0.880052674979002
0.8801469790400475
0.8802520336985241
0.8803639964390301
0.8804778771398724
0.8806113637500246
0.8807836296590316
0.8809773065087897
0.8811862177697825
0.881436623733155
0.8817775518226469
0.8823731897499173
0.883564465604458
0.8850945730035302
0.8881547878016747
0.8899
0.89
0.8900573452282863
0.8901691189163661
0.8902843202106133
0.8904130248968841
0.8905423034464444
0.8906901732766739
0.8908731530520222
0.891132880964653
0.8913879491336026
0.8916635722844923
0.891991917146174
0.8924272791214626
0.8931214460162477
0.8945097798058178
0.8965137417626774
0.8999
0.8999229552723301
0.8999688658169903
0.9
0.9000229552723301
0.9000480299358643
0.9000787612532586
0.9001324122141813
0.9001927667535453
0.9002534590036514
0.9003240799229659
0.9004087559603089
0.9005047284953668
0.9006164612616678
0.90075904843453
0.9009265235724447
0.9011220851107397
0.9013162049380079
0.9015018641809861
0.9016801727621404
0.9018576387292758
0.9020521145026619
0.9023370955478526
0.9025853017841402
0.9027814508929769
0.9029772578638857
0.903188760357115
0.9034364073961982
0.9036540450104795
0.9038688994915529
0.9041140572505144
0.9044852840886122
0.9047862863536118
0.9050240577602578
0.9053577640956286
0.9056402806360517
0.9059302795050644
0.9063680329669228
0.9069473356746606
0.9075704672924912
0.9082550006870841
0.9090681065836856
0.9099
0.9099359966902818
0.909967998345141
0.91
0.9100398136147725
0.9100725040379326
0.9101058550845532
0.9101725571777944
0.9102477659311685
0.9103255019735754
0.910422650846041
0.9105319570334098
0.91065920272613
0.9107977054268036
0.91094170965162
0.9111225948902261
0.9113191955334221
0.9114706290753923
0.9116132063532224
0.911763221509217
0.9119327028421372
0.9121445335960058
0.9124176724661179
0.9127550233466482
0.9131518667841084
0.9137269650666627
0.9141945239544442
0.9145850045398367
0.9149013529802237
0.9151976944968686
0.9155452359261197
0.915796981938978
0.9160008986336042
0.9162117006049748
0.916479301532248
0.9168824460151208
0.9171702072000356
0.9174575778315522
0.9177810472636758
0.9181776388428082
0.9187372646434371
0.9195618566405479
0.9199
0.9199183392435496
0.9199550177306487
0.92
0.9200183392435496
0.9200465227632354
0.9200773831081239
0.9201256408734878
0.9201783025310641
0.9202343548405605
0.9202960796070518
0.9203715999749074
0.9204552213472478
0.9205386501797617
0.9206203145137434
0.9207140370981395
0.9207685396918119
0.9208334280907191
0.9208870025826065
0.9209321505385677
0.9209759439526365
0.9210220685461461
0.9210816067712987
0.921135577581564
0.9211886610801787
0.9212399064048433
0.9212936482571558
0.92135433616994
0.9214291934808242
0.9214881779077099
0.9215492761588746
0.9216025592081919
0.9216526317545223
0.9217059620459008
0.9217716883166693
0.9218620784554097
0.9219363051935567
0.9220047304199938
0.9220777139195844
0.922159943300041
0.9222629352719591
0.9223968547678905
0.9225892422128515
0.9228912108896353
0.9232539148157681
0.9236614338437679
0.9241431347782574
0.9247393725046843
0.925528998768197
0.9264918544981798
0.9276290496697877
0.9289810439543693
0.9299
0.92995
0.93
0.930075546446849
0.9301501847016626
0.9302236790923694
0.9303394870372248
0.9304750068256316
0.930620386915364
0.9307868300766635
0.930990327392357
0.9312117939615226
0.931472068326473
0.9318357480723122
0.9323321571813176
0.9329795560664675
0.933870889352951
0.9352126927351374
0.9376358933924281
0.9399
0.9399161182246959
0.9399483546740878
0.9400000000000001
0.940016118224696
0.9400392006139656
0.9400660653628239
0.9401034720632121
0.9401418864018323
0.9401844852823916
0.9402305630578894
0.9402869126474769
0.9403459542827424
0.9404141596043621
0.9404911187383398
0.9405827594184635
0.9407047678144944
0.9408426688494047
0.9409904090351409
0.941143449619453
0.9413170677730149
0.9414959415186017
0.9416760598024991
0.9418335813617646
0.9419915376488893
0.942163110549324
0.9423672203881268
0.9426163738713763
0.9429484526346308
0.9433069076583744
0.9437148526472146
0.9442222194895962
0.9448581660133507
0.9453741779579109
0.9457664153889712
0.9461266309330064
0.9464210992992269
0.9467441083414114
0.9470008188172655
0.947248031418445
0.947542485087052
0.9478997400269389
0.9482615467401442
0.9486033578135038
0.9489724167521798
0.9494127813958422
0.9499
0.9499309067523471
0.9499654533761737
0.9500000000000001
0.9500309067523472
0.9500607552388303
0.9500983096095368
0.9501636416024165
0.9502374711479017
0.9503112681588436
0.9504015258159633
0.9505054042045132
0.9506271174821606
0.950776037878956
0.9509642338411304
0.9511552558003322
0.9512945641210181
0.9514062904875863
0.9515084211355361
0.951614177115877
0.9517576672466965
0.9519063095669817
0.9520267734146087
0.9521467502243763
0.9522778407748146
0.9523989868207058
0.9525013781604869
0.9526019955518586
0.9527154269267177
0.9528618875120559
0.9530260039445151
0.9531651530702357
0.9533083484428708
0.9534693610025994
0.953667885051346
0.9539258533532423
0.9543036315118568
0.9548317691319425
0.9554783262937686
0.9562719943747542
0.9572416534393623
0.9584943265620897
0.9599
0.96
0.9601999999999999
0.960337835309196
0.9604841345667546
0.9607767330818718
0.9611526343944705
0.9616020352426611
0.9621411862055061
0.9627571458076241
0.9634878287869822
0.9643787735648846
0.9655684213314013
0.9673005793474492
0.9699
0.9699193527538116
0.9699580582614348
0.97
0.9700193527538116
0.9700405502774848
0.9700760108713633
0.9701290782159149
0.970183263322709
0.9702330180441657
0.970284637024713
0.9703450790160686
0.9704184399607759
0.970489776322673
0.9705554672864292
0.9706255085134636
0.970717740903272
0.9708326398134939
0.970930195649512
0.9710328988829225
0.9711496686557795
0.9713007441468613
0.9714948241517412
0.9717335224783583
0.9720165923847287
0.9723359321314569
0.9727169620483257
0.9731932859662284
0.9738260341982365
0.9747410939358084
0.9762569733668356
0.9792887322288899
0.9849906692200827
0.9912436039546664
0.9956218019773332
1.0
