0.0
0.001
0.003
0.007
0.0099
0.00990594810310375
0.009915669696231364
0.009921831493428518
0.009927855522252955
0.009936234427638062
0.009948096553107718
0.009964647572553742
0.009981953157297344
0.01
0.01000594810310375
0.01001361095245734
0.01002015183529415
0.01003323360096776
0.01005587546012311
0.01006988075514499
0.01008389970827084
0.01009997497139213
0.01012255949584835
0.01014492544709294
0.01017405959732405
0.01021344485955319
0.01024244150132532
0.01026878513039849
0.01029672139767293
0.01032657930276715
0.01036228489956244
0.01038621000353781
0.01040952688260204
0.01043548343978066
0.01046410332681454
0.01050965409161722
0.0105475191309887
0.01060024029576466
0.0106427246333214
0.01068331678139221
0.01072470803262708
0.01076647167129879
0.01080558476250859
0.01083822967522908
0.0108661436529055
0.01089389256010335
0.01093077122646202
0.01096873509428364
0.01099829531824817
0.01102790382169598
0.01106003040701406
0.01109865974906795
0.01114676406408597
0.01119762350959531
0.01124019201301033
0.01127672893502908
0.01130974623125272
0.01134118712755693
0.01137382583213214
0.01141334402717894
0.0114428716454031
0.01147683139791236
0.0115062821700978
0.01153284832470571
0.01155905630636166
0.01158593431851294
0.01161546756134024
0.01165230825618212
0.01168875352159652
0.01172928350168874
0.01176576856614186
0.01180212325273738
0.01184126586612978
0.01188680861381651
0.01194057500138839
0.01200928762709108
0.01210163352356849
0.01223399650457552
0.01244225118567825
0.01280857605776836
0.01320692512905067
0.01349289867096557
0.01378418110118504
0.01415629430143896
0.01454113563926075
0.01497491342576823
0.015681489651373
0.01656482648190038
0.01762127488254858
0.01885412352548715
0.0199
0.01990346060969956
0.01991038182909868
0.01992422426789693
0.01993601862132791
0.01995195891526796
0.01996706860894809
0.01998243054753315
0.02
0.02000346060969956
0.02001038182909869
0.02001835662358703
0.02002906444309476
0.02004480884957629
0.02005841432305897
0.02007608920178545
0.02009255621815063
0.02011999735107439
0.02013990815698528
0.0201647172944843
0.02019124698354824
0.02021630441992362
0.02025013360331486
0.02027752057208933
0.02030846859870116
0.02035033995614729
0.02038466599299926
0.02043034408619292
0.0204777133589371
0.0205290855459664
0.02060400066867786
0.02066553293693838
0.02071045451116895
0.02074968137353935
0.0207843490588019
0.02081580326189718
0.02084585896090725
0.02087627936377927
0.02091029072911927
0.02096160121490116
0.02100490683570269
0.02103935923763227
0.02107349280177288
0.02110948597241169
0.02115055954054686
0.0212015313375504
0.02125972832771994
0.02130548440204178
0.02135357786046404
0.02139123870079789
0.02142396785126464
0.02145677123663488
0.02149360062581259
0.02155071462042379
0.02160267722890719
0.02164593370593365
0.02169047462882153
0.02173960005216505
0.0217979713672738
0.02187363535829281
0.02196723818589976
0.02205397791306092
0.02211842272171014
0.02218916155569714
0.02228498015042083
0.022378174127
0.0224714777638193
0.02259669420679063
0.02273870863965628
0.02293064923449644
0.02314055987965036
0.02337763929466261
0.02364360625144451
0.02395995090633797
0.02435480363998318
0.024823319053056
0.02534196905275829
0.02593279374565774
0.02662204452085879
0.02744317308396092
0.02843715059435845
0.02936152329316698
0.0299
0.02990822072961735
0.02992466218885206
0.02995754510732147
0.02997877255366073
0.03
0.03000822072961735
0.03001803678826956
0.03003642651383051
0.03006214720461063
0.03009490270355063
0.03011939483372091
0.0301427057486241
0.03017260587536187
0.03020430030330806
0.03024428420111978
0.0302773936081733
0.03032758113496517
0.03037061294745544
0.03041583858050391
0.0304597967750551
0.03051024320285679
0.03056341984925981
0.03062666530385318
0.03070650026932076
0.03081222746292978
0.03096063635299709
0.03115650110704687
0.03137814997544199
0.03161924450359051
0.03184890992621583
0.03205326793064203
0.03225307099444271
0.03246685920666773
0.03272786546922034
0.03304817032518233
0.03338237767459506
0.0336806032375802
0.03398420276301949
0.03432476150719903
0.03471529385951325
0.03520944397422836
0.03581923517044498
0.03656465090529512
0.03753593649692083
0.03877440281789418
0.0399
0.03990958445321892
0.03992132975543545
0.03992761308003215
0.03993387854717696
0.03994203183805984
0.03995335314285833
0.0399741140135477
0.04
0.0400047034393976
0.04001302450366229
0.04002008236603708
0.04003419809078667
0.04005908479753811
0.04008338065209097
0.04010510285026447
0.04012537879381085
0.04015714624747187
0.04020180601078437
0.04025628994837314
0.04029971239082029
0.0403435656219471
0.0403856491488249
0.04042788818413012
0.04046890427443205
0.04051096337486218
0.04055921810288075
0.04060261221371901
0.04064581297261941
0.04069035144906985
0.0407342539416081
0.0407724137205416
0.04080374788977555
0.04083244482381652
0.04086486951508694
0.04090565060138264
0.04093852787376118
0.04096907970553145
0.04100148245120339
0.04103938449543146
0.04107732193526827
0.04111207724279774
0.04114865102373513
0.04118990077944931
0.04123575861331076
0.04127766372264101
0.04131787944662953
0.04135972957580928
0.04139725212108534
0.04143212829931821
0.04146607891106352
0.04149611652013469
0.0415247008734077
0.04155386522771232
0.04158595279145694
0.04161791668223272
0.04164734460563207
0.04167580761412277
0.04170456720383966
0.04173512921270298
0.04177077330240592
0.04181338694162924
0.04186364902682661
0.04190436625819346
0.04194354607270243
0.0419850964524504
0.04203156075950079
0.04207925722086917
0.04214779401966755
0.04222353030781335
0.04230443145053617
0.04239528576772502
0.0425038153926391
0.04263615361555679
0.04281300162367482
0.04306511110083183
0.04344004030584445
0.04384959900267379
0.04432027594020224
0.04489231216048571
0.0455791454814414
0.04636149018039677
0.04729563232331249
0.04840227108824977
0.04968620619174137
0.0499
0.04991281737253735
0.04993845211761204
0.04996358145801134
0.04998179072900567
0.05
0.05001281737253735
0.05002365072269969
0.05003760851501511
0.05005988893234715
0.05008026955361673
0.05009807606293491
0.05011683274363927
0.05013997756848959
0.05017163265566841
0.05019885620391353
0.05022537055238813
0.05025553918718593
0.05029105945766855
0.05033982634279066
0.05039135805966451
0.05044367312141709
0.05050369684792606
0.0505682514993017
0.05063682081297895
0.05069387791037507
0.05074891292577802
0.05080687317304248
0.05087122570442115
0.05094847825263281
0.05104239440875091
0.05112815756534676
0.05119416503016225
0.05125307149556792
0.05132167794626297
0.05138373009362451
0.05144429527820581
0.05150485103965981
0.0515709997869919
0.05165244885989314
0.05173370651427657
0.05180393502492409
0.05186774312014957
0.05192996010800801
0.05199933602644145
0.0520438656910695
0.05210468912238105
0.05215551466530145
0.05220021757664376
0.05224501230655634
0.05229180524533363
0.05234549899192418
0.05242180503519964
0.05250860620269245
0.05257396315131248
0.05263698168788726
0.05270374937137155
0.05277879791754646
0.0528715257554408
0.05298848560246795
0.05314671139754421
0.05337509034861291
0.05373257419216311
0.05437727545725678
0.05511009441123706
0.05593515987784885
0.05688696867115488
0.05799584151141229
0.05931877706640762
0.0599
0.05991084047756227
0.0599325214326868
0.05995300269664784
0.05997409317117592
0.05998704658558796
0.06
0.06001084047756226
0.06002142508057775
0.06003449230196049
0.06005240573780524
0.06007243704834592
0.06009539087230525
0.06011956570391343
0.06014438110024457
0.06017372947106323
0.06021177412485085
0.06027100016085003
0.06037376933196213
0.0604931010099498
0.06061725340801784
0.06076554684042435
0.0609496776341563
0.06115594378013044
0.06139917391913206
0.06171779644756327
0.06220892711553539
0.06319118845147964
0.06469124683732494
0.06723464635466923
0.0699
0.06990853208398803
0.0699255962519641
0.06995912720485063
0.06997956360242533
0.06998978180121267
0.07
0.07000591358724519
0.07001263856373963
0.07002366210676453
0.07003446317447261
0.07004823392317826
0.07006159502135206
0.07007253502136415
0.07008232205526266
0.07009214451559596
0.07010335756003348
0.0701209538779942
0.0701372440566345
0.07015101526190368
0.07016536577861322
0.0701812810781319
0.07020073554683463
0.07022659112292862
0.07026441773576533
0.07032072720559615
0.07039535189978617
0.07047959330477631
0.07057512078414094
0.07068430788551164
0.07080978199472329
0.07095498075447979
0.07112343954064607
0.07131690318995704
0.07151694842533313
0.07170381247031092
0.07188822884333693
0.07209160896598224
0.07223037849616376
0.07241924736992279
0.07256485684792206
0.07268317552543453
0.07279377377519697
0.07290214044700818
0.07302096053089306
0.0731858288832377
0.07336344467469054
0.07349711140009298
0.07362625793175438
0.0737631995884956
0.07390667944768978
0.07404775681673002
0.07417687470426548
0.07430782486901
0.07445974287419062
0.07465722487837557
0.07486458991650972
0.07504664905776214
0.07523766672265743
0.07545023528867117
0.07570951303729888
0.07598744667439658
0.07629973237037597
0.07665529440700024
0.07706321877787574
0.07756457292888702
0.0782131698317183
0.07912355371188991
0.07990000000000001
0.07990952561468488
0.07992857684405462
0.07994905091674535
0.07996939000190363
0.07998469500095182
0.08
0.08000952561468487
0.08001909029004434
0.08003122096966968
0.08005068595851297
0.08007156600268377
0.08009370829402537
0.08011806307881407
0.08014674032836418
0.08018047087595163
0.08021794573755614
0.08025304548431073
0.0802876574146803
0.08032596780904883
0.08036768784178892
0.08041025546534245
0.08044559436647268
0.08047915335595224
0.08051276138864592
0.08054485007428414
0.08057235751950549
0.08059576441594071
0.08061850473174345
0.0806469506608561
0.08068164501757157
0.0807067767737142
0.08073133091288015
0.0807579470252474
0.08078966681057846
0.08082936204384937
0.0808845409748466
0.08093340095444146
0.08097283226399035
0.08100740889718096
0.08103999796361921
0.08107530681563695
0.08110127018776375
0.0811356986064655
0.08116357183059947
0.08118772213498353
0.08121123011361137
0.08123504073072461
0.08126151979493369
0.08129703179360934
0.08134256808990646
0.0813744894897672
0.08140451060376112
0.08143623937308443
0.08147164511172117
0.08151550847737087
0.08157095675343709
0.08164637142888465
0.0817554342455138
0.08192838349510886
0.08224920940690492
0.08266599787108109
0.08312917891899639
0.08365241888347164
0.08424837316887593
0.08493542991206689
0.08573290226311128
0.08666170301285628
0.08776597327521175
0.0890405293284437
0.08990000000000001
0.08991732873637925
0.08995193614359495
0.08997596807179747
0.08998798403589874
0.09
0.0900080851481401
0.0900169878903322
0.09002913435871943
0.09004544982253634
0.09006160549080248
0.090077166489892
0.09009464740583692
0.0901177307542589
0.0901448092898998
0.09016767129351805
0.09019217276703925
0.09022004389025245
0.09025610393208623
0.09030995981588254
0.09038804447267017
0.09047750095830115
0.0905796235828918
0.09069724479071191
0.0908206608407885
0.09092799197998161
0.09102693729670631
0.09113216446938989
0.09118668726036973
0.09126611782938707
0.09133022836852432
0.09138340530013143
0.09143594111515636
0.09149242797695242
0.09157217498794532
0.09165290501035527
0.09171601850397355
0.09177883342601549
0.09184679260262221
0.09192623667814061
0.09199234161459525
0.0920604476618132
0.09212010351679187
0.09217679665828968
0.09223763645792867
0.09231403800773141
0.09240331854358713
0.09248596656679338
0.09256376223247112
0.09264631179424981
0.09273955591921301
0.09285510034147293
0.09300332375705402
0.09321257914138481
0.0935322448362476
0.09393098173575924
0.09438567741993378
0.09493068576698
0.09558145980917443
0.09644115522682704
0.0974482274729491
0.09867861841663333
0.0999
0.09990628450848779
0.09991885352546337
0.09993258120720028
0.09994733553724275
0.0999605065373072
0.09997423207549581
0.0999871160377479
0.1
0.1000062845084878
0.1000141201047264
0.1000237151644684
0.1000365150975939
0.1000503595688791
0.1000657124728624
0.1000809553800067
0.1000981869167988
0.1001187290204321
0.1001381774774108
0.1001577627529887
0.1001807204025786
0.100200604845246
0.1002228061714808
0.1002429067783109
0.1002629253264377
0.100284318290892
0.1003069108632692
0.1003277865227781
0.100344216272676
0.1003581576000558
0.1003729102650544
0.1003872700841225
0.1004029547541863
0.1004174737986741
0.100432716740757
0.1004500614628511
0.1004714508854361
0.1005003529463462
0.1005293313386914
0.1005547021915333
0.1005771945205742
0.1005972264158504
0.100615305310326
0.1006319627322502
0.1006475610549566
0.1006623707882535
0.1006766066114777
0.1006904440326482
0.1007040416774805
0.1007175564111174
0.1007311566194176
0.1007450388190641
0.1007594522974769
0.1007747457356419
0.1007877138130756
0.1007980573148665
0.1008073744732111
0.1008151705065364
0.100822545047825
0.1008295439586985
0.1008364700891962
0.1008435969537472
0.1008512474499243
0.1008598701860219
0.100870155509514
0.1008829494985409
0.100896262553302
0.1009083725942584
0.1009196079957259
0.1009304782964424
0.1009417497141095
0.1009551454208925
0.1009695319703841
0.1009813083808402
0.1009906589304532
0.100997700446362
0.1010053976593192
0.1010112394263726
0.1010167487897495
0.1010222774142411
0.1010267274537038
0.1010309127506434
0.1010347175737786
0.1010412495767942
0.1010462809526904
0.1010509176233157
0.101055792807916
0.101060991463457
0.1010666980793304
0.1010732915219111
0.101082991336477
0.1010914820367109
0.1010976759490108
0.101103578312658
0.1011101436702545
0.101118256507236
0.1011286513621808
0.1011400962822652
0.1011509540270753
0.1011614727973337
0.1011721367104945
0.1011838875813449
0.101196044173996
0.1012088329401114
0.1012185873009894
0.1012268165698231
0.1012344908163256
0.1012420922260173
0.1012504568288988
0.1012616040735573
0.1012734448262161
0.101283629556749
0.1012933941812205
0.101303709881449
0.1013153455798238
0.1013294621128821
0.1013443343247058
0.1013583376395206
0.1013718313868547
0.1013862296326596
0.1014039473504205
0.1014217690091455
0.1014389413003492
0.1014567483299631
0.1014756204279173
0.1014951221149733
0.1015138444534157
0.1015310079022874
0.1015471698053942
0.1015637223710287
0.1015840749528096
0.1016015046201328
0.1016193691884005
0.1016361937315243
0.1016534135292688
0.1016724489958057
0.1016842107653263
0.1016966696287528
0.1017075971536691
0.1017186956176871
0.1017295382716208
0.1017415697112541
0.1017566005585556
0.1017764534553646
0.1017957636909215
0.1018148336920819
0.1018350408869408
0.1018568414098549
0.1018822610239678
0.1019028768586086
0.1019276979622749
0.101953647192633
0.1019742249975613
0.1020023572739687
0.1020313232839171
0.1020588572702697
0.1020951539221466
0.1021258166361129
0.1021612794828141
0.1022029167147113
0.102257285468058
0.1023127475799749
0.1023610241828871
0.102408404473668
0.102452711660757
0.1025413260349349
0.1026160281970777
0.1027022725259224
0.1028058729365218
0.1029449116426083
0.1031792518889278
0.1035071104150076
0.1038788094839797
0.1043018181130656
0.1047870858219835
0.1053296382576384
0.1059672903036831
0.1066832266586047
0.1072386836838911
0.1078607656387866
0.1086006506378122
0.1097679816716855
0.1099
0.1099054371157
0.1099163113470999
0.1099283395278476
0.1099407871623963
0.1099522586223156
0.109962673234069
0.1099721649897367
0.109980829200414
0.1099887489039933
0.1099952148908264
0.11
0.1100020044082776
0.1100053104180309
0.1100093501946525
0.1100134960857369
0.1100182991391687
0.1100238026123174
0.1100293836731587
0.1100349048942163
0.1100406126986957
0.1100465535442176
0.1100523106318813
0.1100581203717677
0.1100642613629972
0.1100710640614524
0.1100777657906581
0.1100857071739124
0.1100941542874433
0.1101033102472395
0.110113588540391
0.1101231832009881
0.1101341857958352
0.1101449277934449
0.1101540220275481
0.1101610654410994
0.1101685280148656
0.1101749677242459
0.1101802254110172
0.110186735687737
0.1101915152623665
0.1101957518315903
0.1101995423284174
0.1102066014123388
0.1102118995380298
0.1102169461632915
0.1102224504037256
0.1102284140763955
0.1102349438931915
0.1102409838964376
0.1102460089450988
0.1102504329168529
0.1102546212459567
0.1102590040867712
0.1102646320109867
0.110271269037252
0.1102761109912985
0.1102805304183835
0.1102849542436538
0.1102894461077424
0.1102941251614348
0.1102990084248968
0.1103042306093474
0.1103103307570213
0.1103201739344913
0.1103273277291858
0.1103332719978319
0.1103393566868341
0.110345880112674
0.110353786620594
0.1103636053710998
0.1103768663360117
0.1103950350683763
0.1104116926370117
0.1104284426501993
0.1104451478094413
0.1104608398971428
0.1104784880521926
0.1105018738011723
0.1105203229576895
0.1105377247373436
0.1105569799711213
0.1105803157060212
0.1106122736777839
0.1106472710212125
0.1106848834273844
0.110725578453694
0.1107701343016651
0.110820731540466
0.1108828294072648
0.1109022264701273
0.1109207108448468
0.1109330098032312
0.1109465455089901
0.1109584753863741
0.1109708749227594
0.1109830055691857
0.1109963430457497
0.111013075797773
0.1110353596001017
0.1110634810400829
0.1110992693318831
0.1111446985983753
0.1111945746957728
0.1112458109600055
0.1113068227967853
0.111395734458022
0.1114719718473485
0.1115486990267159
0.1116317855884123
0.1117383497406021
0.1118937230973684
0.1120449789009167
0.11220525977031
0.1123911892903194
0.1126238680798824
0.1129265693261371
0.1133954236001808
0.1142856036433421
0.1154042441127173
0.1166880335910329
0.1182138282443076
0.1199
0.119904630936544
0.1199138928096321
0.1199198530005475
0.1199265308402138
0.1199336572785346
0.1199406107275822
0.1199473445702524
0.1199548040929854
0.1199625086169755
0.1199703431134924
0.1199780963376806
0.1199856041345177
0.1199929053300401
0.12
0.1200021626628772
0.120006114972385
0.1200108408617604
0.1200167547692338
0.1200241408323682
0.120030609084293
0.1200371641040182
0.1200444030158654
0.1200526402344643
0.1200623317014614
0.1200710791661739
0.1200785820582737
0.1200842622097482
0.1200896017934869
0.1200951425126328
0.1200994316767606
0.1201035822199192
0.1201076011122222
0.1201116593254434
0.1201153143969956
0.120118972024185
0.1201236047629904
0.1201272392103239
0.1201319770793369
0.1201367352206214
0.1201414614223821
0.1201463113965412
0.1201512349963983
0.1201561893495711
0.1201611663452335
0.1201661979641172
0.1201713622739647
0.1201767413878663
0.1201818932394402
0.1201865554975429
0.1201909293811117
0.1201952304354993
0.1201997488003704
0.1202051303761881
0.1202105125868314
0.120215245164176
0.1202194298038846
0.1202231325088942
0.1202265636890221
0.1202299236338707
0.1202334474891917
0.1202376122659651
0.1202423159188003
0.1202467633153785
0.1202509761428769
0.1202552247173504
0.120259840337936
0.1202649124053927
0.1202698851581535
0.1202758764929164
0.1202809249415594
0.1202853520775378
0.1202896170020297
0.1202939016163035
0.1202984971955048
0.1203037347967787
0.1203103404393911
0.1203157282472951
0.1203217095526481
0.1203268762401386
0.1203312490681881
0.1203350566534823
0.1203383653830544
0.1203412625803119
0.1203438206196197
0.1203461043316417
0.1203481669879908
0.1203500509421606
0.1203517911710654
0.120353417984337
0.1203549595635866
0.1203564445969836
0.1203579058342555
0.1203593861830375
0.1203609527262001
0.120362739495764
0.1203652044604351
0.1203682577846635
0.1203704994328609
0.1203726106397086
0.1203748533477546
0.1203772951475089
0.1203800696262443
0.120383294756528
0.1203871381169376
0.1203913226704375
0.1203950031306282
0.1203983391166276
0.1204014878953971
0.1204045851687767
0.1204078764771548
0.1204118939473525
0.1204162060273516
0.1204200020095388
0.1204238358976348
0.1204277756800584
0.1204318825136293
0.1204357546231977
0.1204395189896524
0.1204433642055043
0.1204474948044246
0.1204517707127231
0.1204566076845226
0.1204608592915982
0.120464187784925
0.1204666569322016
0.1204692927565728
0.120471489374008
0.1204731522789484
0.1204748269692114
0.1204763774091166
0.1204782285157491
0.1204796960529646
0.1204816179658372
0.1204833695348889
0.1204850668581044
0.1204868318538191
0.1204886956595263
0.120490709278411
0.1204929775123576
0.1204959142168146
0.1204983281218206
0.1205006250981458
0.120502789529352
0.1205050272764536
0.1205076349237226
0.1205110625003841
0.1205172772203672
0.1205218819222886
0.1205256916198311
0.1205294263263232
0.1205332894754377
0.1205380205704397
0.1205435188260826
0.1205486803962651
0.1205535605432697
0.1205583146591367
0.1205631028681236
0.1205682715119721
0.1205747992507603
0.1205788263520696
0.1205831554506824
0.1205868175773196
0.120589961507462
0.1205930250575988
0.1205962324181146
0.1205999871721561
0.1206043117535461
0.1206083601203419
0.1206121566142846
0.1206161144272631
0.1206204774617448
0.1206226052329269
0.120624976786104
0.1206270022855354
0.1206291095407551
0.1206311674183789
0.1206333399306054
0.120635985876481
0.1206399354761148
0.1206456170431409
0.1206523370227678
0.1206605266771243
0.1206711528853798
0.120684182448876
0.1206972699036221
0.1207113951071021
0.1207250565067081
0.1207389859825476
0.1207540634486918
0.1207710792275754
0.1207915546804214
0.1208165549314817
0.1208492423421999
0.1208946695728815
0.1209640362521368
0.121071432524366
0.1212090127773231
0.1213869997575056
0.1216204615021853
0.1219303241168591
0.1223518868406505
0.1229468523841879
0.1238453866502675
0.1250983076751558
0.1267111096800392
0.1288007007561446
0.1299
0.1299053007427836
0.1299159022283508
0.1299225772933821
0.129929988025764
0.1299378522399345
0.1299464587525566
0.1299580732055326
0.1299705393192266
0.129983375250443
0.1299916876252215
0.13
0.1300027868155109
0.1300075526523567
0.1300135546456662
0.1300218600195474
0.1300290131507754
0.1300357791568681
0.1300428671088034
0.130050881030008
0.1300611477448332
0.1300710802611685
0.1300813188642523
0.1300923639759234
0.1301047817946672
0.1301194584861401
0.1301372634336655
0.1301575803293849
0.1301760156439221
0.1301896778954819
0.1302023718882165
0.1302141158012029
0.1302301229651024
0.1302415202165362
0.1302548378033865
0.1302643802384651
0.130275619246607
0.1302852423213393
0.1302935325451082
0.1303007290828696
0.1303067631903698
0.1303118059885702
0.1303160696705349
0.1303197213609105
0.130322882379235
0.1303256186983548
0.1303280141306511
0.1303301381896925
0.1303320427416241
0.1303337689745795
0.1303353500831047
0.1303368136971494
0.1303381841485718
0.1303394844539238
0.1303407383886749
0.1303419734777459
0.1303432262193911
0.1303445544565109
0.1303460759328354
0.1303482131293343
0.1303506946880582
0.1303525642229566
0.1303543478705341
0.1303562435179325
0.1303583145249049
0.1303606671425413
0.1303633992832484
0.1303666528570192
0.1303706507811873
0.1303757511072881
0.1303825569612729
0.1303884442336756
0.1303931801481416
0.1303973871859969
0.1304012957588594
0.1304051872190611
0.1304094631515822
0.1304150225489193
0.1304208160073686
0.130425917977741
0.1304308142942538
0.1304359898877502
0.1304384796630122
0.1304405268628964
0.1304427970405031
0.1304445258111157
0.1304463698498225
0.1304481779080687
0.13045008287173
0.130452335208515
0.1304554667891302
0.130461225496932
0.1304678343072741
0.1304754819550171
0.1304847796001413
0.130496775148749
0.1305125625466144
0.1305292876145475
0.1305464931912983
0.1305644688796088
0.1305837054083232
0.1306049487008191
0.1306298565599294
0.1306589777525026
0.1306953967510709
0.1307431955807953
0.1307957795301769
0.1308471455935842
0.1309005552874058
0.1309647096640043
0.1310087084863848
0.1310621796468358
0.1311068210812933
0.1311440416948154
0.1311776482040654
0.1312088069493846
0.1312400135680045
0.1312753558467586
0.1313172227409299
0.1313596656308983
0.131395218477224
0.1314304406997234
0.1314683479183665
0.1315118712396929
0.1315663981549996
0.1316316471866058
0.1316939802288635
0.1317588846758768
0.1318239540062272
0.1318865617344782
0.1319468349848021
0.1320092537770853
0.1320790505795511
0.1321680376922882
0.132311170189946
0.1324126650765135
0.1325037228633769
0.1325994535956282
0.1327042965755566
0.132832487600334
0.132994465842579
0.13321617834589
0.133543500289945
0.1340901742637463
0.1347173425835272
0.1354313629683666
0.1362604196778918
0.137238101524537
0.1384039773870738
0.1398484125271427
0.1399
0.139903633518051
0.1399109005541531
0.1399167812714999
0.1399231167552519
0.1399293679632813
0.1399357318573817
0.1399429830131299
0.1399521578354691
0.1399622555115859
0.1399722747124521
0.1399830607644014
0.1399915303822007
0.14
0.1400036335180511
0.140009018725683
0.140014319645417
0.1400215777036858
0.1400287164945942
0.1400364396782527
0.1400444633761689
0.1400517248075399
0.1400571735765625
0.1400639797922778
0.1400690569593969
0.1400746441069848
0.14007905073075
0.1400841807616126
0.1400880643595352
0.1400927756405539
0.1400974862307442
0.1401021625791408
0.1401067068170522
0.1401110341787018
0.1401150497323307
0.1401186442938017
0.1401217622566569
0.1401244268111929
0.1401267078650847
0.140128685400201
0.1401304312255531
0.1401320041160933
0.1401334511814377
0.1401348115688925
0.1401361206819322
0.1401374149683828
0.1401387386987304
0.1401401578501957
0.1401418009594022
0.1401441094916114
0.1401469003428853
0.1401489669072199
0.1401509125658476
0.1401529408100487
0.1401551229576997
0.1401576069877404
0.1401605250182963
0.1401640551890314
0.1401684721549124
0.1401741119744156
0.1401781962218851
0.1401828405232918
0.1401866622859117
0.140189887553752
0.1401929097678071
0.140195894304046
0.1401991538164256
0.1402035320779924
0.1402088857517085
0.1402127666163908
0.1402164968659465
0.1402205022910513
0.1402251014480641
0.1402265067888486
0.1402293174704177
0.1402314676140975
0.1402331386706147
0.1402349365401728
0.1402366741926856
0.1402384961829943
0.1402408765650444
0.1402445154764906
0.1402504873365301
0.1402568862228998
0.140263712736269
0.1402712249073748
0.1402798538164277
0.1402895165201246
0.1403005070634347
0.1403136095964318
0.1403292875663779
0.1403492487213955
0.1403721554891975
0.1403939970841963
0.1404160770233879
0.1404396388526322
0.1404658715860106
0.1404971340114987
0.1405349738636069
0.1405840358940484
0.1406515081752989
0.1407529731087295
0.140932161049605
0.1412905369313559
0.1419693842664551
0.1433270789366533
0.1450107775392577
0.1471194412258367
0.1499
0.1499067062345094
0.1499201187035282
0.1499383086133365
0.1499537303275222
0.149975222803986
0.149987611401993
0.15
0.1500067062345094
0.1500135100427605
0.1500271176592626
0.1500391869988131
0.1500577212547328
0.1500746630401689
0.1500893384831343
0.1501056074240394
0.1501261451196256
0.1501574425166996
0.1501988760113018
0.1502463067057573
0.1503037961812102
0.1503742922182619
0.1504476954659244
0.1505253725943863
0.1506158522361123
0.1507243364207843
0.1508675759263752
0.1510853385735905
0.1515208638680211
0.1522169226521862
0.1532986394100567
0.1554620729257977
0.1597889399572797
0.1599
0.1599067091048202
0.1599201273144605
0.1599398138619804
0.1599619004965991
0.1599800231043705
0.1599900115521853
0.16
0.1600067091048202
0.1600133705860563
0.1600260047339373
0.1600405501448681
0.1600631436821238
0.1600804824165231
0.1600981399573854
0.1601204155135152
0.1601499224164911
0.1601853375081036
0.160227253476997
0.1602765050311852
0.1603345109922712
0.1604015046168711
0.1604703999193526
0.1605384991017005
0.1606058575641167
0.1606759133319056
0.1607598125078417
0.1608344638311637
0.1609112416924633
0.160983083533439
0.1610565348718371
0.161134736066825
0.1612088429311376
0.161269835740965
0.1613217425068031
0.1613748871029205
0.1614363585925011
0.1614978398381046
0.1615518421404623
0.1616082465366268
0.1616718245285688
0.1617507800575648
0.1618414248474901
0.1619191847953034
0.1619891576989439
0.1620601478349629
0.1621587189737099
0.1622304269085857
0.1622828602287926
0.1623317094577472
0.1623814139096148
0.1624411704373672
0.1625067731690177
0.1625771896482863
0.1626412960157274
0.1627071700896366
0.1627800957093455
0.1628680259040691
0.1629773807933282
0.1631268586239876
0.1633471807926926
0.1636452468771484
0.1639732461806357
0.1643801929932147
0.1648470656239447
0.165312314187796
0.1657482862725868
0.1662120584859612
0.1667555765344542
0.1674307927823581
0.1683793035021421
0.1698964384866073
0.1699
0.1699071230267854
0.1699142460535708
0.1699232544327109
0.169934540264347
0.1699524768290076
0.1699672836872259
0.1699806726904888
0.1699959643315171
0.17
0.1700080713369657
0.1700134355109632
0.1700217162785912
0.1700334800522074
0.1700514041200203
0.1700682446874926
0.1700833685085955
0.1701002733819844
0.1701211796041683
0.1701391496985598
0.1701557820953716
0.1701725252345017
0.1701905982057852
0.1702135383781175
0.1702361547460113
0.1702601373576039
0.1702826917615746
0.1703060115346528
0.1703319741775826
0.1703632472664656
0.1704019489680534
0.1704539926292531
0.1705285410514917
0.1706251053961622
0.1707504811776742
0.1709255439423263
0.1711631994224069
0.1714257241896283
0.1717205655879157
0.1720573682597038
0.1724457350419086
0.1728991245137674
0.1734315849733901
0.1740589227763598
0.1748001923669349
0.1756793369039392
0.1767277651297746
0.1779878426838623
0.1795212441060315
0.1799
0.1799051117880233
0.1799153353640699
0.1799273488580808
0.1799381170121977
0.1799529100112816
0.1799656714811387
0.1799772235122852
0.1799898951744108
0.18
0.1800051117880233
0.1800120134598332
0.1800197096163866
0.1800305439626356
0.1800397549423349
0.1800493082707519
0.180061940247172
0.1800753493409071
0.1800877216942707
0.1801002726063074
0.1801146079197062
0.1801317177021259
0.1801551655602213
0.1801728920220475
0.1801890686968489
0.1802060086067866
0.1802247211943229
0.180247754518111
0.1802736838714796
0.1803003955108211
0.1803337149966727
0.1803550121920026
0.1803770228432517
0.1803966325717678
0.1804147994716628
0.1804337763936281
0.180455902606717
0.1804834614491985
0.1805112549121377
0.1805352307648545
0.1805595999781615
0.180586263262211
0.1806183843439007
0.180658304639554
0.1807127185519262
0.1807919352816521
0.1809184769390623
0.1810853763928544
0.1812741004798739
0.1814891195017844
0.1817358003356753
0.1820208071396587
0.1823526613682639
0.1827402091165293
0.1831933502671186
0.1837238247052315
0.1843462239570983
0.1850795993046456
0.1859536797571273
0.1869876951661038
0.1882723493137592
0.1898744755592925
0.1899
0.1899106073973303
0.1899244629665808
0.1899448318912827
0.1899665695935823
0.1899905238758024
0.19
0.1900106073973303
0.1900193599151631
0.1900325160344159
0.1900502998246388
0.1900739083807406
0.1900970539108151
0.1901198844476966
0.1901465954832181
0.1901813351849248
0.1902216205271038
0.1902696181134391
0.1903332954753718
0.1904309611665376
0.1906262925488693
0.1909587958145436
0.1915092741078111
0.1926102306943461
0.1948121438674162
0.1989325508031508
0.1999
0.1999059877765737
0.1999179633297211
0.1999326580795073
0.1999462153453054
0.1999594678850025
0.1999730357369261
0.1999885137641408
0.2
0.2000059877765737
0.2000129753783094
0.2000255896309839
0.2000395724545527
0.2000540900405376
0.2000702018763818
0.2000883488202572
0.200106468243304
0.200126602385741
0.2001499731402834
0.2001794622895771
0.2002210855573367
0.2002973972224839
0.2004251226233024
0.2006118324609885
0.2009637404232873
0.2015371759929724
0.2026840471323424
0.2049207700217903
0.207738430512597
0.2099
0.209911605235872
0.209934815707616
0.209967407853808
0.209983703926904
0.21
0.210011605235872
0.2100250197595157
0.2100423096524653
0.2100687026174769
0.2100923124580889
0.2101206112835993
0.2101544924668413
0.2101921211254478
0.2102420069002769
0.2103261094297689
0.2104943144887529
0.2107086537427718
0.2111373322508097
0.2119946892668856
0.2137094032990372
0.2171388313633404
0.2199
0.2199161250714684
0.2199483752144052
0.2199741876072026
0.22
0.2200161250714684
0.2200325642005746
0.2200530845721701
0.2200768433277383
0.2201038472233596
0.2201321472500037
0.2201608795620243
0.2201960442439803
0.2202441386456279
0.2203087431228387
0.2204143004146136
0.2206175051988005
0.2209389249993559
0.2215446188267465
0.2227560064815278
0.2251787817910902
0.2291342769108448
0.2299
0.2299086203880558
0.2299258611641673
0.2299487426265484
0.22997066360935
0.229985331804675
0.23
0.2300086203880558
0.230018382891684
0.2300342310890582
0.2300543921815066
0.2300752094699082
0.2300992361950038
0.230125358382325
0.2301523552875978
0.2301837292379773
0.2302241443658751
0.230288787171189
0.2304180727818168
0.2305827382803232
0.2308694519733475
0.2314044441521306
0.2324744285096968
0.2346143972248293
0.2377444634571153
0.2399
0.2399056046804788
0.2399168140414363
0.2399392327633514
0.2399564081225453
0.2399759172607098
0.2399879586303549
0.24
0.2400056046804788
0.2400138067505894
0.2400285217028804
0.2400458158126498
0.2400622082601019
0.2400810666739613
0.240103357604275
0.2401286821391754
0.240160816102244
0.2401975519059437
0.2402402123641484
0.2402922202183718
0.2403609698941115
0.240458631007136
0.2406219680610948
0.2409486421690124
0.2415004611522666
0.2425754065116106
0.2445252035323645
0.2473985782453977
0.2499
0.24991977190491
0.24995931571473
0.249979657857365
0.25
0.25001977190491
0.2500352880853281
0.2500512331315619
0.2500780319177073
0.2501090313102317
0.2501409304613955
0.2501795262546955
0.2502265070546966
0.2502840213637574
0.250346803695574
0.250418438101102
0.2505073142679166
0.2506103287316174
0.2507304388058954
0.2508450977051702
0.2509435747563427
0.251038757862367
0.251137574868799
0.2512461391798657
0.2513748180016671
0.251528042231746
0.2516639494518494
0.25178662997579
0.2519101060707775
0.252049617429533
0.2522398054275958
0.2524464734842237
0.2526204503215772
0.2527993303027112
0.2529983207683939
0.253240739659535
0.253533236542789
0.2538359376585504
0.2541738726384183
0.2545568333440847
0.2550211181120232
0.2556202014476068
0.2564542919388217
0.2577576509476885
0.2594353370867953
0.2599
0.2599184126181163
0.2599544699334729
0.2599772349667365
0.26
0.2600137704028668
0.2600250497693382
0.2600376182240572
0.2600514796731151
0.2600753457208289
0.2600951328966378
0.2601126417231196
0.2601311747514487
0.2601516658604571
0.2601728414848349
0.260192538515925
0.2602125968651611
0.2602355614175287
0.2602664096234728
0.2602987737145491
0.2603279187931394
0.2603578527895598
0.2603909505087657
0.2604292306187602
0.2604760255643572
0.2605287958751288
0.2605812135485248
0.2606362720662972
0.2606975139475908
0.2607684542294789
0.2608534367310613
0.2609625254375651
0.2611120209425106
0.2613377932898787
0.261744027304821
0.2622518223282551
0.2628278351030314
0.2634921371693194
0.2642651521569319
0.2651858957715585
0.2662832799532647
0.2676663615141516
0.2694188092656527
0.2699
0.2699035351715331
0.2699106055145995
0.2699247462007322
0.2699367256969792
0.2699477205659747
0.2699571663549115
0.269966111326669
0.2699757457255734
0.2699876333964624
0.27
0.2700035351715332
0.2700101268877493
0.2700176229618577
0.2700257344389281
0.2700339601486753
0.2700438578201506
0.2700564784911272
0.2700673845354755
0.2700777893086876
0.2700894980098555
0.2701030245860899
0.2701212600191463
0.2701478846596772
0.2701801784743013
0.2702193839237357
0.2702639391700905
0.2703139547411672
0.2703713727251796
0.270438923522552
0.270520928064504
0.2706249308904625
0.2707656762224194
0.2708170741851779
0.270919870110695
0.2709477979627162
0.2709678879327006
0.2709823278242369
0.2709975761936418
0.2710120870843368
0.271029428556269
0.2710433458843907
0.2710557301985243
0.2710695950508035
0.2710875939382408
0.2710965878198303
0.2711054810385866
0.2711148148544393
0.2711258929601771
0.2711351973236141
0.2711456721215739
0.2711617348918749
0.2711889335527621
0.271225212483756
0.2712658624165981
0.2713119000347308
0.2713645474144783
0.2714253135178846
0.271452425687255
0.2714807990411514
0.2715065609691371
0.2715316700590716
0.2715610357837265
0.271585323961042
0.2716099789696491
0.2716380200127849
0.2716716685375938
0.2717101218595483
0.2717535643237699
0.2717960576350932
0.2718328289429227
0.2718623256211522
0.2718851635647659
0.2719041428600575
0.2719229763935403
0.271943719690108
0.2719646301462424
0.2719830378744092
0.2720022892215437
0.2720256032046818
0.2720517053147112
0.2720753199455248
0.2720980704357955
0.2721231695658239
0.2721409097034637
0.2721644273541791
0.2721838395486139
0.2722007322867397
0.2722171899116541
0.2722339958994068
0.2722533932164286
0.2722868301676506
0.2723108731629963
0.2723311617180638
0.2723523978253628
0.2723757164291857
0.2724049842162072
0.2724431020963066
0.272498330305283
0.2725727403168272
0.272593688748497
0.2726355856118365
0.2726453565045143
0.2726648982898699
0.2726688274691792
0.2726766858277978
0.2726852135374726
0.2726922101830948
0.2726975015275227
0.2727043911895998
0.2727112075865322
0.2727178765271868
0.2727215065983925
0.2727251700551072
0.2727287470648898
0.272733269202472
0.2727369147580694
0.2727409927898172
0.2727468750471775
0.2727586395618983
0.2727767943659661
0.272796470960712
0.2728183450743267
0.2728431709761847
0.2728715995648225
0.2729046684902044
0.2729433731367598
0.2729886763001322
0.2730411764922414
0.2731020825366426
0.2731728164338672
0.2732549395841778
0.2733503894225268
0.2734613958703369
0.273589897981132
0.2737385667988036
0.2739106716649204
0.2741100163251443
0.2743410370627539
0.2746088757710047
0.2749195385830908
0.275280076358661
0.275698877122842
0.2761860698701065
0.276754127894696
0.2774188615869942
0.2782009082515411
0.2791282403829166
0.2799
0.2799175124014004
0.2799525372042014
0.2799790829968655
0.28
0.2800175124014005
0.2800342241178119
0.280054906542986
0.2800821779892275
0.2801094119434132
0.2801410787540486
0.2801777516504984
0.2802154152365934
0.2802612127078616
0.2803231135720738
0.2804012879975972
0.2804971119008517
0.2806073928417635
0.2807355430102693
0.2808864079767543
0.2810679367761048
0.2812939661565973
0.281573821552417
0.2817099654559665
0.28177139660505
0.2818942589032171
0.2819234104063149
0.2819817134125104
0.2819956611087699
0.282023556501289
0.2820292380343026
0.28204060110033
0.282047445649956
0.2820547204490265
0.2820599311701474
0.282064831262096
0.2820706296475232
0.2820778365940473
0.2820842170508825
0.2820888019048086
0.2820938144039396
0.2820973532589723
0.282103115702838
0.2821071739494338
0.2821112063421353
0.2821163902312203
0.2821260616476811
0.2821454044806027
0.2821667684314207
0.2821898410341101
0.2822158256280347
0.2822452456414216
0.2822792144416318
0.2823188362483031
0.2823651271083705
0.2824189422870863
0.2824815550447753
0.2825544494764781
0.282639361615225
0.2827376638743634
0.282851348917766
0.2829829508826983
0.2831354042276
0.2833121242577775
0.2835170473892603
0.2837547194661081
0.2840304271354729
0.2843503627407025
0.2847218401744678
0.285153548351542
0.2856556979579661
0.2862394119999199
0.2868607383281891
0.2875368513071091
0.2882423371073508
0.2888218880228676
0.2894384599246288
0.2899
0.2899098595556341
0.2899295786669024
0.2899514627096605
0.289973842432956
0.289986921216478
0.29
0.2900098595556341
0.2900206703696925
0.2900354310397629
0.2900555224459814
0.2900771935941162
0.2901010147977011
0.290127285236261
0.2901552087025276
0.2901893894346658
0.2902371359642717
0.2902922894221733
0.2903524789731453
0.2904187508846999
0.2904920602951776
0.2905737144439293
0.290644291767492
0.2907040593162249
0.2907308972565572
0.2907842477001525
0.2908439055840698
0.2909348890778605
0.2909686943493361
0.291015511713567
0.2910375665080756
0.2910660040159783
0.2910892927571461
0.29111638599263
0.2911431736365333
0.2911649750717689
0.2911884662892399
0.2912169978381552
0.2912510088477653
0.291286976764835
0.2913138009259653
0.2913433781135535
0.2913731492575795
0.2914000728122322
0.2914331194938271
0.2914894509354083
0.291566433719969
0.291585537192007
0.2916237441360831
0.2916339154003896
0.2916542579290027
0.2916590465663544
0.2916686238410578
0.2916795319190859
0.2916876039849435
0.2916942487512102
0.2917019871729284
0.29170947904494
0.2917171515394578
0.2917220860166443
0.2917276604899349
0.2917317625121509
0.2917364393042833
0.291740983610823
0.2917454629720045
0.2917511300082745
0.2917603469385047
0.2917786859114313
0.2917985774494287
0.2918167542468176
0.2918323806089935
0.2918399522244129
0.2918475568963926
0.2918542347729295
0.2918615509770634
0.2918685963729539
0.2918756670987206
0.2918826722900209
0.2918903414006363
0.2918998442503518
0.2919117309702861
0.2919235172072466
0.291933264095301
0.2919417891880166
0.2919498693346429
0.2919584562803359
0.2919711030782874
0.2919809744055539
0.2919883030047478
0.2919948820977636
0.292000935509592
0.2920068226891225
0.2920129837177358
0.2920201770750188
0.2920278956568506
0.2920362845624087
0.292043510439282
0.2920506552091013
0.2920583639738746
0.2920671641135447
0.2920781089096759
0.2920919737901797
0.2921110411065293
0.2921393671825899
0.2921890778194215
0.2922648790037012
0.2923682400250585
0.2924913298488043
0.2926309767318867
0.2927076390222891
0.2927898669406297
0.2928634848510602
0.2929615336484458
0.2930384327005348
0.2931221419488827
0.293262419576432
0.2934801166976885
0.2937833232249185
0.2941341527776032
0.2945387373899948
0.2949869452491933
0.2955310690274022
0.2959696534577047
0.2964147812182598
0.2971900984447958
0.2981429105397581
0.2992930521409394
0.2999
0.2999082397989189
0.2999247193967567
0.2999493489529536
0.2999666373535156
0.2999833186767578
0.3
0.3000082397989189
0.3000175207870868
0.3000265072524356
0.3000444801831332
0.3000630266507452
0.3000823394810641
0.3000987265153871
0.3001123460258965
0.300124915894639
0.3001380081265281
0.3001560607325992
0.3001732175069331
0.3001864772681294
0.3001995072091412
0.300213039718056
0.3002260040155864
0.3002365812005128
0.3002455577668888
0.3002552337289493
0.3002643615625011
0.3002742455113894
0.3002837530371723
0.3002939602500501
0.3003062824039507
0.3003214368514796
0.3003427631082677
0.3003654439635413
0.3003826030097584
0.3003964357921665
0.3004087704864043
0.300420969419063
0.3004360556372038
0.3004470962323427
0.3004585602094475
0.3004687495360439
0.3004780100134942
0.3004870120350349
0.3004961191738485
0.3005061311896442
0.3005195777250287
0.3005352818320219
0.3005466518362809
0.3005575004924989
0.3005690115786603
0.3005820539337858
0.3005984607196742
0.3006196453475977
0.3006493355387003
0.3006942640299379
0.3007710110885164
0.3009245052056734
0.3011553527083244
0.3014072072331547
0.3016885351880394
0.3020090116646599
0.3023781514154256
0.3028103336969565
0.3033200369643217
0.3039227797508077
0.3046357356617811
0.3054820177543979
0.3064919455904577
0.307708509980319
0.3091873645251369
0.3099
0.3099143099476229
0.3099429298428688
0.3099714649214343
0.3099857324607171
0.31
0.3100099397654564
0.3100205104588701
0.3100344464745955
0.310053123151187
0.310073184777317
0.3100963833541421
0.3101196697451594
0.3101467445831764
0.3101832094260852
0.3102286471101765
0.3102820807206967
0.310344654554524
0.3104178252520481
0.3105036199039684
0.3106045426884612
0.3107221614720863
0.3108440969578338
0.310931885306191
0.3109981583522622
0.3110540706372779
0.3111050416090588
0.31115736454152
0.3112224151588581
0.311269372353018
0.3113211484501063
0.3113653016018698
0.3114029753479486
0.3114373505036916
0.3114697298522969
0.3115026121400424
0.3115405832517632
0.3115789127789145
0.3116219662978442
0.3116592462949609
0.3116960172044549
0.3117357209993431
0.3117809786270815
0.3118366098841054
0.3119002840739918
0.3119641950837555
0.3120108317987394
0.3120479329183157
0.3120827635441059
0.3121200130126361
0.3121699102222057
0.3122247729727094
0.3122707328519376
0.3123170077665252
0.312368124603804
0.3124283763129635
0.3125066902581812
0.3126047079909845
0.3127033510922423
0.3127994596992876
0.3129006016068108
0.3130118146962351
0.3131419148546494
0.3132969185156891
0.3134960651744708
0.3137682857535485
0.3141752332768429
0.3148187204189586
0.3155615686218797
0.3164176393556441
0.3174279664738173
0.3186221519171746
0.3199
0.3199143099476229
0.3199429298428687
0.3199714649214344
0.32
0.3200143099476229
0.3200293901965788
0.3200462832658371
0.320074696283363
0.3201023612048284
0.3201355027360811
0.3201713721807195
0.3202128530411873
0.3202580439473009
0.320299943903788
0.3203422938916172
0.3203929793220626
0.3204397895756374
0.3204870128799461
0.3205305641618781
0.3205741910138304
0.3206193590318515
0.3206615774295535
0.3206956289865224
0.3207242865407626
0.3207535378482247
0.3208013029500196
0.3208354870256381
0.320865103019146
0.3208966949921368
0.3209337536577696
0.3209792916699561
0.3210442294964138
0.3210988370589772
0.3211442681979872
0.3211868260417785
0.3212321823644949
0.3212626241035854
0.3213033412762559
0.3213373184909523
0.3213673825128408
0.3213976624010395
0.3214304171552882
0.3214735695302814
0.3215142973834176
0.3215541990662851
0.3215930467630904
0.3216342517385427
0.3216813938819511
0.3217401213493468
0.3218158074518718
0.3219235760729369
0.3220923756657421
0.3224039040951295
0.3228199613520929
0.3232815679899161
0.3238004835732475
0.3243901891021223
0.3250689107745288
0.3258620864845409
0.3267930571668057
0.3278894891773184
0.3291691925920641
0.3299
0.3299055144884796
0.3299165434654389
0.329929683483847
0.329943266623181
0.3299558237985496
0.3299694500390439
0.3299861783804629
0.33
0.3300055144884796
0.3300135157331612
0.3300272720006318
0.3300415006997865
0.3300558073367804
0.3300709454535137
0.3300874749057029
0.3301086025612299
0.3301373029623174
0.3301674149891695
0.3302006366330581
0.3302385369980029
0.3302837983416992
0.3303469658884758
0.3304407084628895
0.3305873818009449
0.3307522614458799
0.3309585582060892
0.331249501128966
0.3317637053026224
0.3327921136499353
0.3344165771403431
0.3375149347605437
0.3399
0.339908317948911
0.3399249538467331
0.3399472220233489
0.3399684711197072
0.3399842355598536
0.34
0.3400083179489111
0.3400182408266345
0.3400341377258119
0.3400537415206852
0.3400729101936997
0.3400965217045749
0.3401210786000955
0.3401479170469645
0.3401791285581385
0.3402198326639719
0.3402575385672654
0.3402970429794256
0.3403420558200083
0.3404001056747132
0.3404866232881063
0.3406596585148924
0.3409539322249469
0.3413674082223711
0.3421943602172196
0.3438482642069166
0.3471560721863106
0.3499
0.3499088509237055
0.3499265527711167
0.3499440692796289
0.3499617250178541
0.3499811173988683
0.35
0.3500088509237056
0.3500201025408615
0.3500364878510969
0.3500561837004059
0.3500772524462368
0.3500988034247913
0.3501251347848105
0.3501615925331987
0.3502009815193043
0.3502456101547556
0.3502984069778667
0.3503652387097307
0.3504439456703655
0.3505364309275007
0.3506450723869913
0.3507725947948884
0.3509225932969849
0.3510978406435572
0.3513029058178781
0.3515431347251277
0.3518245877915936
0.3521541028366269
0.3525391024277021
0.352987520449648
0.3535086331032641
0.3540578829934813
0.3544785202399958
0.3548313070619092
0.3551660192116833
0.3555253154409145
0.3560547999237407
0.3565454805752873
0.3569453518579416
0.3573357518520603
0.3577114268956513
0.358146262805337
0.3586884703033244
0.359259535730881
0.3597977297382838
0.3599
0.3599103109291781
0.3599309327875342
0.3599520904272613
0.3599754239620727
0.36
0.3600103109291781
0.3600222798115968
0.3600355719650645
0.3600621562719998
0.3600894504041531
0.3601173730848997
0.3601460985409382
0.3601718457767687
0.3601966017930929
0.3602237117874236
0.3602525623457316
0.3602821576403916
0.3603062287097226
0.3603282207733499
0.3603483155051908
0.3603653747388164
0.3603805487503093
0.3603964430782914
0.3604214530604275
0.3604409568347499
0.3604575696160751
0.3604751688774661
0.3604948701449629
0.3605196211915424
0.3605466313101021
0.3605717816739384
0.360597179397134
0.3606284689251484
0.3606498170977545
0.3606717330993159
0.3606912398287763
0.3607092086811512
0.3607274813886986
0.360747691306281
0.3607755868684091
0.3608055113071533
0.3608289544345593
0.3608519630792194
0.3608733887806677
0.3608938378291374
0.3609154953481754
0.3609431266822943
0.3609675853981005
0.3609917849526492
0.361015077025621
0.3610394549216618
0.3610670055435935
0.3611008486652466
0.3611358152921799
0.36117342685704
0.3611991746560179
0.3612316914391237
0.3612590373633033
0.3612834044746981
0.3613081152147781
0.361335324623513
0.3613731958096948
0.3614144982527248
0.361447151626134
0.3614794423322671
0.36151427400548
0.3615558176964147
0.3616073984207674
0.3616783372491912
0.3617835454125182
0.3619327207880221
0.362095301420744
0.3622739982802505
0.3624808586798025
0.3627238862911518
0.3630309801287641
0.3634457239056243
0.363981006129501
0.3646024779311037
0.3653252921315647
0.3661738983424693
0.3671879652068734
0.3684075599589015
0.3698850690120881
0.3699
0.3699084887332508
0.3699162953069717
0.3699319084544135
0.3699529621033026
0.3699768777369035
0.37
0.3700084887332508
0.3700226526640389
0.3700385881597656
0.3700581189921677
0.3700818160602331
0.3701045884400206
0.3701267924723941
0.3701523774626919
0.3701838582085593
0.3702183434204848
0.3702514280874628
0.3702876229655516
0.3703327789501444
0.3703966636318518
0.3704764298040264
0.3705673438152126
0.3706694240749098
0.370790743192744
0.3709420490064362
0.3711454711669498
0.3714255170919759
0.3718986062989448
0.3723429906518414
0.3728215056693947
0.3732343330802481
0.3737361005882647
0.3741961292937044
0.3746074178225141
0.3750763283652717
0.3756729229410083
0.3767314366217542
0.3782179363555111
0.3799
0.3799097725578422
0.3799293176735267
0.3799684079048956
0.3799842039524478
0.38
0.3800097725578422
0.3800224822329257
0.3800401942476218
0.3800643762406923
0.3800922097791495
0.3801227737238145
0.380163058115062
0.3802097411550537
0.3802642555341443
0.3803283829131649
0.3804038553122487
0.3804932286305853
0.3805996565915172
0.3807256059012883
0.380868177789472
0.3810305166217661
0.3812145489035895
0.3814278472160648
0.381676035431226
0.3819838801430526
0.3823799206158053
0.3829460424296593
0.3839338693668685
0.3859095232412868
0.3889022553118478
0.3899
0.3899095277227653
0.3899285831682959
0.3899666940593571
0.3899833470296785
0.39
0.3900095277227653
0.3900219042121568
0.3900393491586908
0.3900635236261906
0.3900875701286536
0.3901142542365358
0.3901433688506193
0.3901732891963772
0.3901983545017005
0.3902225873843824
0.3902499800504277
0.3902932586680303
0.3903323036803937
0.3903665292453369
0.3904033354326899
0.3904467105730602
0.3905012164759402
0.3905814033193043
0.3907227324673607
0.3909196933134231
0.3911679661283018
0.3915027306330158
0.3920053479572314
0.3929751139371157
0.3948462801725903
0.3970699940191948
0.3999
0.3999059338048663
0.399917801414599
0.3999332447815354
0.3999478767682925
0.399965194864588
0.3999835312512814
0.4
0.4000059338048664
0.4000157348515345
0.4000308684527394
0.4000469516067138
0.4000649218013244
0.400085974505665
0.4001171047815657
0.4001545284945547
0.4001979449044595
0.4002486502755763
0.4002991320879365
0.4003395213440231
0.4003733369495751
0.4004038457910085
0.4004335351422825
0.4004663811234067
0.4005195137256766
0.4005567892604281
0.4005851899640793
0.4006105544933434
0.4006326700536795
0.4006527631066248
0.4006721069473483
0.4006922330649502
0.4007169206878994
0.4007383690831546
0.4007614262376317
0.4007828626036882
0.4008045609554116
0.4008284255746111
0.4008560130881775
0.4008893754135868
0.4009222254935652
0.4009565034809087
0.4009868237580777
0.4010210917718882
0.4010452264484476
0.4010653181765795
0.4010850520440842
0.4011067724821706
0.4011407119351607
0.4011704971747289
0.4011953980498645
0.4012212580380367
0.40124993756167
0.4012845750261147
0.4013309252791842
0.4013892899429364
0.4014568802463901
0.4015156652026359
0.4015732441592706
0.4016343423320202
0.4017022252044574
0.4017827675468155
0.4018795555304224
0.402004572617031
0.4021744120815714
0.4024227342799959
0.4028305671821288
0.4032987453369887
0.403832576770085
0.4044511914880101
0.4051726987118613
0.4060295319799525
0.4070663681600324
0.4083238622839024
0.4098040862592278
0.4099
0.4099122382207016
0.4099367146621049
0.4099730672098779
0.41
0.4100122382207017
0.4100297599780979
0.410053863612639
0.4100833420033775
0.4101159256930207
0.4101536928291326
0.4101985453011792
0.4102495341699501
0.4103078888312424
0.4103865186348649
0.4104905444911726
0.4106214177649082
0.4107927338412874
0.411031373880428
0.4113994078031725
0.4119428601045474
0.4128101874094825
0.4137230659287828
0.4146249571619906
0.4154929053419731
0.4165313306110204
0.4178610581844804
0.4199
0.4199062165826382
0.4199186497479145
0.4199435160784671
0.4199611780456587
0.4199804824103181
0.42
0.4200062165826381
0.4200169738363919
0.4200303180264048
0.4200461782796421
0.4200651753935309
0.4200835082283325
0.4201015395088296
0.4201224180111128
0.4201451422789543
0.4201720547344992
0.4201987291696698
0.4202283237625784
0.4202626452042588
0.4202990352091339
0.420339441586188
0.4203886666143757
0.4204500025128518
0.4205381697352953
0.4206819427434377
0.420904999360785
0.4212237552265284
0.4214582677873622
0.4216955830095016
0.4219127587982399
0.4222252012309361
0.4224587740017252
0.4226836920776133
0.4229487108977996
0.4233081651962632
0.4239877636058901
0.4250470398111676
0.4262069796758211
0.4276096371625006
0.4293388481946817
0.4299
0.4299090036326335
0.4299270108979004
0.4299630254284342
0.4299815127142171
0.43
0.4300090036326334
0.4300195316147281
0.4300381008494581
0.4300639037293806
0.4300903794120948
0.4301178027807105
0.4301505524855519
0.4301853166343561
0.4302252763738961
0.4302701507356661
0.4303264043072958
0.4304088732247356
0.4305480917655598
0.430727323663921
0.4309748010492883
0.4313397221197864
0.431942040834882
0.4328550486173701
0.4337653164446882
0.4344292463079218
0.4350912690725105
0.4357559889437828
0.4363814719389773
0.4371492892106435
0.4381155018614914
0.439876638284395
0.4399
0.4399096262982644
0.4399245717428092
0.4399512039167327
0.4399809973574826
0.44
0.4400096262982643
0.4400232883219833
0.4400441258412734
0.4400705119937199
0.4400978035112067
0.4401292008194805
0.4401630515182232
0.4402031779202318
0.4402553539997656
0.4403256018593605
0.4404171604276513
0.4405393177096928
0.4407174360271908
0.4409410295704996
0.4412121513653883
0.4415511957236278
0.4420386582299167
0.4428314079293069
0.4444169073280873
0.4467395348809154
0.4498009077843888
0.4499
0.4499164015185342
0.4499492045556028
0.4499746022778014
0.45
0.4500164015185343
0.4500333377766271
0.4500576479206474
0.4500972587016277
0.4501399475398014
0.4501890320035759
0.4502460883596405
0.4503126367240867
0.4503990662970587
0.4505450683522204
0.4507775826459101
0.4510829189193873
0.4514689682517443
0.4519584039426283
0.4526399717037531
0.4536514051520332
0.4554196156352547
0.4584665177443477
0.4599
0.4599064624528893
0.4599193873586679
0.4599452371702252
0.4599701727848389
0.4599850863924195
0.46
0.4600064624528893
0.4600135878063793
0.4600278385133592
0.4600480600247918
0.4600693373833449
0.4600928072789605
0.4601192739701284
0.460149097559381
0.4601891028687989
0.4602380144159784
0.4602945344085915
0.4603625934441939
0.4604541659229257
0.4606033951917642
0.4608810413991228
0.4612225681124292
0.4616459515152027
0.4621811705528247
0.462866824639195
0.4637695092029768
0.465004326725842
0.4670046937082983
0.469410884152985
0.4699
0.4699075156877793
0.4699225470633379
0.469952609814455
0.4699769914802442
0.47
0.4700075156877793
0.4700205348838172
0.4700425657234825
0.4700644727736492
0.4700896134969472
0.4701182253142405
0.4701532724724029
0.4701926417932058
0.4702459940813676
0.4703182995398417
0.4704107544314843
0.4705347301625992
0.4707137138882617
0.4710096549231872
0.4715202657798436
0.472518788208904
0.4738518905509321
0.4755132212588549
0.4776592008836126
0.4799
0.4799067063287709
0.4799201189863126
0.4799469443013961
0.4799663796630655
0.4799831898315328
0.48
0.4800067063287708
0.480016485979295
0.4800353499487744
0.4800552014475525
0.4800739477006254
0.4800965923504323
0.4801235413330955
0.4801527589859639
0.4801893850859003
0.4802427960714957
0.4803217606896358
0.4804191393377286
0.4805428881378803
0.4807094083335752
0.4809571071504229
0.4814018510798024
0.4822913389385614
0.4833889444608645
0.4847418802197536
0.4864187829729375
0.488471935105568
0.4899
0.4899081692343314
0.4899245077029943
0.4899571846403201
0.4899809266147873
0.49
0.4900081692343314
0.4900198127212974
0.4900390751094738
0.4900597384931281
0.4900817143062618
0.4901064175280093
0.4901366292713369
0.4901744522360928
0.4902133620356857
0.4902586492067384
0.4903143296221977
0.4903916396526157
0.4904967044806492
0.4906310127519938
0.4908119123576919
0.4910575756157362
0.4914193425917309
0.4919089463314722
0.4924117068092599
0.4929066202986825
0.4935450254606703
0.4939939747754897
0.4945157907984138
0.4952519626417454
0.496645007489384
0.4984314646200586
0.4999
0.4999035630237106
0.4999106890711317
0.499924941165974
0.499939817863547
0.4999590060686068
0.499978178874231
0.4999890894371155
0.5
0.5000035630237105
0.5000083875525756
0.5000180366103057
0.5000313363386327
0.5000449955401758
0.5000600917621937
0.5000766503871303
0.5000942171772277
0.5001124863433305
0.5001341970004872
0.5001636114892544
0.5002017907823119
0.5002445817949641
0.500294807649374
0.500356730105197
0.5004286459286239
0.5005090338557474
0.500599943355768
0.5007016162582812
0.5008135891136338
0.5009446853359454
0.5011014370186236
0.501311170058212
0.5016132337489648
0.5021419675477246
0.5028340257580597
0.5037539209962612
0.5050822371320962
0.5072654091725116
0.5099
0.5099036083263797
0.5099108249791391
0.5099252582846578
0.5099426485158672
0.5099594927029001
0.5099791515749681
0.51
0.5100036083263797
0.5100108249791391
0.5100217854966665
0.5100379824003244
0.5100550113619691
0.5100760309415954
0.5100987183226107
0.5101198487252613
0.5101409971201984
0.5101658435482677
0.5101932611246393
0.5102255646564998
0.5102567041352162
0.5102917651023048
0.5103323334395016
0.5103752380909589
0.5104236490804417
0.5104798153851415
0.5105509650092979
0.5106493325136148
0.5107795491948647
0.5109301944770692
0.5111042226793828
0.5113056501698198
0.5115396095523019
0.5118125004112802
0.5121296504468672
0.5124909374690074
0.5127905689095554
0.5130172194801825
0.5132066170435983
0.5133809418299362
0.5135719942052472
0.5136864308128019
0.5138238731379609
0.5139390039425392
0.5140401208961712
0.5141436244217766
0.5142626991034317
0.5143955794785324
0.5145380447521113
0.514663425619843
0.5147906971673558
0.514931512902323
0.515096954680514
0.5153008733557425
0.5154780832916795
0.5156500770131373
0.5158384714163249
0.5160799802000877
0.5163067222627697
0.5165305993781583
0.5167892768375097
0.5170625799020367
0.5173782763273649
0.5177544331683577
0.5182407348915458
0.5189193573307812
0.5199
0.5199147444668194
0.5199442334004581
0.52
0.5200147444668194
0.5200382366876007
0.5200634140096999
0.5201009005934416
0.5201433209795693
0.5201885672987129
0.5202389926638913
0.5202980956804354
0.5203664190732876
0.5204439521790207
0.5205349948847368
0.520629654023868
0.5207346733862305
0.5208470495464852
0.5209640240251708
0.5210627759213889
0.5211597656851705
0.5212585634145842
0.521352675290235
0.5214323935845461
0.5215020031497278
0.5215750531532979
0.521651683359593
0.5217331164012935
0.5218063332556749
0.5218827110368196
0.5219690541605713
0.5220758775188615
0.5221853860754462
0.5222826844395346
0.5223776326230358
0.5224943543084669
0.522567362402557
0.5226402639221749
0.5227074660363655
0.5227734951927273
0.5228495496497976
0.522966402179331
0.5230727370538888
0.5231613809492506
0.5232532377555651
0.5233544123917011
0.5234790112492347
0.5236400497833367
0.5238726853241401
0.5242475332519557
0.5249841074390557
0.5258412809834925
0.5268208994135108
0.5279511201407872
0.5292824494063503
0.5299
0.5299041143308058
0.5299123429924172
0.52992880031564
0.5299453505601109
0.5299615836855032
0.529974757234348
0.5299859025995881
0.5299929512997941
0.53
0.5300041143308057
0.5300094280357633
0.530016732760519
0.5300248380194641
0.5300348096012475
0.5300430097294022
0.5300497000699221
0.5300561726994036
0.5300632343508757
0.5300733206187284
0.5300842716382569
0.5300930912896716
0.5301020945505274
0.53011205935122
0.5301241546072625
0.5301404513902418
0.5301628458581686
0.5301998930897477
0.5302587331481305
0.530324295566597
0.5303972088388503
0.5304808321337525
0.5305763882617007
0.5306868726439881
0.5308156464695035
0.5309654744246465
0.5311381912531942
0.5313358706907961
0.5315597559630951
0.5318123544196053
0.5320995861744557
0.5324234463689477
0.5328120182424108
0.5332882332610144
0.5339181153983935
0.5348611820662891
0.5366568397766325
0.5380897825102346
0.5389948912551172
0.5394974456275586
0.5396987228137793
0.5397993614068897
0.5398496807034447
0.5398999999999998
0.5399054773078116
0.5399164319234351
0.539935323391069
0.5399528693597967
0.5399706141715404
0.5399853070857702
0.54
0.5400054773078118
0.5400126554363488
0.5400253050493691
0.5400440021738532
0.5400606391532482
0.5400748162570307
0.5400887124231961
0.5401037370236841
0.5401238508240797
0.5401478998489763
0.5401678189976782
0.5401870997061007
0.540203399536073
0.5402191244878702
0.540237408623081
0.5402605256978156
0.540284401273822
0.5403063939018451
0.5403300020632367
0.540357064203767
0.5403914552663783
0.5404288574001128
0.5404655460667769
0.5405045670314375
0.5405480507772764
0.5405994668955761
0.5406621742480238
0.5407448753827665
0.5408623619889436
0.5409770022167961
0.5410923078614782
0.5412298708312384
0.5413524304920164
0.5414782358095466
0.5415950237890097
0.5417147773616224
0.5418479976907297
0.5420089293813084
0.5422090406507342
0.5424809388192738
0.5426940672741709
0.5429102633262533
0.5431085037232872
0.5433604930044924
0.5435939714926867
0.5437820652966525
0.5439721959014895
0.5441609590522813
0.5443234243413941
0.5445054502311956
0.544646245651952
0.5447749876590289
0.5449142128927803
0.5450983616036523
0.5453508026737645
0.5455347470831757
0.5457166841646062
0.5459183785367006
0.5461622872979274
0.5464791231004704
0.5469451685430299
0.5477271602186459
0.5490966123856149
0.5498999999999999
0.5499048508358036
0.5499145525074111
0.5499339558506259
0.549949971287309
0.5499678179595142
0.5499839089797571
0.55
0.5500048508358037
0.550011831454486
0.5500257926918504
0.5500424940476494
0.5500607795944419
0.5500814846328874
0.5501069564288629
0.5501471152261602
0.5501826690261563
0.5502130714116452
0.5502417898270695
0.550271008973159
0.5503071458186047
0.5503337767974733
0.5503624936131081
0.5503872550070544
0.5504085130294866
0.5504277446588651
0.5504457309419971
0.5504639915852221
0.5504855671923908
0.550505116758272
0.550527168639088
0.550547303977834
0.550567665688185
0.5505901602066258
0.5506163964975044
0.5506464829483775
0.5506777561784552
0.5507179938178232
0.550742415593682
0.5507671106494262
0.5507894513415775
0.550810424168214
0.5508328585275529
0.5508603710977463
0.5508892814460129
0.5509192570715342
0.5509469375781259
0.5509755505868014
0.5510074168930972
0.5510461274277022
0.5510945599546834
0.5511611482634498
0.5512600444778524
0.5513971879517557
0.5515464221001721
0.551715701604734
0.5519077963855866
0.5521410420055864
0.5524420157444678
0.5528598932316672
0.5533567928883154
0.5539257820172979
0.5545810733526169
0.5553429966081779
0.5562278413972447
0.5572905431237359
0.5585673395448161
0.5599
0.5599091477429375
0.5599274432288127
0.5599480823467067
0.5599677502888039
0.559983875144402
0.56
0.5600091477429376
0.5600186810053381
0.5600292512668703
0.5600479427315562
0.5600715072822273
0.560094589821488
0.5601177265744826
0.5601373731333785
0.5601541737519925
0.5601701192783155
0.5601874303579997
0.5602053828416903
0.5602239411905281
0.5602390331166913
0.5602522981187295
0.5602636953781649
0.5602734396423452
0.5602830578850845
0.5602955998226903
0.5603097134916386
0.5603205684805659
0.5603315230145338
0.560343618951655
0.5603582930402372
0.5603783008164263
0.560405584144911
0.5604356637101011
0.5604580224769674
0.5604756699066453
0.5604914245664347
0.5605073139744378
0.5605296481541644
0.5605475866260621
0.5605607647203841
0.5605726370369285
0.5605838895021896
0.560595484790624
0.5606091498174091
0.5606239125014293
0.5606400244475834
0.5606540896343521
0.5606682023590402
0.5606835758386343
0.5607018782470369
0.560724309142904
0.5607544831613298
0.5607979489158413
0.5608673529614767
0.5610013470218604
0.5612693351426279
0.5617473060991597
0.5621420587984444
0.5625513872378061
0.5629161119934093
0.5633872591301264
0.5637835069022324
0.5641503267762221
0.5645744195772792
0.5651309780057572
0.5660921073288198
0.567416569481534
0.5689593436512999
0.5699
0.5699044860117284
0.5699134580351852
0.5699314020820989
0.5699477254898736
0.5699654591414598
0.5699827295707299
0.5700000000000001
0.5700044860117285
0.5700117381587281
0.570023698052891
0.5700400769759346
0.5700582877877204
0.5700791464395152
0.5701042768895003
0.570134571536564
0.5701700991383017
0.5702045346940764
0.5702347444660273
0.5702626102565621
0.5702902523708104
0.5703215436430977
0.5703513641873554
0.5703844327337597
0.5704120551832935
0.5704366890215918
0.5704591345183716
0.5704792162817612
0.5704977374130433
0.5705159389425293
0.5705359115749266
0.5705663795268767
0.5705910915564202
0.5706110428467833
0.5706312297063024
0.5706529537425549
0.5706785950145529
0.5707092921658075
0.5707395972253259
0.5707716549201216
0.5707961955780068
0.5708259561382344
0.5708479326796713
0.5708663071746358
0.5708845617452162
0.5709049476169318
0.5709377143636154
0.5709642479700855
0.5709870794165052
0.5710112257466889
0.5710383699849372
0.5710718835775258
0.5711175225230294
0.5711756627836225
0.5712365272623151
0.5712905565981136
0.5713445433502612
0.5714024931414668
0.5714678168148863
0.5715464719916274
0.5716426387711464
0.5717631810503142
0.5719393609875925
0.5720772394835101
0.5722108055000715
0.5724063411459023
0.5726553295139144
0.5731131469720692
0.5735329145094865
0.5739158709207868
0.5743115776025705
0.5747396649046753
0.5752373253399659
0.5758585873893486
0.5766054592574585
0.57745491512957
0.5785325714709312
0.579777903823561
0.5799
0.5799087618851696
0.5799262856555089
0.5799536578415861
0.5799800734938084
0.58
0.5800087618851696
0.5800199118389664
0.5800368000834466
0.5800597047108494
0.5800855128768012
0.5801131854191541
0.5801427183762502
0.5801766186680407
0.5802168301517276
0.5802603853257049
0.5803059781277241
0.5803544918583382
0.5804043031244047
0.5804535138910026
0.5804975452769866
0.5805365237978833
0.5805765796809067
0.5806403005029909
0.580687922086765
0.580729219788325
0.5807735414624218
0.5808261409793873
0.5808921797389527
0.5809596946458697
0.5810186400370595
0.5810740448453073
0.5811338334180851
0.5811732538150498
0.5812263918582642
0.581270649335865
0.5813098184509786
0.5813495120393295
0.5813927991988205
0.5814505779614837
0.5815263171325049
0.5815803118963601
0.5816322864036604
0.5816881699143411
0.5817540952387653
0.5818358640027446
0.5819478859494832
0.5821135484334361
0.5823907835731555
0.5829452538525944
0.5837340458069775
0.5845957607063106
0.5855618511844262
0.5866702884870572
0.5879724510974609
0.5895488644502386
0.5899
0.5899061155316023
0.589918346594807
0.5899428087212164
0.5899638332451691
0.5899819166225846
0.59
0.5900061155316023
0.5900146421988194
0.5900301324849573
0.5900495926102056
0.5900684522515401
0.5900896462253954
0.5901127227034594
0.5901409337224408
0.5901685887280844
0.5902001489340079
0.5902343828494884
0.5902740069272877
0.5903245431283599
0.5903941660866417
0.5904922288844417
0.590605885765304
0.5907370442652419
0.5908893423915623
0.5910666761248389
0.5912745668732146
0.5915017522110751
0.5917207551745453
0.5919322679838271
0.59214514325699
0.5923806398365511
0.5927127482075663
0.5930089968655468
0.5932496714033533
0.5934926344680849
0.5937566869790276
0.5940427808181712
0.5943295399158443
0.5946595567651388
0.5951987990276423
0.5956671165613117
0.5960853501273312
0.5965474507854608
0.5970853770645282
0.597807019766268
0.5986859384360773
0.5995208449518175
0.5999
0.5999073897465039
0.5999221692395118
0.5999517282255276
0.5999737010533318
0.5999868505266659
0.6
0.6000073897465039
0.600017624050894
0.6000348130366658
0.6000551658048767
0.6000766514305549
0.6001029658734685
0.6001318753284783
0.6001665491274593
0.60020970217493
0.6002580422272489
0.6003132231547677
0.6003625274409561
0.6004076815809352
0.6004578693563168
0.6004898577054857
0.6005238947343016
0.6005543662405319
0.6005845130413586
0.6006212233963741
0.6006657044635891
0.6007083880685022
0.6007487494998938
0.600785479259016
0.6008175701325895
0.6008499904575635
0.6008886932382371
0.6009337489278245
0.6009808430272275
0.6010246963501492
0.6010710651498398
0.6011255186523977
0.601191308992231
0.6012788290547498
0.6013810246166453
0.601499326066335
0.601644673707808
0.6018103095698314
0.6019908198713388
0.6021987273015666
0.6024386321004989
0.6027357231258728
0.6029933740933611
0.603241872180677
0.6036229261692636
0.6040798468515836
0.6049936882162235
0.6062046843305894
0.6076184948008668
0.6092438106941885
0.6099
0.6099130629095927
0.6099391887287781
0.609969594364389
0.61
0.6100130629095927
0.610029175904025
0.6100553175443553
0.6100852511318295
0.6101159244695853
0.6101511613188852
0.6101917244825741
0.6102483921144789
0.6103340840582505
0.6104338069016105
0.6105518092345762
0.6106930068381555
0.6108469443814942
0.6110274617261611
0.6112695589273208
0.6115949226941158
0.6120016014586978
0.6125305822618153
0.6132624009345493
0.614391684521276
0.6165564326710302
0.6191779229709417
0.6199
0.6199059401407736
0.6199178204223208
0.6199415809854152
0.6199618763322633
0.61998305707827
0.62
0.6200059401407736
0.6200135770106112
0.6200251831066848
0.620039364164502
0.620054291006818
0.6200732365690503
0.6200940662087282
0.6201117562967946
0.6201282453333458
0.6201461515235355
0.6201714643010765
0.6201999350575159
0.6202235253379239
0.6202489974499678
0.6202778995151079
0.6203155814582993
0.6203685420806152
0.6204372796136515
0.6205110692065662
0.620591353016698
0.6206837624070928
0.6207907850957364
0.6209245681311126
0.6211018997474421
0.6213559421181996
0.6217655204340394
0.6221231102378249
0.6224424881795448
0.6227598334305655
0.6231055188500376
0.6234280659269663
0.6237413571481977
0.6241098489220377
0.6245611807323297
0.6252971447634723
0.6265611432980712
0.6279909169572235
0.6297164857837316
0.6299
0.6299043289884122
0.6299129869652366
0.6299303029188853
0.6299456604674226
0.6299632119573029
0.6299839350781802
0.6299919675390901
0.63
0.6300043289884122
0.630009066755038
0.6300185422882896
0.6300332962162277
0.6300473904487401
0.6300639820210064
0.630085536027499
0.6301081133859233
0.6301358525701376
0.6301714420815343
0.6302125101978521
0.6302557454864263
0.6302990695937035
0.6303410806753827
0.6303823619763108
0.6304268995173798
0.63049353006974
0.6305460270775753
0.6305888972671602
0.6306326476503501
0.6306800134812679
0.6307359677140839
0.6307897405646835
0.6308312007936373
0.6308661661595601
0.6309040982427808
0.6309381821462168
0.6309750592538449
0.6310109548283639
0.6310496106092722
0.6310966618328321
0.6311544400956898
0.6312172636323612
0.6312701130617148
0.6313168856643712
0.6313631293017811
0.6314201401997889
0.631457223632796
0.631494743353271
0.6315286422030799
0.6315605827137398
0.6315944436862297
0.6316347753401516
0.6316786172863867
0.6317262249933064
0.6317685514661081
0.6318114678085432
0.6318585640131885
0.6319149875057142
0.6319845798023789
0.6320790102303481
0.63221677189505
0.6324405254431403
0.6328424534064417
0.6333259703486669
0.6338702464864038
0.6344947392108677
0.6352165667179338
0.6360647770696215
0.6370736046961295
0.6382845753328954
0.6397555301519494
0.6399
0.6399069185502624
0.6399207556507871
0.6399466950096232
0.6399775201819786
0.6399887600909893
0.64
0.6400069185502624
0.6400153508316002
0.6400322153942759
0.6400562749196129
0.6400877218557777
0.6401231525627777
0.6401514890264147
0.6401753401974455
0.6401975314991672
0.6402203323583635
0.6402498002683189
0.6402726163141774
0.6402956255017676
0.6403162430749975
0.6403345597016229
0.6403510858360368
0.6403661463322864
0.6403806834614327
0.6403962956564282
0.6404181873259712
0.640439062643994
0.6404553206618888
0.6404714467226424
0.6404887821948139
0.6405090262462659
0.6405337313876016
0.6405581194112374
0.6405843767709373
0.6406177973569757
0.6406428646401516
0.6406617914585686
0.6406790854255554
0.6406961584918166
0.6407154248315411
0.6407449218251398
0.6407717498064619
0.6407936918451681
0.6408160466951422
0.6408403189138225
0.6408697557665295
0.6409067766042915
0.6409581380827456
0.6410351144206237
0.6411437674985019
0.6412623633841958
0.6413932392506794
0.6415455500782606
0.6417257708018917
0.6419563503234859
0.6422726770805337
0.6426526594644599
0.643091879348349
0.6436012525940819
0.6441944876360269
0.6448918154245047
0.6457195498374715
0.6467163547038385
0.6479092414519023
0.6493073701443803
0.6499
0.6499061569998438
0.6499184709995313
0.6499430989989062
0.6499625289949185
0.649984168103474
0.649992084051737
0.65
0.6500061569998438
0.6500123206556191
0.6500243259705688
0.6500437887077913
0.650061355255035
0.6500810002247744
0.6501048533554431
0.6501332384463565
0.6501645348383451
0.6502013847121781
0.6502505136367023
0.6503132499290417
0.6503610658851098
0.6503958147203092
0.6504240470169368
0.6504485933402789
0.6504721600780002
0.6504978747514187
0.6505352483589737
0.6505672980414928
0.6505907817733433
0.6506109823866141
0.6506284444090668
0.650643938143816
0.650658643067224
0.650673826267796
0.6506922400496106
0.6507081450554969
0.6507257767120993
0.6507421042567503
0.6507585870412492
0.6507767029136298
0.650797615082427
0.6508235997170714
0.6508506150581054
0.6508854255019175
0.6509169727139738
0.6509478445616401
0.6509858215392518
0.6510195721931564
0.6510498838842252
0.6510801012761157
0.6511116028029584
0.6511466610606635
0.6511898017441414
0.6512386881170241
0.6512915248308049
0.651336847361305
0.6513814189715755
0.6514290094564231
0.6514826780684136
0.6515480953134284
0.6516296526083435
0.651738562060137
0.6518943145197439
0.6521420627072102
0.6524853453523031
0.6528762610577802
0.6533237226153391
0.6538408662778795
0.6544438182179736
0.6551558419940118
0.6560048153328109
0.6570314499158437
0.6582643801111208
0.6597055121456377
0.6599
0.6599151522499461
0.6599454567498383
0.6599727283749192
0.6599863641874596
0.66
0.6600151522499461
0.660028901263488
0.6600440964295559
0.6600696073431297
0.6600975885779343
0.6601269825854534
0.6601593409357973
0.660200217404468
0.660243628981065
0.660282428820179
0.6603227833527715
0.6603734508810256
0.6604398514156349
0.6604979841269086
0.6605578046651748
0.6606252206655344
0.6607113375538843
0.6608290138473322
0.6609822769188336
0.6611516648588704
0.6613465473554557
0.6615719328539609
0.6618507851128992
0.6622182077489673
0.6627432049418308
0.6635921340944827
0.6647336236830635
0.6662092493254456
0.6681809042358324
0.6698999999999999
0.6699107188038411
0.6699321564115235
0.6699660782057617
0.67
0.6700107188038412
0.6700258900727714
0.6700482601552677
0.6700812640151118
0.6701187158513897
0.6701600472973437
0.6702039647585054
0.670256672761361
0.670319268721511
0.6703875211520773
0.6704617320867039
0.6705537177793256
0.6706710750200812
0.6708101189282952
0.6709736909956547
0.6711603463578917
0.6713748089491965
0.6716229981279334
0.671909687999407
0.6722418863669365
0.6726264610942084
0.6730735372551112
0.6735956302858161
0.6742122147113213
0.6749273038865793
0.6757988378243023
0.6768603228411366
0.6782007796398474
0.6799
0.6799076766349091
0.6799230299047275
0.6799537364443643
0.6799760444406225
0.68
0.6800076766349092
0.6800206649164605
0.6800329759980122
0.6800560482214196
0.6800799196921383
0.6801045842902349
0.680132007975304
0.6801585550279068
0.6801812801726314
0.6802025504722891
0.6802252006547301
0.6802592316279285
0.680284380338395
0.6803047732268523
0.6803250728358715
0.6803450178965554
0.680362787563639
0.680377612126458
0.6803916793417696
0.680409722626609
0.6804292466765903
0.6804444281801201
0.6804599572149802
0.6804772835064445
0.6804987273060612
0.6805286955371639
0.6805680673363043
0.6805984770729935
0.6806224194982213
0.6806436373385777
0.6806643003564952
0.6806896800910565
0.6807074893453968
0.6807258545425029
0.6807422165206807
0.6807572212276269
0.6807722207242735
0.6807882115482989
0.6808078872927524
0.680825893745068
0.6808462141698196
0.6808649501772832
0.6808839424046962
0.6809048257353687
0.6809296606066217
0.680959897893888
0.681000070652216
0.6810570601730797
0.6811459408284541
0.6813100234045146
0.6816223700444165
0.6819652030715385
0.6823425307283757
0.6827711249609068
0.6832603767503075
0.6838299892051937
0.6845001905292863
0.685293199020384
0.686236180132853
0.6873637681192308
0.6887225525013646
0.6899
0.6899135822070049
0.6899407466210149
0.6899703733105075
0.6900000000000001
0.690013582207005
0.6900302594422149
0.6900578540583036
0.6900957250339614
0.6901384873979588
0.6901809551277132
0.6902295292690985
0.6902885855939142
0.6903542539804399
0.6904300932522702
0.6905232285413929
0.6906481551354089
0.6907936949355941
0.6909907777375573
0.6913289354801273
0.6920052509652672
0.6925246345507712
0.6930284641666864
0.6935893313032611
0.6942621051759656
0.6948140659368478
0.6953199681456852
0.6959558731983584
0.6972276833037048
0.6990121008964545
0.6999
0.6999089730518259
0.6999269191554777
0.6999491209047657
0.6999717584913097
0.6999858792456548
0.7000000000000001
0.700008973051826
0.7000199780088869
0.7000355674274279
0.7000545372976562
0.7000751643972287
0.700099269707839
0.7001246053681964
0.7001511797682219
0.7001832446088186
0.7002273294139635
0.700280295227967
0.700346012137766
0.7004157444547386
0.700495975126358
0.7005936467008252
0.700707581587135
0.7008146076641055
0.7009201947338495
0.7010442793871011
0.7011123827434667
0.7011884008289091
0.7012523769601156
0.7013077080622052
0.7013638262653444
0.7014287827880664
0.7014995518314294
0.7015717965867836
0.7016367328494949
0.7017034377489049
0.7017777786489702
0.7018665890296306
0.7019681126688059
0.7020396893401638
0.702102416122037
0.702166572122353
0.702241807005208
0.7023396800006381
0.7024326882505343
0.7025173869870192
0.7026073351430647
0.7027089905446122
0.7028358984015599
0.7030012664336874
0.7032416647031
0.70362775036707
0.7040907930323391
0.7046201607967335
0.7052585865968903
0.7060704853652017
0.7070469249616551
0.7082063062920033
0.7096513669588301
0.7099
0.7099067824874515
0.7099203474623547
0.7099474774121609
0.709971876852075
0.71
0.7100067824874515
0.7100203474623547
0.7100365039714001
0.710058351165825
0.7100849024919088
0.7101088207981895
0.7101342712652893
0.7101651996789582
0.7102044068058172
0.7102419406832698
0.7102802287140412
0.7103250863871113
0.7103808217497665
0.710463101681925
0.7105587691153693
0.7106746569568265
0.710827411661481
0.7110224471755292
0.7112333347864302
0.7114923706627144
0.7118403879760914
0.7123074926371935
0.7128971165871962
0.7136376829127683
0.7146650201926548
0.7159653838355758
0.7176052749201163
0.7196283931467756
0.7199
0.7199073569661257
0.7199220708983772
0.7199514987628802
0.7199752139868473
0.7199876069934237
0.72
0.7200073569661257
0.7200168979337033
0.7200291705173903
0.7200477579795295
0.720064466978588
0.720082758883278
0.7201062460426185
0.7201321965852491
0.7201538456752924
0.7201739663006834
0.7201957470163531
0.7202261149183218
0.7202615389147866
0.7202904425583195
0.720321489604729
0.7203565050075977
0.7204017816294265
0.7204648146289468
0.7205454013926565
0.7206350315531
0.7207323322444819
0.72084387534239
0.7209722086554529
0.7211312171493939
0.7213397578081416
0.72161163783836
0.7219071051330542
0.7221379666997112
0.7223951521982727
0.7226935392541347
0.7231453384691272
0.7240225715416277
0.7252255439771631
0.7266522166988693
0.7284000141236902
0.7299
0.729911029114942
0.729933087344826
0.729966543672413
0.73
0.730011029114942
0.7300266740515386
0.7300497293494193
0.7300816479974852
0.7301184557217854
0.730160376383386
0.73020765372154
0.7302572353519267
0.73031687223834
0.7303895315822696
0.730479146985624
0.7305695032981436
0.7306716560148994
0.7307928376346177
0.7309510564117033
0.7311915050808101
0.7316066126346024
0.7323350583378588
0.7334691721024575
0.735737399631655
0.7387409705873598
0.7399
0.7399056431276813
0.7399169293830438
0.7399395018937688
0.7399600548856015
0.7399800274428008
0.74
0.7400056431276812
0.7400141816893081
0.7400277620393532
0.7400438412129114
0.7400654002708807
0.7400911192309634
0.7401141140277734
0.7401372977725369
0.7401622491650777
0.740194154631479
0.7402337661035145
0.7402712589835535
0.7403082654595243
0.7403496489942292
0.7404002933751964
0.7404598619553633
0.7405319027620361
0.7406254061885535
0.7407467434480245
0.7408847674243667
0.74104074985577
0.7412194380269337
0.7414259566341109
0.7416653935032085
0.7419496058761219
0.7422847300494854
0.7426789228746439
0.7431656614228555
0.7437715152922221
0.7445574847748685
0.7456411239570617
0.7472875461593532
0.7499
0.7499140901250935
0.7499422703752804
0.7499711351876401
0.75
0.7500140901250935
0.7500304820685377
0.7500582292584921
0.7500991920973538
0.7501386820801023
0.7501804542503121
0.7502293879741194
0.750290049534955
0.7503468448586392
0.7504034748732373
0.7504702784359794
0.7505539618512072
0.7506420588021718
0.7507283807621041
0.7508240475309572
0.750944671795974
0.7511079416231822
0.7513192602406898
0.7515641674827558
0.7518462354068353
0.7521890422359391
0.7526290885035648
0.7532377632182384
0.7541764969580664
0.7559500235258853
0.7590000092835976
0.7599
0.7599108267988196
0.7599324803964588
0.7599662401982294
0.7599831200991147
0.76
0.7600108267988196
0.7600238510826447
0.7600403374634633
0.7600623606258045
0.7600873276370889
0.7601144503666111
0.7601421374938739
0.7601695826898944
0.7602015290411384
0.7602415926406947
0.7602843253462565
0.7603256201906369
0.7603708876473547
0.7604274099578893
0.7605081567679459
0.7606116296347933
0.7607300130386077
0.760863528959961
0.761023201921467
0.7612240399903957
0.7614978751342437
0.7618836434406132
0.762567269853653
0.7634793646941885
0.7646468637046611
0.7661513824132656
0.7680898225603652
0.7699
0.7699071740817204
0.7699215222451611
0.7699502185720425
0.7699724348944295
0.7699862174472147
0.77
0.7700071740817204
0.7700170245329871
0.7700335770433007
0.7700540026422906
0.7700741721389253
0.7700972444353125
0.770122378327578
0.7701517692990548
0.7701870508282928
0.770229115864847
0.7702688996739074
0.7703113477701627
0.7703627230044536
0.7704322647678892
0.77052580281733
0.7706357756085094
0.7707598939596555
0.7709004430795701
0.7710586183263136
0.771241253273081
0.7714514329770513
0.7716947372634639
0.7719885199177188
0.7723331949161477
0.7727341441993004
0.7731557822305531
0.7736373030332568
0.7741008902955897
0.7745248715589613
0.7749910229044218
0.7759068957014734
0.7773250028365412
0.7790507727919657
0.7799
0.7799102788655401
0.7799308365966202
0.7799719520587804
0.78
0.7800102788655401
0.7800273905074945
0.7800475781400902
0.7800757144635319
0.7801030296073382
0.7801327204251359
0.7801645186326869
0.7801879957601108
0.7802085413581215
0.7802354258724716
0.7802612246854553
0.7802854435221396
0.7803162438025728
0.7803576406738738
0.7804404344164758
0.7805600443926111
0.780733758695893
0.7809186405250087
0.7811084722956221
0.7812925771767748
0.7814662082434202
0.781650393059459
0.7819187278734547
0.782143921042437
0.7823242168873934
0.78250650601606
0.7827030826487682
0.7829419075065589
0.7832437065005958
0.7836144474955558
0.7840133124982248
0.7844661927490104
0.7849995295339544
0.7856503121017451
0.7863094969856691
0.7868221516205888
0.7872771549364959
0.7878493764909266
0.7882791734636184
0.7886013759041173
0.788929049414805
0.7893536338295599
0.7899
0.7899126777271048
0.7899380331813144
0.7899690165906572
0.79
0.7900126777271048
0.7900310224162407
0.7900575736348863
0.7900928393410072
0.7901279640377435
0.790168457961963
0.7902141097463506
0.7902700487086076
0.7903317438824919
0.7904023504104317
0.7904834844209991
0.7905622457616579
0.7906516441911694
0.7907031175360411
0.7907638859800937
0.7908143261993362
0.7908574881125675
0.7909004368303965
0.7909479249669313
0.7910222935327579
0.791083325927481
0.7911339863257267
0.7911863569960828
0.7912437061275036
0.7913152140710724
0.7913715676257232
0.7914283116741956
0.7914790409199978
0.7915279314506876
0.7915816944066674
0.7916539995113497
0.7917433513167589
0.7918122843446052
0.7918801074748154
0.7919540526509463
0.7920428752822111
0.7921551906241614
0.7923167003875841
0.7925573439112581
0.7928764225883885
0.7932422008946639
0.7936619914803498
0.7941709670274035
0.7948207145660885
0.7953339164788052
0.795854149168264
0.7966426815357431
0.797672219208029
0.798746442825527
0.7998999999999999
0.7999401327807342
0.8
0.8000401327807343
0.800073481562182
0.8001202315667318
0.8001875165985317
0.8002401218685808
0.8002852011160422
0.800332283554231
0.8003855161661813
0.8004388154455471
0.8004954382419388
0.8005657031935024
0.8006673614977199
0.8008706781061549
0.8011694615147198
0.8015637743095956
0.8021069634681963
0.8028515965114258
0.8038375328520106
0.8050742968605505
0.8066205228736644
0.8085467992360804
0.8099
0.8099167069581747
0.8099501208745243
0.8099750604372622
0.81
0.8100167069581748
0.8100345479265028
0.8100582652520707
0.8100934915018178
0.8101291851591165
0.8101658913183513
0.8102099860291317
0.8102736697168998
0.8103442413996825
0.8104264264912115
0.8105258707953173
0.8106468046119281
0.8107771449541465
0.8109118928005346
0.8110761067525187
0.8113052272486492
0.8115381896191329
0.8118631334870724
0.8121364755579308
0.8123790202168495
0.812659046270834
0.813008693982057
0.8136131096394212
0.8147616724355689
0.8160517262077566
0.817598403260228
0.8195211365361139
0.8199
0.8199097503323368
0.8199292509970105
0.8199665572239008
0.8199832786119504
0.8200000000000001
0.8200097503323369
0.8200213524119838
0.8200421556704295
0.8200687111256468
0.8200926063565322
0.8201200929774396
0.8201543123125606
0.820191721019795
0.8202340195651977
0.8202872954984951
0.8203508295519364
0.8204228197307534
0.8205048143073458
0.8206019989742138
0.8207276608634522
0.8209033804305377
0.8210909733187873
0.82130770553482
0.8215650768812378
0.8218866784642519
0.8222265979674432
0.8225033573142917
0.8226417369877159
0.8228964482873047
0.8231666651160019
0.8235485961834864
0.8240729271219496
0.8248585410695582
0.8256537782046325
0.8260945486224661
0.8263255581738725
0.8264171140535193
0.8266002258128127
0.8266492520536486
0.8267473045353204
0.8267757589004978
0.8268326676308526
0.8268476711193176
0.8268776780962475
0.82688542233762
0.826900910820365
0.826918524110193
0.8269321829772245
0.8269456026412986
0.8269598105071239
0.8269718996447283
0.8269852301903177
0.8269935744162051
0.8270027018955393
0.8270098469148024
0.8270173913131964
0.8270251011768416
0.8270329833082453
0.8270430664774243
0.8270601353274226
0.8270910611881498
0.8271255782042894
0.8271640762254897
0.8272080931015575
0.827258349383077
0.8273165326706656
0.8273843580716302
0.8274634909747072
0.8275550414086985
0.8276610918687788
0.8277840532586098
0.827926733516741
0.8280924127035484
0.8282848929640776
0.8285085544513374
0.8287685297312397
0.829070798432268
0.8294224069987669
0.8298317254065074
0.8299
0.8299183277342062
0.8299471951767724
0.8299735975883862
0.8300000000000001
0.8300183277342063
0.8300343810837726
0.8300571591477244
0.830102715275628
0.8301384283182148
0.8301766465864018
0.8302257991658827
0.8302766911631564
0.8303230094519503
0.8303725496936065
0.830435725689343
0.8305170666915536
0.830586523882194
0.8306599849026092
0.8307487363537724
0.8308612966511291
0.8310152576909599
0.8312053755733346
0.8314172589544109
0.8316662469094528
0.8319744702450231
0.8323616986947283
0.8329083492432251
0.8337775948467648
0.8351490388006998
0.8367310651868411
0.8385656599820259
0.8399
0.8399199964237386
0.8399599892712158
0.84
0.8400199964237386
0.8400426559908103
0.840069593973306
0.8401060630470165
0.8401480752169943
0.840189627203607
0.8402368322280704
0.8402926335500757
0.8403605373180694
0.840425498173195
0.840499879875282
0.840597720012117
0.8407393614280125
0.8409076077376845
0.8411139071291925
0.8413674558959036
0.841708522793301
0.8422159172726915
0.8427005082980412
0.8431604635973539
0.8435948797432128
0.8440582413921137
0.8445096491855772
0.8450543677211693
0.8457374691593641
0.8468722581093744
0.848528798577422
0.8499
0.8499405238874096
0.85
0.8500405238874096
0.8500842180455821
0.8501367696494035
0.8502115543091302
0.8502917293342359
0.8503756679270996
0.8504822057302345
0.8505979163239562
0.8507317177933551
0.8509010799793822
0.8511631541614216
0.8516779603516623
0.852384557667989
0.8536086617943922
0.8555427292803535
0.859410864252276
0.8599
0.8599175031092294
0.8599525093276883
0.86
0.8600175031092294
0.8600414052351858
0.8600704929300442
0.8601142394476444
0.8601601015889029
0.8602100173075811
0.8602713036719041
0.8603371098784279
0.860415468952592
0.8605131906198092
0.8606144710780985
0.8607281136345795
0.8608773741240539
0.8610779762320703
0.8613200311510213
0.8616116727446138
0.8619895318643752
0.8624867238342472
0.8631966143477352
0.8642239423484789
0.8654971344567162
0.8670700453203132
0.8690015518413423
0.8699
0.8699095110993276
0.8699285332979827
0.869966577695293
0.87
0.8700095110993276
0.8700238222340059
0.8700453122157032
0.870076588003801
0.8701058183925195
0.8701366391907568
0.8701756176516864
0.8702193183545146
0.8702645499957008
0.8703197847673769
0.8703964481591314
0.8704820715101464
0.8705918767433681
0.8707280162223875
0.8708713891018233
0.8710444829709927
0.8711887242676409
0.8713351720659256
0.8715767582018278
0.8718797134669719
0.8722625746273033
0.872724377273863
0.8732793474464062
0.873971219714209
0.8748824452138622
0.8761869886275762
0.8781304375779344
0.8799
0.8799198159623597
0.879959447887079
0.88
0.8800198159623597
0.8800432488729661
0.8800636680893926
0.8801045065222456
0.8801498422254603
0.8801959568808982
0.8802526736360226
0.8803152143911622
0.8803790995581285
0.8804337583422245
0.880483587342413
0.8805350311318334
0.8806034717614595
0.8806726847585069
0.8807253045374837
0.8807769870010652
0.8808322575514186
0.8808946387785698
0.8809557542429689
0.8810051545442319
0.8810478818612053
0.8810950381750977
0.881137956230762
0.8811830998617219
0.8812271881666519
0.8812748048448484
0.8813328169884156
0.8814044985895524
0.8814785826166512
0.8815414255214478
0.8815982942175916
0.8816563541048243
0.8817128816808164
0.8817729553984127
0.8818181564849155
0.8818581437714662
0.8818981329550869
0.8819422198484701
0.8820042776909048
0.8820734054420964
0.8821267120564844
0.8821794544880046
0.8822364820656053
0.8823043419641694
0.8823886110759585
0.8825043785665722
0.8826768216582125
0.8829670809392187
0.8834963209735758
0.8840934184026803
0.8847648708245467
0.8855387093434135
0.8864375342540863
0.8875041523194377
0.8887886284292446
0.8899
0.889912628898147
0.8899378866944411
0.8899689433472205
0.89
0.890012628898147
0.8900304097641005
0.890051782976847
0.8900827883041632
0.8901156172859057
0.8901534323357034
0.8901961395618884
0.8902389972289904
0.8902767257935073
0.8903122327743018
0.8903493293470492
0.8903975537557476
0.8904315175043953
0.8904662549121752
0.8904965622865799
0.8905226036914071
0.8905462763892984
0.8905687671180998
0.8905921847193725
0.890621635591834
0.8906477531020398
0.89067403298886
0.8906991344636981
0.8907252601891195
0.890754627056564
0.8907905299613552
0.890828926470902
0.8908691782447564
0.8909028293157093
0.8909369528773365
0.8909657194355448
0.8909922647805537
0.8910196658470079
0.891051484425567
0.8911079612181368
0.8911484727161945
0.8911832676168995
0.8912201047334731
0.8912609399407903
0.8913126126455406
0.8913806057807706
0.8914800313564786
0.891639768936754
0.8918238991665398
0.892032374626573
0.8922688302087801
0.8925538324197223
0.8929186943966609
0.8933980617716959
0.8939568406642868
0.8946072481566375
0.8953693228003439
0.8962753071184824
0.8973493178684978
0.8986523453403628
0.8999
0.8999063149954946
0.8999189449864836
0.8999442049684617
0.8999649602599337
0.8999824801299668
0.9
0.9000063149954945
0.9000142599506704
0.9000267755437269
0.9000416945399129
0.9000608932117893
0.9000818739015384
0.9000996314699584
0.9001174294908684
0.9001388068257627
0.9001665864634169
0.9001924198398722
0.9002183377589751
0.900246994445173
0.9002828829945638
0.9003342495110581
0.9004013778563368
0.900474791122417
0.90055642311622
0.9006517697071692
0.9007653005284669
0.9008958343335737
0.9010493705964893
0.9012324346083984
0.9014657129728425
0.9017949250268535
0.9022630600579084
0.902646968411352
0.9030516525653152
0.9034395082656353
0.9038081566633913
0.9042092998503323
0.9046949110704154
0.9054213679678884
0.9066653032045632
0.9081829702805537
0.9099
0.9099040355752099
0.9099121067256297
0.9099282490264693
0.9099454257956632
0.9099638150529586
0.9099819075264793
0.91
0.9100040355752099
0.9100121067256297
0.9100255787563455
0.9100427141158061
0.9100610875825392
0.910079291450883
0.9100987039897344
0.9101224830934577
0.9101459689991674
0.9101708099946128
0.9101989878901631
0.9102301925882281
0.9102667151975914
0.9103028997005725
0.9103443582824439
0.9103929509706962
0.9104431585790032
0.9105002534734821
0.91056713509261
0.9106529590069365
0.9107740031116552
0.9109209076031284
0.9110500328902951
0.911159763614208
0.9112708567547267
0.911379311595667
0.9114973986236897
0.9116922011681704
0.9119755381276573
0.9122519706491988
0.9124875144441039
0.9127206639479011
0.912969214599108
0.9132543189446338
0.9136112763499343
0.914056753654209
0.9145298182479443
0.9150596514561797
0.9156741615635526
0.9164049763328647
0.9172956142620363
0.9183904691752461
0.9196797593861209
0.9199
0.9199084211711778
0.9199252635135332
0.9199547227158932
0.9199773613579466
0.92
0.9200084211711778
0.9200213654612082
0.9200403884291436
0.9200626628726178
0.9200853598336061
0.920111308106667
0.9201438241788756
0.9201752758949849
0.920204420649768
0.9202330420998232
0.9202655931651188
0.9202860037055243
0.9203101699937019
0.9203305244932801
0.920348379200634
0.9203663609170124
0.920386359106709
0.9204168803059009
0.9204438201176224
0.9204659625342108
0.920488688757
0.9205135025173414
0.9205426842190418
0.9205810258267141
0.9206110012268522
0.9206337287631321
0.9206546228069022
0.9206756336211176
0.9207001620806325
0.920730707366644
0.9207618487084541
0.9207891991694439
0.9208172833384183
0.9208482966059637
0.920885949479797
0.9209332139598915
0.9209985665993348
0.9210958971359064
0.9212180238843662
0.921346030550992
0.92148388991476
0.9216373636034424
0.9218181343095926
0.9220365461784452
0.9223204236649916
0.9227146312125013
0.9232941206527111
0.9239623335491295
0.924730692499711
0.92562172661285
0.926658089507808
0.9278727882093337
0.9293005915794079
0.9299
0.9299119737573313
0.9299359212719939
0.929967960635997
0.93
0.9300119737573314
0.9300266447977762
0.9300471828501063
0.9300740282138221
0.9301050597686886
0.9301348703589589
0.9301693041322437
0.9302097394042627
0.9302564822916222
0.930302054169262
0.9303546579185517
0.930424145269392
0.9305203469323832
0.9306265164144554
0.9307410272167436
0.9308751385789057
0.9310234598025554
0.9312006019934811
0.9314213093556772
0.9317235220268533
0.9322089066192412
0.933179675804017
0.9347046297301005
0.937406629282287
0.9399
0.939911304250286
0.9399339127508581
0.9399669563754292
0.9399834781877145
0.9400000000000001
0.9400113042502861
0.9400215979322561
0.9400374519539006
0.9400626714664538
0.9400876041486422
0.9401194783133352
0.9401531651596248
0.9401838468531771
0.9402167989697663
0.9402555356827014
0.9402994242684802
0.9403454948918123
0.9403950240260202
0.9404509610353355
0.9405131792452937
0.940582414829562
0.940663856355574
0.9407679126568385
0.9409145869301717
0.9411352309533385
0.941408944511743
0.9417602688405036
0.9422408273906203
0.9429761808536172
0.9443877851486028
0.9472109937385739
0.9499
0.9499093117978573
0.949927935393572
0.9499651825850014
0.9499825912925007
0.9500000000000001
0.9500093117978574
0.9500188534855379
0.9500364240624607
0.9500582815228111
0.950082890452034
0.9501078937790356
0.9501365970693535
0.9501684784096207
0.9502061941553369
0.9502443767130233
0.950288812784787
0.9503372072538016
0.9503936855209307
0.9504660232762296
0.9505661409074321
0.9506893133455632
0.9508332505675939
0.9509983188411243
0.9511855832365955
0.9513999703061029
0.9516454887551833
0.951929079574745
0.9522565295565799
0.9526403146239282
0.9530893457444297
0.953614381929003
0.9542517040240767
0.9550246642803714
0.9559960402946749
0.9572827125546263
0.9591276077915923
0.9599
0.9599195463237831
0.9599586389713493
0.96
0.9600195463237831
0.9600485451962818
0.9600845133137733
0.9601310257016452
0.9601818379022932
0.9602286093327436
0.9602773020049304
0.9603359913915853
0.9604050151913787
0.9604701053578645
0.9605303708789711
0.9605954202300893
0.9606852247915341
0.9607939087018389
0.9608826206300733
0.9609782923394095
0.9610891757413732
0.9612370334119867
0.9614240478852587
0.9616573808250491
0.9619242824954455
0.9622260145465072
0.9625889715214667
0.9630482079462678
0.9636709488217119
0.9646025088800697
0.9661819231371425
0.9686730239736967
0.9699
0.969911331570122
0.969933994710366
0.969966997355183
0.9699834986775915
0.97
0.970011331570122
0.9700236712370984
0.9700401395797265
0.9700642559404089
0.9700892890196456
0.9701205269213805
0.970154145374255
0.9701839837596592
0.9702151420079879
0.9702546137725294
0.9703048644153898
0.9703491974909721
0.9703952565156742
0.9704502065908643
0.9705186578584766
0.9706170350687464
0.9707351892165506
0.9708703770787354
0.9710245423908022
0.9712110304018902
0.9714495228409872
0.9717773567756092
0.9722766552386689
0.9731888510415433
0.9743640369977771
0.9758196677823797
0.9776420942603602
0.9799
0.9799175520697918
0.9799526562093754
0.98
0.9800175520697918
0.9800428594107911
0.9800707377998117
0.9801100250193158
0.9801478571641257
0.9801891323295102
0.9802382160845627
0.9802921387473174
0.9803508202708363
0.9804261419196509
0.9805374719280632
0.980672367692055
0.9808405798820705
0.9810592366935933
0.981364713590709
0.9818488666558698
0.9826360421742795
0.9837205093734185
0.9853617140603628
0.98759340575895
0.9899
0.9899049304049434
0.9899147912148303
0.989934512834604
0.9899549225267293
0.9899790255844442
0.99
0.9900049304049434
0.9900147912148303
0.9900300144397761
0.9900483910792863
0.9900716985685466
0.9900936489690477
0.9901164378139587
0.9901430962079171
0.9901731927166307
0.9902062621753663
0.990240541609181
0.9902813048897591
0.9903251561105638
0.9903740746950382
0.9904339925298788
0.9905141816985296
0.9906155991524795
0.9907273419019674
0.9908450806396816
0.9909641937404488
0.9910817340752326
0.9912150004259329
0.9913444441395339
0.9914811288642212
0.9916026669896061
0.991725171711386
0.9918593542125229
0.99201976788637
0.9922171429873321
0.9924831631389941
0.9927372264246564
0.9930015153317047
0.993221399647746
0.9934660527511585
0.993753586110426
0.9939636861670859
0.9941623815944297
0.9943683024908203
0.9945216634741341
0.9946941193752562
0.9948385385379114
0.994974966022428
0.9951273479138296
0.9953454766280518
0.9955819254058537
0.9957730064970092
0.9959687431080072
0.9961865510113737
0.9964553255859994
0.9968087857921589
0.9973481654064268
0.9981927413947732
0.9990963706973865
0.9999
0.9999294498008017
0.9999647249004009
1.0
