0.0
0.001
0.003
0.007
0.0099
0.009921671799449248
0.009965015398347743
0.01
0.01002167179944925
0.01004504341951712
0.01007638038307616
0.01012437425122334
0.01017567017084024
0.01023364578549494
0.01029512940294185
0.01036691842386215
0.01045196519673663
0.01054271255055227
0.01065430072665242
0.01081235065476604
0.01101260347333156
0.01125713842462821
0.01158387282746703
0.01202066349377063
0.01266396601451651
0.0137751619870399
0.01599755393208667
0.0199
0.01991249336063573
0.0199374800819072
0.0199687400409536
0.02
0.02001249336063574
0.02002896653494866
0.02005056512989223
0.02007943235621903
0.02011187654215292
0.02014501618744883
0.02018248962032865
0.02022611930340961
0.02027781259396081
0.02032944388270643
0.02039089515312142
0.0204580413203827
0.02053797396371141
0.02064163124066731
0.02075877747825242
0.02089816908844248
0.02106347390207242
0.02126983638003191
0.02152457763569538
0.0218267941788904
0.02218845428257491
0.02265623781540666
0.02327048553956427
0.02414030020887635
0.02552068208048245
0.02828144582369465
0.0299
0.02992024077613086
0.02996072232839258
0.03
0.03002024077613086
0.03004376666563464
0.03007359652065425
0.03011845907504756
0.03016403430061826
0.03021821825043957
0.0302830662303422
0.03035452561816131
0.03044693877697362
0.03055913572429989
0.03068502772313205
0.03082972086137523
0.03099851270712156
0.03119823327260889
0.03142675374336034
0.03168422995650551
0.03197627410703995
0.03232006310538182
0.03271594005522924
0.03317347325042129
0.03369661074604972
0.03432644975410305
0.03508126601037486
0.03598371211926069
0.03709770572663437
0.03854098994611974
0.0399
0.03991502538408623
0.03994507615225869
0.04
0.04001502538408623
0.04003970375143769
0.04007257877331945
0.04011164981225377
0.04015336328059667
0.04020259278938895
0.04025912515268294
0.04032229341192455
0.04038913875284469
0.04046693444887987
0.04055810971814298
0.04064569136083059
0.04072670348598618
0.04081286962999939
0.04092560601770735
0.04106201075475292
0.04118205225428923
0.04130629987138878
0.04144681416102959
0.04162496419142427
0.04184071221061101
0.04210830072971933
0.04243116208758385
0.04280602583603697
0.04324480236713025
0.04378682421839884
0.0444952278376744
0.04549574481597546
0.04708860920393356
0.0499
0.04992097264821278
0.04996291794463835
0.05
0.05002097264821279
0.05003944852474793
0.05005869687799495
0.05009003474535285
0.05012730081870097
0.0501651843152251
0.05020870115837673
0.0502568375927063
0.0503088358724022
0.05036738098829598
0.05043784649479159
0.05052256293525394
0.05062443330880038
0.0507575751670399
0.0509254052015734
0.0511192475313822
0.05134449860405179
0.05160918684376714
0.05190815214122838
0.05224843767540958
0.05264512036302598
0.05310247911054235
0.05363228802312812
0.0542451707830681
0.05495664787865698
0.05578717661471339
0.05676352600148313
0.05787533322580717
0.05920443980702943
0.0599
0.05992464720081202
0.05996232360040601
0.06
0.06001687038897913
0.06003832644607009
0.06005761848666578
0.06009082941495707
0.0601359443534704
0.06018421171983895
0.06023367572603647
0.06028784692861814
0.060352968619294
0.06043042956035865
0.06052265362909282
0.06063545768271594
0.06079109217959688
0.06094364420892762
0.0610584545253427
0.06116636134205445
0.06127718459509614
0.06139839213036492
0.06154317790332016
0.06171726945226908
0.06193928711771548
0.06223405267113277
0.06247989456085216
0.06270326690074891
0.06297970608757918
0.06319965412588421
0.0633788113721392
0.06354013711534415
0.06369625156982556
0.06387566508150334
0.06400283329353433
0.06414876380827066
0.06427587956413394
0.06439343742329909
0.06451578468978643
0.0646539509773421
0.06484490619319028
0.06509703856844275
0.06527856338274834
0.06545220962699984
0.06563779004459255
0.06585007232796274
0.06610500730395108
0.06643705190564454
0.06689387551066252
0.06756977657700965
0.06867844869144031
0.0699
0.06990736026450219
0.06992208079350655
0.06994202688974835
0.06996031448398077
0.06998046056930078
0.07
0.07000736026450219
0.0700181594125052
0.07003372435939345
0.07005275622450875
0.07007059198949948
0.0700896512839474
0.07011153761118208
0.0701372261549822
0.07016323369036921
0.07019034113482886
0.07021940989124192
0.0702457680001976
0.0702707620767789
0.07029655194653243
0.07032728136766403
0.07035006634521555
0.07037721180683777
0.07040012310791034
0.07041967489916648
0.07043735862663379
0.0704535457860217
0.07046922924802769
0.07048584206841851
0.07050687288588663
0.07052524106151992
0.07054386421682261
0.07056145309398329
0.0705794514486759
0.07059928552898172
0.07062292801127479
0.07064961585705488
0.07067654135510176
0.07070719758062793
0.07074200313368947
0.07076723601703658
0.07078745170439327
0.07080620988645912
0.0708248757697885
0.07084585585296678
0.07087571106555417
0.0709079974247737
0.0709327874304384
0.07095702076092031
0.07098276834266722
0.07101286888386547
0.07104920971999854
0.07109714178950442
0.07116394359142551
0.07126409002636112
0.0713868174158488
0.07151861535646735
0.07166761532666575
0.07183501441113696
0.07203637107574401
0.07229171878955526
0.07263583542595714
0.07303193676298436
0.07348153926077405
0.0739941757973516
0.07458161756960764
0.07526559259845482
0.07605156171028414
0.07699446353086768
0.07807804336373227
0.07932115181392847
0.07990000000000001
0.07991640747902647
0.07994922243707937
0.08
0.08001640747902646
0.0800452212674539
0.0800712311544824
0.08010799236470002
0.08014353239832263
0.08018165370047446
0.08022499468049728
0.0802785844132006
0.08033147419640871
0.08039073848342852
0.08046685873654377
0.08056601659699099
0.08068735928344768
0.08084488251639654
0.08104210128092475
0.08130162299757734
0.08167950201756233
0.08223250792309897
0.08295959760951249
0.08381648106459477
0.08493149675877412
0.08653239273026288
0.08932308797971994
0.08990000000000001
0.08991069539624184
0.08993208618872552
0.08996604309436276
0.09
0.09001069539624183
0.0900296148620413
0.09005210745152115
0.09008362245074004
0.09011815246955528
0.09015892120737325
0.09020415593036488
0.09025291062510724
0.090307390418366
0.09037514652352643
0.09044912856106332
0.0905292335368618
0.09062123375569489
0.09074316586530341
0.09090089439574238
0.09108801971463477
0.0913091328593398
0.09159106308076638
0.09195243093646933
0.09244792170609581
0.09319562290887237
0.09453393955811214
0.09661116792361281
0.0997471118171894
0.0999
0.09991901464983831
0.09995704394951492
0.1
0.1000190146498383
0.1000432986098923
0.1000732028336807
0.1001181652030049
0.1001654789431401
0.1002142342043165
0.1002736704713658
0.1003393112669719
0.1004147455608801
0.1005024389570637
0.1006156895039503
0.1007421693385028
0.1008791274162695
0.1010353826557172
0.101240503104539
0.1015037088369237
0.1018200171133446
0.1021988609709051
0.1026860748415925
0.103324783703095
0.1042314560547945
0.1056900073581991
0.1084870677438459
0.1099
0.1099173056764618
0.1099519170293852
0.11
0.1100173056764617
0.1100361940604699
0.1100624839186374
0.1100972006822545
0.1101315657872623
0.1101704073168683
0.110216780399172
0.1102692105675301
0.1103289703134333
0.1103983930788843
0.110489019604863
0.1106064317602862
0.1107389681081334
0.1108883020418186
0.1110557842170296
0.1112410025600457
0.1114186920543129
0.1115936920941792
0.1117840942838338
0.1120551609596341
0.1122956125378758
0.1124803360486407
0.1126590191099618
0.1128446369254485
0.1130516341489798
0.1133020650130995
0.1136077786265148
0.1140031939388541
0.1144296173561339
0.1149037573530374
0.1154458694716995
0.1160762676422453
0.1168237734651094
0.1177176548699463
0.1185771304879757
0.1192861971928843
0.1199
0.11995
0.12
0.1200426928322168
0.1200773363263999
0.1201182044672849
0.1201994611005837
0.1202901502982828
0.1203938013826807
0.1205120410555551
0.1206395162310956
0.1207768829282681
0.1209247458106636
0.1210866987479774
0.1212762413830426
0.1215332618567946
0.1218060086207391
0.1220231136188438
0.1222380956811241
0.122472306445631
0.1226961957906417
0.1229300794496855
0.1232196393926602
0.1235639922234306
0.1239133983111964
0.1242531343880098
0.1245636564751279
0.1249877044444761
0.1253393327500007
0.1256835335283924
0.126188294311296
0.1268615962947847
0.1278555087638095
0.128931746893476
0.1299
0.1299480327849599
0.13
0.1300268991183831
0.1300522488734609
0.1300874839118721
0.1301312129956391
0.1301765941971183
0.1302297712468009
0.1302869947685945
0.1303533898211783
0.130444193535022
0.1305525017895087
0.1306791964426388
0.1308205079490471
0.1309538269209253
0.131086964122234
0.1312435471927347
0.1314337093489273
0.1316396929682894
0.1318378379856788
0.1320561462728641
0.1323264892086265
0.1326441315313047
0.1330413990380737
0.1335398353442628
0.1341441100456336
0.1348710127738778
0.1358221329018047
0.1371621559134051
0.1392993759454694
0.1399
0.1399245424484304
0.1399622712242152
0.14
0.1400245424484304
0.1400500060194264
0.140081418393031
0.1401305445885923
0.1401764606220817
0.1402257863119021
0.1402882201395214
0.1403562786305983
0.1404185569700838
0.1404846020668064
0.1405676418366096
0.1406679115476382
0.1407628591650507
0.1408608351818092
0.1409763403854897
0.1411185622845113
0.1413108242723686
0.1415552044575662
0.1418317121131067
0.1421580134328087
0.1425591121226332
0.1430796435849785
0.1438097474128764
0.1449582725055502
0.1467352447550282
0.1489140650603781
0.1499
0.1499105933845562
0.1499317801536687
0.1499658900768343
0.1499829450384172
0.15
0.1500105933845562
0.1500202209502261
0.1500368141790568
0.1500640269927332
0.1500905570701313
0.1501241887685202
0.150161901456452
0.1501955426059124
0.1502306744884776
0.1502735431839702
0.1503266546831235
0.1503778402580173
0.1504298738390998
0.1504907185951825
0.1505651499065239
0.1506733764340667
0.1508045127382368
0.150955218554557
0.1511286579694386
0.1513385345101338
0.1516064299246846
0.1519731702777268
0.15243084980771
0.1529753935160358
0.1536950448390956
0.1547540492270115
0.1567412524407875
0.1593527219533444
0.1599
0.1599196277371526
0.1599588832114577
0.16
0.1600196277371526
0.1600434808588718
0.1600712130156423
0.1601120416740779
0.1601511625186814
0.1601944401391686
0.1602433265689114
0.1603046506382172
0.1603645323966035
0.1604351745936696
0.1605281071903978
0.1606426696907481
0.1607739730568132
0.1609367687078448
0.1611581220674347
0.1614973659293218
0.1620371849859542
0.1629965253532004
0.1641884547190726
0.1657129566026833
0.1677747528551182
0.1699
0.1699335304665266
0.17
0.1700335304665267
0.170067239130251
0.1701130576978608
0.1701727542707324
0.1702352116904932
0.1703069538207264
0.1703884096203369
0.1704862146775916
0.1706371781720724
0.1708259476542723
0.1710845547610365
0.171465568635381
0.1721061349714705
0.1729032850559447
0.1738976282130002
0.1751535462591685
0.1766977408904226
0.1783230003964563
0.1798728718064085
0.1799
0.1799153761937334
0.1799356683281561
0.1799629272387248
0.1799972369226829
0.18
0.1800055261546343
0.1800165784639028
0.1800294875315874
0.1800517097752837
0.1800772162236391
0.1801045235427951
0.1801372763710792
0.1801773059139139
0.1802223890669712
0.1802728547740505
0.1803296728933537
0.180403373239754
0.1805057070944391
0.180623608300921
0.1807537281405225
0.1809041714788545
0.1810757107205328
0.1812865303436007
0.1815898368714384
0.1818568467955433
0.1821255894446654
0.1824381117906633
0.1826783875243836
0.1829303222061451
0.1834341915696682
0.1840944599384629
0.185143336744099
0.1864277196860848
0.1880079141683507
0.1899
0.1899027154370246
0.1899081463110739
0.1899129260151468
0.1899174873969315
0.1899243418143609
0.1899347138270802
0.1899506372850875
0.1899677672838707
0.1899838836419354
0.1899919418209677
0.19
0.1900027154370246
0.1900063066423769
0.190011019452732
0.1900204450734422
0.1900365718156352
0.1900569497729153
0.1900815074450698
0.1901103308968796
0.190140167029477
0.1901730508409593
0.1902057768062302
0.1902320478952902
0.1902504763109832
0.1902647259067226
0.1902773596090529
0.1902902379982028
0.1903008257288803
0.1903113640104884
0.1903215090376295
0.1903313863021973
0.1903407912596779
0.1903517154607156
0.1903615465040709
0.1903732523160719
0.1903877595133254
0.1904045971781739
0.1904202923344949
0.1904347376318486
0.1904497713673333
0.1904662942631741
0.1904853877168921
0.1905084196135957
0.1905318710025705
0.1905511822902266
0.1905691360252572
0.1905902358933111
0.1906096179983977
0.1906293336668538
0.1906485624567854
0.1906690287608388
0.1906934079614674
0.1907226755176078
0.1907467837714679
0.1907680673121178
0.1907949665636212
0.1908180892918944
0.1908389817251428
0.1908588240368262
0.1908783671070281
0.1908994659180152
0.190925913400635
0.1909463424732675
0.1909669141636778
0.1909853074705486
0.19100228298691
0.1910190370791883
0.1910362050576977
0.1910548972328058
0.1910776877938203
0.1911018224438168
0.1911277446858558
0.1911505465323249
0.1911731810810605
0.1911975675479317
0.1912252925950969
0.1912593313474821
0.1913020026236442
0.1913593757973916
0.1914419658656205
0.1915729702359817
0.1918189716500487
0.1921306233192964
0.1924772621800186
0.1928674159769803
0.193309631009468
0.1938167326031807
0.1944052080895329
0.1950925066073471
0.1958997278432575
0.1968532839191603
0.1979904862655869
0.199364811560713
0.1999
0.1999024539244561
0.1999062181097226
0.1999084318089878
0.1999106127817103
0.1999135770359736
0.1999177204885887
0.1999249297758377
0.1999323089284414
0.1999397016029069
0.1999478951629121
0.1999559583634571
0.199962977427381
0.1999685450458956
0.1999737756124246
0.1999794279221985
0.1999859829014656
0.199993228968357
0.2
0.2000024539244561
0.2000057072262363
0.2000097019928212
0.200014051530347
0.2000190751721178
0.2000254172659922
0.2000313564041931
0.2000370071355801
0.2000428600732753
0.2000493083784855
0.2000571416159333
0.2000635843213058
0.200069336630379
0.2000751750019601
0.2000812582594875
0.2000872037957049
0.2000920244868643
0.2000959063832714
0.2000997255500116
0.2001053667248336
0.2001100146537965
0.2001139667316463
0.200118167714088
0.200122919411083
0.2001289560303617
0.2001373505370278
0.2001472016113591
0.2001546996684228
0.2001604808185519
0.2001653294319142
0.200169585595731
0.2001736166892025
0.2001777474132332
0.2001824177730824
0.2001892607828682
0.2001955421248726
0.2002003054076918
0.2002046883152111
0.200208864997908
0.2002129155276692
0.2002169421253681
0.2002210419360971
0.2002254649940811
0.2002309798479426
0.2002358496256001
0.2002411246918857
0.2002460240273882
0.2002509836647723
0.2002564412442265
0.2002627641131386
0.200270587221255
0.2002809069808138
0.2002946195678248
0.2003153542940982
0.2003425118016826
0.200367484074122
0.2004116831749235
0.2004498786227457
0.2004953065555983
0.2005582093533055
0.2006497055578582
0.2007496189692289
0.2008639977516053
0.2009952473630081
0.2011549510448225
0.2013576469245406
0.2015930871935428
0.2018088042222851
0.2019999559161991
0.2022147554330953
0.2023873359276286
0.2025352143510407
0.202674512391811
0.2028146311494747
0.2029758251077741
0.2032130433404667
0.2034040107725461
0.2035668363138598
0.2037344148730051
0.2039176358420529
0.2040972599909817
0.2042654281517809
0.2044431947471195
0.2046680213149379
0.2049362344257705
0.2051859722122197
0.2053894842222301
0.2055543735995316
0.2057455384921086
0.2060834469854329
0.2064797434566039
0.2068329171487598
0.2072363604375791
0.207776787721849
0.2085079949143194
0.2094783208924886
0.2099
0.209903717373963
0.2099111521218889
0.2099260216177407
0.2099378447282952
0.2099502856238548
0.209965366506572
0.209981017692681
0.21
0.210003717373963
0.2100111521218889
0.2100258017647131
0.2100383279942161
0.2100532721025898
0.2100699402942991
0.210084190723889
0.2100999962302567
0.2101137752070447
0.2101307818331168
0.210148498874053
0.2101682249968527
0.2101863690794311
0.2102042514439861
0.2102229625759261
0.2102391521091165
0.2102629287368885
0.2102822038179321
0.2103014836713368
0.2103207051901572
0.2103414862608375
0.2103597546548393
0.2103757792584176
0.2103914755267926
0.2104082347789659
0.2104286206302372
0.210457350934051
0.2104872691700132
0.2105162703207331
0.2105417690895676
0.2105716777554881
0.210603484333307
0.2106383343228071
0.2106788617136301
0.2107287940224062
0.2107905184406083
0.2108623415560664
0.2109504833030233
0.2110621103525778
0.211182389077595
0.2113402423957039
0.2115732248962118
0.2120012428874093
0.2126633679892976
0.2135145283171013
0.214617521804371
0.2160533443346135
0.2179732529071828
0.2199
0.2199035817287559
0.2199107451862676
0.2199250721012911
0.2199412187085378
0.2199554283746182
0.2199686277250031
0.2199817743719361
0.219990887185968
0.22
0.2200035817287559
0.2200078132430185
0.2200153110576842
0.2200303066870157
0.220043298104775
0.220056440056553
0.2200715176020862
0.2200915421489616
0.2201223116822871
0.2201456785961524
0.22016717105681
0.2201906082170964
0.2202165968245235
0.2202554275382115
0.2202878076466626
0.2203361917827052
0.2203779424283467
0.2204314188036149
0.2205068995332398
0.2205693354954436
0.2206605086349673
0.2207647936632044
0.2208906710911327
0.2210449036919899
0.2212246437627097
0.2214301203620852
0.2215913583526483
0.2218162726810883
0.2219946665571275
0.222163405199798
0.2223612563609995
0.2225894497853586
0.2228060829530333
0.2230091570074789
0.2232688309321968
0.2236079673696622
0.224286240244593
0.225214885648009
0.2263562858117316
0.2277058384955931
0.2293659846466698
0.2299
0.2299077899199006
0.2299233697597017
0.2299545294393039
0.229977264719652
0.23
0.2300077899199006
0.2300179649866501
0.2300367409003591
0.2300646697372145
0.2300964627914804
0.2301280753736265
0.2301747191228346
0.2302212523031347
0.230267951071788
0.2303184862908901
0.2303797636428581
0.2304343253937461
0.2305059315704452
0.2305744576813318
0.2306611036360026
0.2307697103399774
0.2309040974749705
0.2310465401247308
0.231194037966502
0.2313495489083703
0.2315365104015071
0.2316980716516068
0.231867471145064
0.2320229049092428
0.232178728402784
0.2323476647685821
0.2325383971484965
0.232711360448239
0.2328586774141086
0.233001087479409
0.2331836940502013
0.2333761509599193
0.2335252629974159
0.2336769006860187
0.2338395977474235
0.2339922163707922
0.2341593365934166
0.2342635996306079
0.2343984634713697
0.2345139537487421
0.2346196071746142
0.2347320672675422
0.2348672420086333
0.2350201158290492
0.2351830864540966
0.2353305424168567
0.235482357815987
0.235650741029682
0.2358539305584089
0.2361082106821579
0.2364575299775862
0.2369748274031654
0.2378934746802485
0.2392166042941709
0.2399
0.2399036204655636
0.2399108613966909
0.2399253432589454
0.2399378406037046
0.239952066094389
0.2399693416934486
0.2399857849851151
0.2399928924925576
0.24
0.2400036204655636
0.2400078343850815
0.2400144762045436
0.2400236526948698
0.2400351793115587
0.2400479551405704
0.2400608050648852
0.240073655833789
0.2400872183926774
0.2400981973109461
0.2401073599922034
0.2401162391067532
0.2401258050249664
0.2401381785924245
0.240153123549057
0.2401661778888404
0.2401785986186447
0.2401917478549399
0.2402069847347417
0.2402251822655548
0.2402417953238858
0.2402581232478996
0.2402754378023005
0.2402945566532435
0.2403143628833549
0.2403313127627502
0.2403443429942861
0.240355873571849
0.2403691475684974
0.2403814217007882
0.2403937519455787
0.2404058917710554
0.2404189578042116
0.2404346532769192
0.2404538033595967
0.2404800776689077
0.2405035269442524
0.2405221382720538
0.240538013583888
0.2405523195571853
0.2405663468913106
0.2405820824075748
0.2405948662710636
0.2406112292303693
0.2406243761486744
0.2406359759834093
0.2406472093644558
0.240658234852144
0.2406696186836023
0.240682147654386
0.2406978970656807
0.2407118363557583
0.2407276112030325
0.2407421530317168
0.2407567273932676
0.2407726267145483
0.2407908085484887
0.2408131728895001
0.2408413231070354
0.2408794066762066
0.2409348534293012
0.2410247656921676
0.2412023413908791
0.2414083760706647
0.2416373823955641
0.2418985049241443
0.2421966139358151
0.2425417149786869
0.2429442488898395
0.2434149675500803
0.2439661606314896
0.2446124838325476
0.2453721688854379
0.2462686755184186
0.2473327841858312
0.2486012950059149
0.2499
0.2499052521533395
0.2499157564600184
0.2499367650733763
0.2499526761160352
0.2499667621721619
0.2499824792051801
0.25
0.2500052521533395
0.2500140878033514
0.250025836231144
0.2500405883045884
0.2500555380397315
0.2500729888569259
0.2500903058674041
0.2501100295080183
0.2501358052244833
0.2501699064830984
0.2502096662080571
0.2502458278526887
0.2502787298808246
0.2503108993433593
0.2503458599074412
0.2503986785132858
0.2504395024152629
0.2504698502410275
0.250496344149548
0.2505194306715385
0.2505404573906052
0.2505610629181081
0.2505833158669473
0.2506139664160462
0.250645147821734
0.2506688109678558
0.2506918478026757
0.2507163472151016
0.2507443964933461
0.2507787194938508
0.2508144089888282
0.2508525468781045
0.2508812105498286
0.2509118803699524
0.2509383052907863
0.2509625836248439
0.2509874468764499
0.2510153555620699
0.2510556495575539
0.2510853936710516
0.2511172549351459
0.2511494288824891
0.2511836379532695
0.2512230628209411
0.2512716993498298
0.2513304433786383
0.251405932069138
0.2515131841515393
0.2516765570920736
0.2518618756553106
0.2520677230670176
0.2523093496583775
0.2526086100483464
0.2529893182171357
0.2534517489396144
0.2539871643855125
0.254607896269142
0.2553325667451437
0.2561910851389387
0.2572033519891634
0.258384174371294
0.2597554287727234
0.2599
0.259903517123477
0.259910551370431
0.2599246198643391
0.2599394634304219
0.2599554691850766
0.259973735902824
0.259986867951412
0.259993433975706
0.26
0.260003517123477
0.260006878172734
0.2600136002712481
0.2600230485979264
0.2600356491099096
0.2600485065693755
0.2600604831002599
0.2600715862394257
0.2600832295962327
0.2600964113307326
0.2601074162080665
0.260117920999651
0.2601288667704417
0.260144993589789
0.260163642033358
0.260178251955521
0.2601933970269919
0.2602093619448023
0.2602276507892412
0.2602513811153068
0.260287402118917
0.26033928740334
0.260395244883767
0.2604590859619498
0.2605320392977951
0.2606208701558833
0.2607359067071814
0.2608925446809041
0.2610083365003414
0.2610933477908725
0.2611885862954216
0.2612638624656718
0.2613218504373155
0.2613857530357003
0.2615010222396444
0.261587089221651
0.2616774852866164
0.2617772171994555
0.2619027636276596
0.2620856433664123
0.2624002886700583
0.2630295792773502
0.2639571711965525
0.2650053243897091
0.2662191319600757
0.2676113606622152
0.2693287201189397
0.2699
0.2699053462230717
0.2699160386692152
0.2699374235615022
0.269957360488818
0.2699761128613922
0.2699880564306961
0.2699940282153481
0.27
0.2700053462230718
0.2700098551363018
0.2700182094142787
0.2700327016371891
0.2700506218155402
0.2700707338101546
0.270090742421516
0.2701185556508309
0.2701488290575104
0.2701800268098651
0.2702131422969001
0.2702494686970745
0.2702888092970963
0.2703336965371116
0.270388233160847
0.2704604095168155
0.2705650791452337
0.2706926171272931
0.2708472288443131
0.2710402109164927
0.2712920174990871
0.2716172171330786
0.2720441004117638
0.2726102196831153
0.273370173493766
0.2743817895240674
0.2757940697729601
0.2779190130846243
0.2799
0.2799049122156152
0.2799147366468456
0.2799343855093065
0.2799512473221357
0.2799684063903346
0.2799842031951673
0.2799921015975837
0.28
0.2800049122156152
0.2800102283963555
0.2800182699867653
0.2800343531675849
0.2800517175307515
0.2800698261550973
0.2800904740550857
0.2801136424763909
0.2801332271087464
0.2801505139680959
0.2801673315895251
0.2801858460377413
0.2802055537065342
0.2802263970964729
0.2802440548703356
0.280261397763492
0.2802799715513252
0.2803010386611112
0.2803229786503511
0.2803410698420652
0.2803548621860005
0.2803673290413943
0.2803824382114088
0.2804005187640071
0.2804138765020371
0.2804272707862106
0.2804421006294557
0.2804602017320351
0.2804853063931471
0.2805144417809391
0.2805377153740072
0.2805569556742111
0.2805743508862795
0.2805915378370882
0.2806123233999422
0.2806273400107195
0.2806434964093777
0.2806576706695185
0.2806704692933033
0.2806829627173762
0.280695689311824
0.2807098143327864
0.2807290240249758
0.2807511056637704
0.2807672303514445
0.2807826220947894
0.2807989017140898
0.2808172477912271
0.2808401287837839
0.2808692705527341
0.2809093952121498
0.280968471078801
0.2810654428614583
0.2812541564158346
0.2814664229384241
0.2816430548114424
0.2817839612581491
0.2819272379075415
0.2820693617440331
0.2822382903021653
0.2824517733589311
0.2828602799638474
0.2833421864531431
0.2838846676620553
0.2845103182406074
0.2852313194847129
0.2860746763775362
0.28707402831052
0.2882715384373418
0.2897355042719381
0.2899
0.2899075805769406
0.2899227417308218
0.289942603978995
0.2899596932771678
0.2899747952100533
0.2899873976050267
0.29
0.2900075805769406
0.2900162027779051
0.2900279361924234
0.2900412154292055
0.2900564090163895
0.2900739455941319
0.2900909771898564
0.290108708072957
0.2901295280796201
0.2901572036425319
0.2901978060970522
0.2902551433457124
0.2903284088325175
0.2904179677868647
0.2905227516040311
0.290643990826187
0.2907851742601973
0.2909503459340849
0.2911441900348973
0.2913719694638054
0.2916396146729531
0.2919458487501241
0.2922394951663136
0.2924533219979244
0.292616261470274
0.2927487822770039
0.2928614830902037
0.2929633775778818
0.293060809429542
0.2931601128575049
0.2932730017250046
0.2933855766283815
0.2934732719530679
0.2935436503154335
0.2936087973861523
0.2936762829643855
0.293750540567771
0.2938096471378549
0.2938902404688667
0.2939530185630271
0.2940379541424187
0.2941228228194651
0.2942081859889444
0.2943101944372229
0.2943821799376106
0.2944561575205826
0.2945209658043083
0.2945815588011632
0.2946455985324714
0.2947185517292557
0.2948052070934838
0.2949082688358002
0.294996179046106
0.2950840923815636
0.2951793712745032
0.2952844532622206
0.2954022224435753
0.2955386066228997
0.2956958550737531
0.2958793069490502
0.2960795254488339
0.2963090005761756
0.296573862102244
0.2968988205661688
0.2973247399364405
0.2978983589008425
0.2987570017226989
0.2999
0.2999074972494974
0.2999224917484923
0.2999418362061921
0.2999605672553256
0.2999806305152207
0.3
0.3000074972494974
0.3000188413872405
0.3000386521658737
0.3000588202843036
0.3000801196032964
0.3001032736040166
0.3001298794302967
0.3001647684700333
0.3002045488523536
0.3002724251506925
0.3003593369494265
0.3004293620099228
0.3005258030387606
0.3006033645143799
0.3007054653669989
0.3008125011131724
0.3009133650848972
0.3010801791163835
0.3012717145851073
0.3014720966894082
0.3017735028474815
0.3019991884312072
0.3022310135505589
0.3026292133815224
0.3031004914321982
0.303633861883041
0.304255148170092
0.3049509752305007
0.3057588587818729
0.3067295613798563
0.3079280380083962
0.3094565882560031
0.3099
0.3099047329876804
0.3099141989630412
0.3099331309137627
0.3099475696130411
0.3099635293787916
0.3099834821476727
0.31
0.3100047329876804
0.3100127078831901
0.3100244267557391
0.3100415132001864
0.3100560494876413
0.3100720331523671
0.3100910650638441
0.3101146002832219
0.3101417353568958
0.310170150570118
0.3101997516625086
0.3102268265138651
0.310252985052462
0.3102813752698839
0.3103245059318168
0.3103573895124473
0.3103827947958764
0.3104073791929986
0.3104315093738759
0.3104543095292555
0.3104739294151864
0.3104910671085412
0.3105083078787694
0.3105314421019197
0.3105550405646479
0.3105734637599116
0.3105919270387479
0.3106119504839152
0.3106359520038227
0.3106658794912821
0.3107068289480019
0.3107562805994627
0.3107952903046317
0.3108272375363266
0.3108565475636017
0.3108870012803047
0.3109127609067353
0.3109434832503641
0.310967807493374
0.3109891416074587
0.3110100517305538
0.3110318545126841
0.311058165297783
0.3110848959223481
0.3111143224994431
0.3111409549692776
0.3111680313062761
0.3111978629888694
0.3112336393163961
0.3112778071509283
0.3113376647688976
0.3114251255755197
0.3115679383600625
0.3117958754124726
0.3121738551790813
0.312587462856179
0.3130393264176691
0.3135460903006453
0.3141185124361744
0.3147770818267371
0.3155430628590646
0.3164388106177549
0.317423797126883
0.3182001886827291
0.3192218449703361
0.3199
0.3199117506585107
0.3199352519755323
0.3199571643123033
0.319978458506639
0.32
0.3200117506585108
0.3200242183938669
0.3200409155343398
0.3200608012756328
0.3200824370949193
0.3201074428427932
0.3201319281890752
0.3201600079906423
0.3201970917192895
0.3202490952246485
0.3203100586793024
0.3203808511090301
0.320463192485761
0.3205590633363716
0.3206713490857961
0.3208032133390717
0.3209581936660913
0.3211403579463542
0.3213544318911736
0.3216059841461137
0.3219001177611345
0.322244162479574
0.3226466475469242
0.3231156697243204
0.3235873059966256
0.3240753269032021
0.3246169139607105
0.3253386636408477
0.326190618720328
0.3267926810390751
0.3273538072078465
0.3279377828938821
0.3285809144634282
0.3293502531356196
0.3299
0.3299239416925285
0.3299619708462642
0.33
0.3300239416925285
0.3300478767759535
0.3300772184908772
0.3301221033558495
0.3301675846089235
0.3302282381254543
0.3303207079401932
0.3305002641654184
0.3307694346915906
0.3310672567817846
0.3314027296005241
0.3317962575824194
0.3322941718621275
0.3329518473253924
0.333720522258184
0.3344708796823114
0.3352583208701471
0.3361548116296798
0.3373101837805115
0.3386610947789778
0.3399
0.3399072800897567
0.3399218402692702
0.3399377368039996
0.3399539103878546
0.3399704014721821
0.3399852007360911
0.34
0.3400072800897568
0.3400168475444255
0.3400312300485962
0.3400489028963676
0.3400668166079972
0.3400856053867601
0.3401066955447127
0.340134397598099
0.3401814228749325
0.3402570991835127
0.3403258674317935
0.3403871528627315
0.3404443298743726
0.3404994973526725
0.3405602455248074
0.3406098979079889
0.3406471900664577
0.3406806760776404
0.3407090769971259
0.3407409979470177
0.3407778821033488
0.3408102817359629
0.340837725233085
0.3408644641905039
0.3408931685313838
0.3409288419126281
0.340975712680035
0.3410234732169852
0.341071689146619
0.3411148162129859
0.3411519793158549
0.3411879220573351
0.3412268240988679
0.3412711006663228
0.3413232155726858
0.3413765413890565
0.3414270443029277
0.3414803649531756
0.3415379244287362
0.3416018350791505
0.3416725183888484
0.3417558359837172
0.3418550836241028
0.3419572441754529
0.3420714118247708
0.3422023113414999
0.3423274840011232
0.3424247866907576
0.3425212728766309
0.3426064916422039
0.3427084299037622
0.3428619196632135
0.3429869751116245
0.343121704743695
0.3432731861326315
0.3434786895452245
0.3438016029550853
0.3444474297748069
0.3454623643102884
0.3465800048802951
0.3478573886760997
0.3493869715011236
0.3499
0.349907295463577
0.3499218863907309
0.3499402088464972
0.3499588302440386
0.3499763112293769
0.3499881556146885
0.35
0.350007295463577
0.3500160186016474
0.3500257674687414
0.3500417897986609
0.3500591264343622
0.3500741310485528
0.3500883697564477
0.3501027067126117
0.3501181243790778
0.3501366908441315
0.3501676376978707
0.3501937485025959
0.3502154417164898
0.3502376905551849
0.3502612520379256
0.3502944508764977
0.3503267453534192
0.3503809032098418
0.3504279424787208
0.3505109553980666
0.350576083725814
0.3506887858915795
0.3507805643500327
0.3509332562141502
0.3510680800302607
0.3512493820120692
0.3514848485653302
0.3516970045223096
0.3519954432671201
0.3523304747916097
0.3527128471075986
0.35306392682847
0.3533233049599797
0.3535797153535923
0.3538279824401603
0.3541212900636183
0.3544769318620736
0.3551719919515806
0.3562686223402983
0.357513133932912
0.358993810361689
0.3599
0.3599065172388625
0.3599195517165874
0.3599343512142341
0.3599494078528622
0.3599644053287976
0.3599817897835567
0.3599908948917784
0.36
0.3600065172388625
0.3600144523318958
0.3600249481954632
0.360040624895392
0.3600565189551327
0.3600736533368073
0.3600923279649518
0.3601157777566683
0.3601451554408143
0.3601799356124968
0.3602262553638602
0.3603000237403906
0.3604196039662405
0.3605212185335385
0.3606065915002612
0.3606866829388664
0.3607695554917303
0.3608859291115657
0.360984322596636
0.3610628035220747
0.3611409921502937
0.3612236621501014
0.3613120434844324
0.3613955038427222
0.361464780964125
0.3615264853427144
0.3615934898456002
0.3616559890268015
0.3617250759772616
0.361789133449
0.3618558361686909
0.3619311459123952
0.3620231994147169
0.3621319501385511
0.3622272550802634
0.362315555821522
0.3624114631944524
0.3624700835207856
0.3625486102772327
0.3626158301961482
0.3626768557225854
0.3627412658826445
0.3628175388904306
0.3629038075761011
0.3629957678571411
0.363078683730309
0.3631644120050235
0.3632602005201173
0.3633775722343086
0.3635271301546026
0.3637395724644908
0.3640718893523474
0.3647249248400646
0.3654850116455817
0.3663311295208229
0.3672994540135733
0.3684180793856127
0.369743051405772
0.3699
0.3699044636264092
0.3699133908792275
0.3699312453848641
0.3699453181906298
0.3699606109262994
0.3699798052624016
0.37
0.3700044636264092
0.370012461615247
0.3700237996971379
0.3700398885165606
0.3700539515880167
0.3700695508996495
0.3700878044879961
0.3701071743442652
0.3701249107208959
0.3701430888308727
0.3701646784836053
0.3701984884393428
0.3702262027182499
0.3702517912046123
0.3702798192331894
0.3703129755159548
0.370357517634498
0.3704201569609392
0.3705394091868532
0.3707779136386812
0.3711026646931456
0.3717521668020742
0.3730511710199316
0.3756491794556462
0.3790039558613558
0.3799
0.3799038124658758
0.3799114373976276
0.3799266872611312
0.3799402633420867
0.3799524418814451
0.3799660911087829
0.379982948615704
0.379991474307852
0.38
0.3800038124658759
0.3800083201891239
0.3800173356356199
0.3800297096480916
0.3800419146494498
0.3800569142501252
0.3800723221880396
0.3800902573231722
0.380114763393162
0.3801455398137513
0.3801813863338143
0.380223027544487
0.3802713807084864
0.3803277138028798
0.3803936051801062
0.3804708124451875
0.380561347300984
0.3806675589843841
0.3807922501491536
0.3809375768651032
0.3811067651627099
0.3813037304187771
0.381532896850163
0.3817990890959979
0.3821076801831991
0.382448004770103
0.3827496234281049
0.3830172413286049
0.383266571240267
0.3835151944551859
0.3837975564348087
0.3841873634213022
0.384523372340603
0.3848094449103382
0.3851037981720637
0.3854234400608986
0.3857059435370044
0.3859930069526063
0.3863287692229949
0.3867655678799087
0.3872022555857315
0.3876088473058252
0.388024360965144
0.3884753948352226
0.388998679803065
0.3894468230221427
0.3899
0.3899059805636207
0.3899179416908621
0.3899406795716837
0.3899572825913162
0.3899758208649405
0.3899879104324703
0.39
0.3900059805636207
0.3900131498005259
0.390021506335875
0.3900353727207324
0.3900490976912992
0.3900612104746671
0.3900724917503182
0.3900836359200864
0.3900963089902537
0.3901069984106717
0.3901196153876169
0.3901306338266997
0.3901409547133812
0.3901511589073836
0.3901605220511494
0.3901683679805633
0.3901752383763077
0.3901823057461418
0.3901927139487814
0.3902016375535765
0.3902090295656775
0.3902166960416629
0.3902251351468902
0.3902354225692945
0.3902491661440495
0.3902674683410337
0.3902931806787194
0.3903122295172219
0.3903264651586951
0.3903387782553356
0.3903504618689044
0.3903641110145642
0.3903743381957765
0.3903857624932083
0.3903957688786907
0.3904047998287242
0.3904135477182746
0.3904223529279597
0.3904320487083655
0.3904454003624746
0.3904597496903999
0.3904705733755621
0.39048113317775
0.3904924479233434
0.3905055162917775
0.3905221116590107
0.3905447861815645
0.3905762143672768
0.3906267983543768
0.3907249024935263
0.3909211107718252
0.3911918775824066
0.3915181009869902
0.3918900622162307
0.3922523028629953
0.3926051325466067
0.3929883363681485
0.3934339431314766
0.3940136549086929
0.3946743971511523
0.395278874513769
0.3959463299506619
0.3967672834902528
0.3978742785162384
0.3989931481279107
0.3999
0.3999058696608059
0.3999176089824178
0.3999333150769138
0.3999480702338122
0.3999652212402181
0.3999840104410729
0.3999920052205365
0.4
0.400005869660806
0.4000117857583689
0.4000213009751894
0.4000370444671499
0.400053797943375
0.4000726278799397
0.4000996227173229
0.4001300245725676
0.4001655733604193
0.4002133003220374
0.4002897976163118
0.4003684702741259
0.4004274135022799
0.4004824274550171
0.4005382282830218
0.4005956617512236
0.4006505543790101
0.4006983040439463
0.4007427503008888
0.4007943922265124
0.4008415998056432
0.4008898181905139
0.4009369144450592
0.4009873581262886
0.4010478229472939
0.4011216048022155
0.4012112975729598
0.4012873985536861
0.4013541081305603
0.4014200373642073
0.4015019373514898
0.4015535764541564
0.401605052878508
0.4016522493426266
0.4016977324197327
0.4017478945894977
0.4018134973276324
0.4018768387490085
0.401939738434773
0.4020006072809301
0.4020648602403151
0.4021378730613924
0.4022271628086843
0.4023451311471438
0.4025022673582439
0.4027444851847617
0.4031801103980197
0.403876781870994
0.4046553772033125
0.4055302630108222
0.4065357956611751
0.4077094981921662
0.4091144799520445
0.4099
0.4099029906185444
0.4099089718556332
0.4099209343298109
0.4099321049340008
0.4099452905734053
0.4099603919953995
0.409978378878149
0.4099891894390745
0.41
0.4100029906185444
0.4100075910117013
0.4100167917980149
0.4100282445470028
0.4100417866711128
0.4100578993553086
0.4100765445203807
0.4100999445922658
0.4101189195706574
0.4101386540936848
0.4101539512253955
0.4101660436462579
0.4101768450700058
0.4101873218742648
0.4101989744682667
0.4102121337356536
0.4102258364708106
0.4102368267610821
0.4102467616615331
0.4102559151902624
0.410264117886082
0.4102715316798555
0.4102785221071679
0.4102856728387547
0.4102942955812465
0.4103016964449773
0.4103098486396569
0.4103174055112753
0.4103250435784566
0.4103334480795695
0.410343162668538
0.4103552217050701
0.4103678705052573
0.4103796638668711
0.4103914082002702
0.4104047608025068
0.4104156071468066
0.4104273824358597
0.4104371040531107
0.4104456593484771
0.4104538929418995
0.410462238517569
0.4104716089622404
0.4104850990078853
0.4104977675875089
0.4105078382583071
0.4105170542569433
0.4105263171919776
0.4105369559805178
0.4105517236857896
0.4105669697933984
0.4105798933536818
0.4105926147955768
0.4106087487506178
0.4106271360060684
0.410651052490936
0.4106867895150664
0.4107423927931645
0.4108027127711589
0.4108682099758444
0.4109435500692978
0.411030600109817
0.411139209424418
0.411283179818592
0.4114896800342456
0.4116570415129178
0.4117858868660774
0.4118872197332831
0.4119877153554052
0.4120760149393802
0.4121859854581629
0.4123451060661323
0.4124732287815993
0.412616375006182
0.4127772333611652
0.4130011621104956
0.4133641405022633
0.4140072285955163
0.4147478808351729
0.4155910744246215
0.4165727374163952
0.4177030584706087
0.4190190138689768
0.4199
0.4199086276577217
0.4199258829731651
0.4199603936040519
0.4199801968020259
0.42
0.4200086276577217
0.42001831211019
0.4200325222998189
0.4200522468738241
0.4200785048265823
0.4201004540951849
0.4201318320139871
0.4201686157519866
0.4202130140001717
0.4202501277404871
0.4202932791021384
0.4203415375035444
0.4204012965409273
0.4204871413064722
0.4206125055437975
0.4207667082294013
0.4209584800128036
0.4211942267467519
0.4215059554854573
0.4219077540771998
0.42247513245764
0.4231734915397764
0.4243044105038268
0.4259765384481254
0.4288200818454177
0.4299
0.4299040075825722
0.4299120227477167
0.4299280530780057
0.4299438286759397
0.4299607750526365
0.4299815487511641
0.429990774375582
0.43
0.4300040075825722
0.430008418651569
0.4300172407895624
0.4300297874183418
0.4300433679393509
0.4300574177742976
0.4300697706541911
0.4300807584837866
0.4300916030189253
0.4301034305690287
0.430121996720601
0.4301414664113022
0.4301561793382269
0.4301710015487601
0.4301873685323809
0.4302073956242461
0.4302364530822745
0.4302804002777711
0.4303404025442329
0.4304113607946798
0.4304713547066799
0.4305309925939155
0.4305930621921981
0.4306731754782676
0.4307793866737355
0.4309473038796504
0.4312831382914801
0.4318595383095989
0.4327614661106582
0.4343544518829159
0.4362846836664276
0.4386883823868726
0.4399
0.439907751627698
0.439923254883094
0.4399421892136366
0.4399612034554631
0.4399806927470957
0.44
0.440007751627698
0.4400196070009827
0.4400335622559178
0.4400550718683518
0.44007363902055
0.4400995275402452
0.4401289413668252
0.4401570559508353
0.4401842397407612
0.4402128616249625
0.4402450245037773
0.4402848157678673
0.440342867680503
0.4404199911261196
0.4405236836568005
0.4406543664066939
0.4407959672349498
0.4410183888246395
0.4413108163464464
0.4417740640148962
0.4426951072248324
0.4445371936447046
0.447401411196093
0.4499
0.4499029499004019
0.4499088497012058
0.4499206493028136
0.4499343985486049
0.449950936593399
0.4499681014327708
0.4499862718337339
0.449993135916867
0.4499965679584335
0.45
0.450002949900402
0.4500058998008039
0.4500117996016078
0.4500219939021958
0.4500360707728357
0.4500530437922558
0.450073325526744
0.45009582958897
0.4501253352077133
0.4501578709515346
0.4501887679128203
0.4502307765250305
0.4502688427706633
0.4503171679924058
0.4503815365413209
0.4504377515529304
0.450522491256081
0.4506218510913996
0.4507359794645389
0.4508668929512685
0.4509034487872782
0.4509765604592976
0.451057720471261
0.4511473666999917
0.4513135124866466
0.4514958989244987
0.4516479049304467
0.4518006709404448
0.4519403101185001
0.4521101413013607
0.452254670520732
0.4524137294090889
0.4526202093206033
0.4528688328271527
0.4531762783228769
0.4535551615650822
0.453959989217263
0.4544127211923384
0.454937296309466
0.4555645696622699
0.4562840587494428
0.4568412953662215
0.4573126579501248
0.4578433684611578
0.458185683447787
0.4585197762958355
0.458844258232974
0.4592133056564582
0.4599
0.4599056565734566
0.4599169697203699
0.4599309713806211
0.4599451716594564
0.45995860922567
0.4599732326331246
0.4599866163165623
0.46
0.4600056565734567
0.4600123214047299
0.4600253680016093
0.4600401782394431
0.4600546075032917
0.4600703055381282
0.4600871244414869
0.460108027277039
0.4601361909020054
0.4601739071870309
0.4602424188423353
0.4603052535609228
0.4603589370922553
0.4604103299152749
0.4604643596702248
0.4605072399130715
0.4605607550939195
0.4606005480151927
0.4606328975487862
0.460662919412013
0.4606924762749555
0.460725890289839
0.4607819191797994
0.4608230952029395
0.4608575439177202
0.4608932785009605
0.4609321498073151
0.4609803554886873
0.46104140533621
0.461096789692061
0.4611370135718267
0.4611724314790152
0.4612073879652109
0.4612463113409302
0.4613037520220639
0.4613621176224061
0.4614091152015398
0.4614565930105076
0.461508182995136
0.4615702967454644
0.4616480007170868
0.4617552795542437
0.4619146984668384
0.4621370534623249
0.4623881263644205
0.4626661261447822
0.4629929347611443
0.4633954894435609
0.4639312050744511
0.4646448361106953
0.4654817211810686
0.4664712188540645
0.4676200214056504
0.4689516593008191
0.4699
0.4699165234651589
0.4699495703954769
0.47
0.470016523465159
0.4700364671641652
0.4700660459883778
0.4701016082583164
0.4701384543082774
0.4701799620649017
0.4702281988507394
0.470283485703996
0.470348869267996
0.4704173647584937
0.4705041102036272
0.4705915958492574
0.4706952703998475
0.4708322231555699
0.4710294484181538
0.4712638294365089
0.4715492154344883
0.4719112277919268
0.4724010529863698
0.4731585249243379
0.4743506961404947
0.4767350385728082
0.4799
0.479908143515159
0.4799244305454771
0.4799570046061133
0.4799812830923387
0.48
0.480008143515159
0.4800197250875636
0.4800405620554122
0.4800619004649604
0.4800836252320922
0.4801105495076744
0.4801396886255768
0.4801774289508821
0.4802359026189211
0.4803047282538223
0.4803806014857314
0.4804666457051722
0.4805656794164108
0.4806809977878502
0.4808191947253777
0.4809726044764897
0.4811439056577429
0.4813373918644102
0.4815706987665935
0.481852902442939
0.4821950645007457
0.4825936041231388
0.4830787600710819
0.4836739769051747
0.4844333196297285
0.48545933167027
0.4869705235480655
0.4895610999876838
0.4899
0.4899150861816341
0.4899452585449023
0.4899726292724511
0.49
0.4900150861816341
0.4900316562478792
0.4900552412693943
0.490099195406245
0.490132795899363
0.4901661102707308
0.4902063095104728
0.490255560310123
0.4903021281346766
0.4903452620861306
0.4903914729026357
0.4904521968325366
0.4905250563668488
0.4905889171812361
0.4906562995786873
0.4907326988640824
0.490822028074974
0.4909488319523199
0.4911174026175902
0.491306689744894
0.4915240710984297
0.4917742298725369
0.4920812085413172
0.4924813807751467
0.4930452191178155
0.4939391826967215
0.4957271098545334
0.4993029641701573
0.4999
0.4999112670172296
0.4999338010516888
0.4999669005258444
0.5
0.5000112670172296
0.500029886959101
0.5000536268120612
0.5000851385944642
0.5001198109639882
0.5001605389743328
0.5002076943852328
0.5002704177475709
0.5003437347599918
0.500426207545233
0.5005200602068466
0.5006284360842632
0.5007553548215127
0.5009055011588045
0.501081757375332
0.501282167942461
0.501512267102583
0.501780297232058
0.5020875104738384
0.5024477693939925
0.5028653515126901
0.5033506878389055
0.5039192282794426
0.5045820592635191
0.5053631396511591
0.5063191067318001
0.5075008168032089
0.5090297967757517
0.5099
0.5099051284195217
0.5099153852585652
0.509935898936652
0.5099515785500969
0.5099664330870085
0.5099839617290661
0.51
0.5100051284195217
0.510013646659936
0.5100272791140158
0.5100426048773214
0.5100584677709059
0.5100762551256955
0.5100955357620525
0.5101197202818195
0.5101510030013777
0.5101843251806459
0.5102206775676363
0.5102567386514045
0.5102951346117013
0.5103432358216481
0.5103981020116123
0.5104521650485031
0.5104961576818139
0.5105383609617874
0.5105858794260597
0.5106502780336292
0.510717379578454
0.5107764480614131
0.5108410003893359
0.5109134050943889
0.511006471322583
0.5111235494241512
0.5112644933671593
0.5114414029675941
0.5116387296766066
0.5118567268246621
0.5121104914353891
0.5124093143977918
0.5127871526391318
0.513295512537857
0.5140413108497137
0.5153052383395522
0.5178330933192292
0.5199
0.5199092326376699
0.5199276979130095
0.51994753833489
0.5199665714008241
0.5199832857004121
0.52
0.5200092326376698
0.5200211547507662
0.5200320458840623
0.5200538281506545
0.5200821282857998
0.5201120842613509
0.5201361734469861
0.5201557821807626
0.5201734939007668
0.5201915406413921
0.5202155090431576
0.5202403208835614
0.5202589147529739
0.5202767634998358
0.5202954491800595
0.5203153342022413
0.520334039176004
0.5203486610907445
0.5203609599839789
0.5203739884217254
0.5203865217819693
0.5204002046877446
0.5204129784113107
0.5204263628317154
0.5204421952434835
0.5204609924464894
0.5204863712549342
0.5205168892524316
0.52054102530518
0.5205608024846339
0.520578794944124
0.5205969411209853
0.5206211330337983
0.5206428573822467
0.5206582838860339
0.5206718846165913
0.5206847447559683
0.5206977766154937
0.5207126829191936
0.5207356203980377
0.5207554211973112
0.5207714629834539
0.5207876815607648
0.5208051000179155
0.5208260512868748
0.5208520576673791
0.5208874304522931
0.5209389123488584
0.5210215369496778
0.5211789703428394
0.5213885349067869
0.5216220948336108
0.5218869001452237
0.5221894600469363
0.522538637580521
0.5229457853553559
0.5234224472351859
0.5239815381325268
0.5246383907197925
0.5254119501129031
0.5263266152893709
0.5274144930408424
0.5287186854709834
0.5299
0.5299041451765916
0.5299124355297746
0.5299290162361407
0.5299415610404734
0.5299541736478398
0.5299659857281627
0.5299771236498129
0.5299886925504347
0.53
0.5300041451765916
0.5300107364790323
0.5300179027309015
0.5300258079154475
0.5300337412235464
0.5300433565042236
0.5300563726660906
0.5300669932663344
0.5300772847842642
0.5300887157889054
0.530102566549933
0.5301214385939512
0.5301515755391338
0.5301921575397467
0.5302384999846317
0.5302916525521993
0.5303530009866315
0.5304242715905876
0.5305077486257054
0.5305890963277078
0.5306716590192972
0.530768138491767
0.5308277837598127
0.5309040131892004
0.530965696851692
0.5310160804031557
0.5310629434922548
0.531109120277768
0.5311611735465002
0.5312236995402786
0.5312868745291612
0.5313403810848728
0.5313940203543521
0.5314523830217106
0.5315204409676663
0.5316076518278505
0.5316880340080973
0.5317477708399351
0.5318018645281251
0.5318568355927269
0.5319212998704792
0.532012795395998
0.5320947290848076
0.5321673646486214
0.5322437512104298
0.5323287608937419
0.532433702864539
0.532568352659255
0.5327595647174312
0.5330551858674563
0.5334505849888069
0.5339057980500671
0.5344535996887767
0.5351175183154995
0.5359293708376501
0.5368962534578813
0.5380446193059195
0.5394192748146054
0.5398999999999999
0.5399108895110138
0.5399326685330417
0.5399663342665209
0.5399831671332604
0.54
0.540010889511014
0.5400228464252662
0.5400393440288432
0.5400680412177874
0.540092476932508
0.5401177044937778
0.5401493854564304
0.5401866730794339
0.5402203271372629
0.5402516437319439
0.5402852927106815
0.5403304392403425
0.540370112864351
0.5404148625492544
0.5404625994405743
0.5405157231973686
0.5405775442958021
0.540655230302637
0.5407676752038943
0.5409022062653139
0.5410505128904177
0.541221845358785
0.5414210789550256
0.5416696142658919
0.5419998503611919
0.5424771549102617
0.5432667736047786
0.5444919813268889
0.5463070820487764
0.5491775895276707
0.5498999999999999
0.5499047826532864
0.5499143479598592
0.5499334785730048
0.5499505059635598
0.5499677259613549
0.5499838629806775
0.5499919314903388
0.55
0.5500047826532865
0.5500099435019107
0.5500180341442333
0.5500342154288786
0.5500530941385245
0.5500723809041291
0.5500941038979255
0.5501125515751034
0.5501288648205811
0.5501450940904549
0.5501640712586914
0.550180194708256
0.5501981747366467
0.5502148096830863
0.550231648874689
0.5502499508586349
0.5502696063379063
0.5502880486395976
0.5503021852378106
0.5503136833353288
0.5503254529124445
0.5503374826081204
0.5503504006002519
0.550362166085694
0.5503745291852628
0.5503886105488576
0.550406091362893
0.5504299759795571
0.5504574110124832
0.5504791437083588
0.5504970992219912
0.550513500880723
0.5505301801401778
0.5505528978800556
0.5505724944701597
0.5505865864903272
0.5505990866170108
0.5506108712341713
0.5506227935606863
0.5506363406159127
0.550656588166197
0.5506750106757715
0.5506897256009877
0.5507044655199816
0.550720242830467
0.5507390965315323
0.5507623508114609
0.5507938013282876
0.5508392250876115
0.5509113373652794
0.551045604070328
0.5512320878288897
0.551440381142351
0.5516762456614627
0.5519459202845824
0.5522568416198004
0.5525979846749003
0.5528558215342664
0.5530596180851993
0.5532398920479575
0.5534171592687896
0.5535809071081476
0.5537587129667809
0.5538846646841307
0.553990708680659
0.5540944129144842
0.5542074428866319
0.5543765915045874
0.5545336676807365
0.5546609486383574
0.5547900273486588
0.55493063878594
0.5550654710509483
0.5551825678090243
0.5552986807759039
0.5554319172610644
0.555609469133575
0.5557898794220352
0.5559501314335855
0.5561206989619627
0.5563133667325602
0.556546354799287
0.5568178199103594
0.5571039829515255
0.5574299095479215
0.5578052825283961
0.5582752737590732
0.5588904223636868
0.5597631575737265
0.5599
0.5599051149924221
0.5599153449772665
0.5599311205731644
0.5599459514493905
0.559958159245498
0.55997066743825
0.5599847389734777
0.56
0.5600051149924222
0.5600128343469662
0.5600239649392837
0.5600361087785483
0.5600488564272941
0.5600623892337072
0.5600758582819598
0.5600913257003347
0.5601102787120515
0.5601370129818017
0.5601692313805329
0.5602113681236451
0.5602736789955237
0.5603658607253205
0.5604853196045512
0.5606207369954941
0.5607479425003432
0.560883307311158
0.5610431081463464
0.561230152418681
0.5614348430515786
0.5616465015102172
0.5618964427623054
0.562173019669837
0.562498394837769
0.5629165298611073
0.5635222480494011
0.5646346581470019
0.5668594783422034
0.5699
0.5699026563822059
0.5699079691466179
0.5699185946754418
0.5699278516475083
0.5699367259380795
0.5699470403604057
0.5699588560979691
0.5699701412736865
0.5699830667567056
0.5699915333783528
0.5699957666891764
0.5700000000000001
0.570002656382206
0.5700059836446819
0.5700124324016523
0.5700220648701712
0.570031692251347
0.5700418985066316
0.5700522996716658
0.5700637506982096
0.5700791141050007
0.570096687976499
0.5701116952121048
0.5701257552444687
0.5701377262150472
0.5701493670909515
0.5701628807437646
0.57017520221203
0.5701854787484067
0.5701952719500771
0.5702055360468418
0.5702178736986144
0.570237866816442
0.5702547128371899
0.5702702855593776
0.5702850192372202
0.5703020084864516
0.5703204807599795
0.5703419550294584
0.5703685241983049
0.5704032284846217
0.5704443537060816
0.5704950910351652
0.5705449860118074
0.5705983361481732
0.5706611629230017
0.570743342845293
0.5708585737207387
0.5710698116177091
0.5714100389843285
0.5718716532319875
0.5724601879099452
0.573213515870499
0.5741818883666164
0.5754302691164438
0.5770350102454747
0.5790793267158089
0.5799
0.5799146016187351
0.5799438048562053
0.5799719024281027
0.5799859512140513
0.58
0.5800146016187351
0.5800293833662669
0.5800428782424065
0.5800698679946859
0.5800930140423369
0.5801182951160222
0.580146725713869
0.5801915221536736
0.5802287098985384
0.5802685339261852
0.5803047512726476
0.5803505509105926
0.5804125462598592
0.5804817760520807
0.5805944865466445
0.5807259531673515
0.5808769634833596
0.5810526777690572
0.5812362821676388
0.5813849078826019
0.5815073037830354
0.5816138534874098
0.5817119610139987
0.5818105597563223
0.5819079825120747
0.5819911127882421
0.5820537607785236
0.5821103534794791
0.5821700094625929
0.5822284563266228
0.5822808687408882
0.5823314309117243
0.5823848363630231
0.5824519157882299
0.5825419082074359
0.582606633420357
0.5826668254795844
0.5827310632731786
0.5828042193991069
0.5828956771943492
0.5829704195736589
0.5830259167782113
0.5830764038700029
0.5831272576074842
0.5831856550113798
0.583256835037702
0.5833359749689354
0.5834039407511519
0.5834722700616312
0.5835465127427824
0.5836289755022341
0.5837225175719053
0.5838298490427306
0.5839522220629448
0.5841019950301988
0.5842647389209266
0.5844443922802229
0.5846535535036895
0.5849012689693744
0.5851477478023057
0.5854298761403803
0.5855816090238278
0.5857427171031786
0.5859143436816496
0.5861029975872253
0.5863619649850723
0.5867241531924208
0.5869936443176127
0.5872688086356084
0.5875599740987176
0.5879116313700445
0.5883958410912867
0.589141510000746
0.5899
0.5899024367978019
0.5899073103934056
0.5899170575846131
0.589926357229225
0.5899371510724396
0.5899501647584354
0.5899663339663533
0.5899831669831767
0.5899915834915883
0.5899957917457941
0.59
0.5900024367978018
0.5900048915185052
0.590009800959912
0.5900194014536966
0.5900282117939097
0.590038176416869
0.5900505131137979
0.5900622119590632
0.5900732425678303
0.5900847586985045
0.5900995638269093
0.5901158569829689
0.5901273789073838
0.5901380493469239
0.5901490781265958
0.5901608896936124
0.5901731236891702
0.5901835720938602
0.5901916918230911
0.590198898680403
0.5902069381740589
0.5902146039271541
0.590222600575482
0.5902301789587606
0.5902380935892525
0.5902473466752134
0.5902581735859821
0.5902723048038431
0.5902921062948414
0.5903117794563848
0.590327029043512
0.5903397884625972
0.5903515664670103
0.5903639806720733
0.5903764180416605
0.5903899357430583
0.5904005135709348
0.5904098155689124
0.5904186227407143
0.5904272910997527
0.590436616601407
0.5904484620077632
0.5904592034768524
0.590470235740623
0.5904806936267886
0.590491513799649
0.5905036059186674
0.590518262734123
0.5905364592192472
0.5905611740496999
0.5905972412001733
0.5906563995957426
0.5907248533848682
0.5908387836458916
0.590972476444484
0.5911126320819767
0.5912630676974863
0.5913717827420939
0.5915299260226095
0.591650849631058
0.5917722853748707
0.591918915771033
0.5920720648190996
0.5922270819461687
0.5923737108782636
0.5925228545988209
0.5926998404683804
0.5929566111758826
0.5933181045109548
0.5938148872806713
0.5942469812135404
0.5949298613550409
0.5957450218393407
0.5966943278360053
0.5977832111481507
0.5990697807802955
0.5999
0.5999147987009844
0.5999443961029532
0.5999721980514766
0.6
0.6000147987009844
0.600030097935155
0.6000518078186547
0.6000822997372806
0.6001116861990642
0.6001447349906103
0.6001857194225501
0.6002292490938207
0.6002706783048006
0.6003271545636625
0.6003948401915038
0.6004515294803562
0.6005300652743745
0.600607334869839
0.6007132632596567
0.6008545794027844
0.6010432624336075
0.6013442535635949
0.601733438784551
0.6025118092264632
0.6039247136307004
0.6064623057588294
0.6095695279192297
0.6099
0.6099057173512654
0.6099171520537963
0.609940021458858
0.6099625192534387
0.6099812596267193
0.6099906298133597
0.61
0.6100057173512654
0.6100115221958452
0.6100231318850048
0.6100454470965339
0.6100697774487195
0.6100925780389701
0.6101211897683377
0.6101523762378716
0.610190851876665
0.6102364451106072
0.6102900769261675
0.6103532122537588
0.6104150378705397
0.610492140984074
0.6105910632692784
0.6106777722093683
0.6108076990993889
0.6109600453023764
0.6111358692589631
0.6113385291237102
0.6115408478207023
0.6118022988769771
0.6121020699948202
0.612453311651813
0.6128610408250447
0.6133323543681263
0.6138791532704252
0.6145155063060649
0.6152593120345377
0.6161372984366824
0.617168783214381
0.6184040006111154
0.6199
0.6199077077280128
0.6199231231840385
0.6199423235755196
0.6199605992311936
0.619982473520009
0.62
0.6200077077280128
0.6200194345317254
0.6200368298154306
0.6200564847772748
0.6200780819732155
0.6201026537410198
0.6201376643241125
0.620198390873828
0.6202734373811088
0.6203379663166609
0.6203933601519147
0.6204423978782032
0.6204871750972965
0.6205313853316843
0.6205754722120558
0.6206194068136841
0.6206506828029856
0.620676070994128
0.6207004329057196
0.6207273903735574
0.6207564040491889
0.620785368037369
0.6208115296918131
0.6208360698007521
0.6208583991515693
0.6208799598870713
0.6209029463671123
0.620932708017772
0.6209699906777795
0.6209961865261734
0.6210208254650107
0.6210469698310909
0.6210765676870226
0.6211108833026823
0.6211454800618673
0.6211841669359116
0.6212241534947301
0.6212572330240775
0.6212834346395841
0.6213072409436758
0.6213308183872523
0.6213567168774892
0.6213874819072093
0.6214248223802329
0.6214575343182236
0.6214882572735955
0.6215204665471078
0.6215561260962924
0.621595392577228
0.6216398062750914
0.6216881374807749
0.621733344949857
0.6217818025381606
0.621833567810538
0.6218811166513565
0.6219344101644616
0.6219808066701837
0.6220319828051764
0.6220743296071073
0.6221179035273802
0.6221565429115852
0.622190540756839
0.6222221286335647
0.6222530176360531
0.6222862567073036
0.6223227225786179
0.6223508352703527
0.6223726545763174
0.6223927627242934
0.6224135296896952
0.6224370540055502
0.6224606754073182
0.6224856824102302
0.6225121097439679
0.6225403647875757
0.6225730806390596
0.6226057625936345
0.6226381665205509
0.6226733740058568
0.6227108294188707
0.6227512397497897
0.6227973918605847
0.6228525021152888
0.6229200456375403
0.6229822490405144
0.623043961138484
0.6231056694736036
0.6231707555904163
0.6232395668072757
0.6233260233272225
0.6234121973065536
0.6235046979897321
0.6236064365684816
0.6237299918683767
0.6238911290746049
0.624118237492836
0.6243174012254694
0.6244999505261669
0.6246990458988267
0.6248965024763408
0.6251095829005554
0.6253037257390207
0.6255095354515053
0.6257507953339014
0.6260642751311571
0.6265078482911067
0.6269906649629592
0.6275024092231343
0.6278665399565583
0.6281896774653606
0.6285442926237415
0.6289246606592623
0.6293716266541663
0.6298371554164285
0.6299
0.6299074609753402
0.6299223829260207
0.6299438200774724
0.6299629214138635
0.6299830740555735
0.63
0.6300074609753402
0.6300161349098654
0.630031971823598
0.6300516319977502
0.6300711544162737
0.6300928758777734
0.6301227362850251
0.6301502584924549
0.6301751284134934
0.6302004175621322
0.6302293384424807
0.6302664281031694
0.6303056747708382
0.6303352091499322
0.6303623661223586
0.6303918070621882
0.6304181891099553
0.6304381692743616
0.630466514053101
0.6304886053021216
0.6305096742234767
0.6305384221373618
0.6305756168716432
0.630605526035171
0.6306375411026864
0.6306924811204518
0.6307357460435624
0.6307700940697499
0.630809100984286
0.6308406725955333
0.6308873691808966
0.6309312355207595
0.6309918244757843
0.6310597914356051
0.6311138023604995
0.6311667952791841
0.6312068254137175
0.6312513274987133
0.6313027796110964
0.6313781358772299
0.6314576933931988
0.6315260837657213
0.6315973638116659
0.6316732201644433
0.6317654422930973
0.6318893331196779
0.6320702160861931
0.6323639861468027
0.6329451841677346
0.6339258360904849
0.6350543726140362
0.6362757589160514
0.637719955797717
0.6395112787665882
0.6399
0.6399105337599874
0.6399316012799622
0.6399656222963027
0.6399828111481514
0.64
0.6400105337599874
0.6400210210087375
0.6400394990359218
0.6400639432976208
0.6400855726566657
0.6401094810374616
0.6401373799393464
0.6401594301475191
0.6401824252628073
0.6402126493287084
0.6402552154717448
0.640288952766114
0.6403206135169677
0.6403552652934273
0.6403981275543917
0.6404566425577463
0.6405434537456648
0.6406652480832804
0.6407904602123043
0.6408792615825984
0.6410453876435817
0.6412253156480261
0.6414261227151552
0.6416789333230654
0.6420390502322617
0.6427117350306728
0.644057104627495
0.6459232357606406
0.6492671091592729
0.6499
0.6499049773385055
0.6499149320155164
0.6499348413695383
0.6499540650140202
0.6499766228371437
0.6499883114185718
0.65
0.6500049773385055
0.650012592291749
0.6500248402562695
0.6500396629309386
0.6500545270029511
0.6500695021117682
0.6500871551832443
0.6501025618985502
0.6501157881293728
0.6501285470316163
0.6501423995542366
0.6501581247678102
0.6501713122496537
0.6501861552137393
0.6502017455963388
0.6502184515128748
0.6502372989772434
0.650259321167337
0.6502815518063096
0.6503054023750696
0.6503319311333426
0.6503622457034419
0.6503934689324514
0.6504253681009964
0.6504568147624045
0.6504916170706042
0.650528780166549
0.6505693231655927
0.6506150274078442
0.6506678405241726
0.6507313837029266
0.6508117422588952
0.6509221113654357
0.6511079274243096
0.651299976513794
0.6514474810499455
0.6515914356049912
0.6517295269705566
0.6518289897175713
0.6519383512380321
0.6521034316433365
0.6522417855492678
0.6523893980516162
0.6526047242081635
0.6528513032960628
0.6533314356762415
0.654291700436599
0.6553880613639455
0.6566086538641205
0.6580564321047583
0.6598326827079438
0.6599
0.6599080884133738
0.6599242652401213
0.6599495261371843
0.6599674193785808
0.6599830813271145
0.6599915406635573
0.66
0.6600049613601903
0.6600125210246052
0.660021048231198
0.6600317343132753
0.6600448812295862
0.6600586563008233
0.6600705084162066
0.660084508789112
0.6601008913666665
0.6601174345375874
0.6601349840268125
0.6601542299779951
0.6601746094189889
0.660196855602095
0.6602222060220494
0.6602528253550941
0.6602884745221371
0.6603261936492933
0.6603689382497717
0.66041147686689
0.66044865389029
0.6604771499024488
0.6605027150467949
0.6605263512424625
0.660559143598847
0.6605822619506654
0.6606042512819632
0.6606226077093359
0.6606377063077244
0.6606512133796137
0.6606640722890953
0.6606774100998294
0.660693534001129
0.6607065732440282
0.6607207670499612
0.6607326539033362
0.6607430391589445
0.660752973744397
0.6607630438552031
0.6607744284331794
0.660791309087006
0.6608075082837911
0.6608204997615716
0.660833644410815
0.6608481549242066
0.6608651251270846
0.6608781513714617
0.6608901251749458
0.660902984994471
0.6609138933290027
0.6609234632156569
0.6609323591711497
0.6609410537373234
0.6609503582538164
0.6609621288794142
0.6609761473732404
0.6609888805577765
0.661000565367451
0.6610118928001606
0.6610235983014634
0.6610369369165636
0.6610526079393685
0.6610716853702461
0.6610938197113606
0.6611171163157861
0.6611362615659211
0.6611516043972985
0.6611646289418383
0.6611743453782357
0.6611826456674165
0.6611906394891721
0.6611987174028344
0.661206088165224
0.661212876994817
0.6612191233627623
0.6612251680915215
0.6612305512905267
0.661237420220184
0.6612441302061516
0.6612504711742191
0.6612562795536004
0.6612613904977261
0.6612658426383052
0.6612697394154258
0.6612731871377303
0.6612762857077593
0.6612791214994836
0.6612817682028439
0.6612842923713138
0.6612867605313935
0.6612892494533985
0.6612918652817704
0.6612947936888847
0.6612985207164654
0.6613043554940222
0.6613085447417704
0.6613122270459629
0.6613160454942967
0.6613200857311164
0.6613246366769822
0.6613299470719258
0.6613363238974549
0.6613410732631577
0.6613462508644101
0.6613503813537897
0.6613538460666655
0.6613571340782225
0.6613604998053085
0.6613642909631364
0.6613688682962983
0.6613734360060772
0.6613775256284097
0.661381722882401
0.6613862730502829
0.6613915797268904
0.6613976954922602
0.6614033594504855
0.6614091387114285
0.6614154647964084
0.6614227545354832
0.6614318876385413
0.6614435427499015
0.6614571766248861
0.6614606166070751
0.6614674965714531
0.6614707345395555
0.6614737619900912
0.6614781541674911
0.661481688362897
0.6614850046834877
0.6614895278928362
0.6614958822076837
0.6615077733501814
0.6615219704313555
0.6615391279326105
0.6615610815799232
0.6615888400412893
0.6616254131902871
0.661680565524666
0.6617314161281274
0.6617833377244701
0.6618226674804513
0.661859477628783
0.6619084915184483
0.6619748626079665
0.6620304077246623
0.6620874222658045
0.662154381254151
0.6622348490717459
0.6623449749051766
0.6624850819749907
0.6625657178797263
0.6626524665101723
0.6627258329145134
0.6627887715810842
0.6628506657172692
0.662917537871033
0.6630103629709625
0.6631077880368451
0.663182858328132
0.6632570583315142
0.6633372577773764
0.6634309336896904
0.6635527283431372
0.663704048253816
0.6638296645786689
0.6639449975059609
0.664062364064322
0.6641939010359214
0.6642792119744599
0.6643660151651848
0.6644412226072521
0.6645176643487282
0.6645904371129913
0.6646711731797036
0.6647699805351214
0.6648897159404649
0.6650503058240368
0.6652916006667052
0.6655843846789503
0.6659513727088139
0.6664371698726734
0.6671409203321057
0.6681980175708468
0.6694380134880948
0.6698999999999999
0.6699036265070148
0.6699108795210447
0.6699253855491043
0.6699426618764406
0.6699605736720753
0.6699770654363435
0.6699885327181718
0.67
0.670003626507015
0.6700086577699627
0.6700167494878282
0.6700292658572282
0.6700384525919958
0.670047355580122
0.6700575709429608
0.6700719929006277
0.6700859627359347
0.6700980997004761
0.6701108920328132
0.6701252520956931
0.6701388464600769
0.6701529226419309
0.6701673261960286
0.6701830675780793
0.6702023467542193
0.6702259950156437
0.6702473020201049
0.6702686987884953
0.6702908772467647
0.670314836610092
0.6703430916559858
0.6703732872026438
0.6704050220014417
0.6704418387353067
0.6704880433350476
0.6705528188707014
0.6706581500893595
0.670800161553502
0.6709772914734607
0.6712088255752536
0.6714406483228782
0.6716150691997754
0.671785499599428
0.6719499112667419
0.672121263575105
0.672330882231054
0.6726481685503789
0.673153832169389
0.6737363137304915
0.6743963054062184
0.675160017777903
0.6760350585433728
0.6770944093274373
0.6783862726677597
0.6799
0.6799033688817961
0.6799101066453885
0.6799235821725733
0.6799343344073593
0.679945792650322
0.6799586925230575
0.6799764800264142
0.6799899200903194
0.68
0.6800033688817962
0.6800078518122885
0.680016817673273
0.6800309658870372
0.6800429291529222
0.6800579148185483
0.6800779249304983
0.680101259475347
0.6801231448113525
0.6801440880531409
0.6801681866107558
0.6801969347916174
0.6802232596240733
0.6802587296678478
0.680301612350559
0.6803501078759489
0.6804055937774011
0.680471009530315
0.68054983971812
0.6806342619646312
0.6807226067277411
0.6808014878322247
0.6809210304049537
0.6811025636159161
0.6812546345088707
0.681289693339822
0.6813264200175069
0.6813513964109785
0.6813763330494698
0.6814017683694567
0.6814273188009976
0.6814532239604484
0.6814768231134107
0.6815016901748483
0.6815304849101597
0.6815677648513377
0.6816111974311055
0.6816641949544552
0.6817179518866885
0.681773102365058
0.6818177255654293
0.681861907193054
0.6819135661406713
0.6819573749940673
0.6820066443818487
0.6820840451137219
0.6821673104008495
0.6822563021046025
0.6823532833555003
0.6824592085610687
0.6825761039650325
0.6827074835761991
0.6828587052267736
0.6829193953740744
0.6829429744834913
0.6829547640381997
0.6829783431476164
0.6829904416260799
0.6830052858849449
0.6830179002149065
0.6830299561713113
0.6830432590824954
0.6830537913962694
0.6830652489746916
0.6830723726042104
0.6830803158719351
0.6830864510900725
0.6830931259056912
0.6830998440609247
0.6831066006402133
0.6831151404857287
0.6831291801246774
0.6831561998703266
0.6831863732424819
0.683219903217366
0.6832582372685512
0.6833020849235142
0.6833528138141799
0.6834119374592476
0.6834809993370704
0.6835608491916151
0.6836532761675755
0.6837604160869208
0.6838847202386276
0.6840290501233072
0.6841967169408181
0.6843915216987732
0.6846179192108184
0.6848810788186896
0.6851870670304014
0.6855430448822698
0.6859574631524279
0.686440505502477
0.6870045749022563
0.6876651067170756
0.6884418529978334
0.6893607012056934
0.6899
0.6899049632784748
0.6899148898354246
0.6899347429493241
0.6899501695973096
0.6899672720177805
0.6899836360088902
0.6900000000000001
0.6900049632784749
0.6900130634997603
0.6900243493168529
0.6900434781672485
0.6900590514639611
0.690076019377442
0.6900962920228576
0.6901212494020376
0.6901519117284602
0.6901857085738556
0.6902229319164267
0.6902625707459047
0.6903010484775125
0.6903460796041863
0.6903836292574353
0.6904208901128303
0.6904555576191307
0.690490947363717
0.6905306305591742
0.6905385268944679
0.6905506546837977
0.6905636649758223
0.6905801366899329
0.6905937820423195
0.6906074211614434
0.6906228444107168
0.690641140178084
0.6906540955814363
0.6906676931047494
0.6906802065263943
0.6906991079929513
0.6907126196354336
0.690727277412032
0.6907478225521215
0.6907805143679601
0.6908165547771887
0.6908476228016591
0.6908706378910288
0.6908873161494473
0.6909017415282385
0.6909187339449677
0.6909403278401999
0.6909560012145638
0.6909718313047031
0.6909895231779392
0.6910119864665395
0.6910301283821839
0.6910496771919605
0.6910658709337557
0.6910803372568914
0.6910948424145262
0.6911107941754829
0.6911328773682588
0.6911581973270962
0.6911774656776831
0.6911964723820578
0.6912171409217938
0.6912413562144264
0.69127329885472
0.6913165252609184
0.6913833694817073
0.6914518498704042
0.6915183616885394
0.6915870648228889
0.6916553340433269
0.691729711636912
0.6918361371896093
0.691995029546526
0.6922364984233051
0.692512082129181
0.6928268759178767
0.6931041255939909
0.6934903338461763
0.6937659724745924
0.6940542142916033
0.6944641068152433
0.6950639637261423
0.6958571439038417
0.6967783655731373
0.6977648866804526
0.6988276515860856
0.6999
0.6999073729667352
0.6999221189002057
0.6999516107671467
0.6999768682387207
0.7000000000000001
0.7000073729667353
0.7000178805891646
0.7000346964175073
0.7000577678174381
0.700077705583814
0.7000991556149513
0.7001272374527855
0.7001586637726496
0.7001850300788793
0.7002106166796552
0.7002397189494082
0.7002731682127304
0.700311051537327
0.7003481268141746
0.7003895644478606
0.7004358828466599
0.7004883980034506
0.7005441217197973
0.7006068886458868
0.7006586368874983
0.7007365946425395
0.7007939046809881
0.7008544884032315
0.7009325907242219
0.701029587605284
0.7011138030217228
0.7011967353182496
0.7012855850667031
0.7013859308096244
0.7015039215636194
0.7016067136552901
0.7016870541686326
0.7017607742485966
0.701851955563659
0.7019522759957915
0.702029435604413
0.7021086060168537
0.7021973817622743
0.702311191522095
0.7024115464626559
0.7025035761625831
0.7026023164631446
0.7026653324947838
0.7027493403677241
0.7028199154103915
0.7028835624612884
0.7029504750551027
0.7030295187614787
0.7031197723969137
0.7032157199428549
0.7033021533244417
0.7033916218615403
0.7034916686159474
0.7036145404536402
0.7037713753688218
0.7039951901091388
0.7043600866870884
0.7049442368065288
0.7057720687177572
0.7067139925782876
0.7077941792003167
0.7090581151062396
0.7099
0.7099216706875289
0.7099650120625867
0.71
0.7100216706875289
0.7100405540184764
0.7100678425994319
0.7101074566708678
0.7101494749893149
0.7101886414071874
0.7102257553009073
0.7102660988505513
0.7103229922013184
0.7103898476284373
0.7104452161808444
0.7105051849575174
0.710574901030522
0.7106681842270343
0.7108093013277111
0.7109694128698595
0.7111470914168755
0.7113484074810458
0.7115782433661486
0.711843960219141
0.7121729475019738
0.7126072496557407
0.7132478127441515
0.714383805836725
0.7164672265646448
0.7199
0.7199109324461171
0.7199327973383515
0.7199663986691758
0.72
0.7200109324461171
0.7200257770384308
0.7200494774151521
0.7200852986287012
0.7201290946975837
0.7201792227169851
0.7202336791977182
0.7202932572982814
0.7203639059827319
0.7204464375199726
0.7205395584151759
0.7206113345987523
0.7206638208468514
0.7207072025123875
0.7207464531227274
0.720786927933905
0.7208437977804935
0.7208736195342715
0.720903625126463
0.720930305836362
0.7209538248864261
0.7209774552697161
0.7210037339953548
0.721043562561795
0.7210777219663688
0.7211053700622726
0.7211333613493348
0.7211634724514052
0.7211999078595599
0.7212400107419289
0.721282737328701
0.7213150689527702
0.7213501688388095
0.721380254757643
0.7214078872795749
0.7214363258243705
0.721468629683102
0.7215180951810554
0.7215631762418222
0.7216000477298491
0.7216375832516795
0.7216782957066595
0.7217275024063364
0.7217891891341243
0.7218741885833975
0.7220000836013143
0.7221794175342233
0.7223742632096687
0.7225945929113049
0.7228437130663996
0.7231445960349346
0.7235303006241518
0.7240606898962375
0.7247388512850257
0.7255315530354199
0.7264682309460014
0.7275689620342901
0.7289167648386476
0.7299
0.7299225091623796
0.7299675274871387
0.73
0.7300225091623795
0.7300445520185364
0.7300765025697078
0.7301225113165326
0.7301716967055342
0.730227955950885
0.7302883422268079
0.7303630866013312
0.7304435617822319
0.7305381281563696
0.7306448434449919
0.7307806035375184
0.7309415036233694
0.7311374247006434
0.7314013758202283
0.7317344029773306
0.7321549355968502
0.7326857234105147
0.733393919230015
0.7344269637478785
0.7361904216092593
0.7394742398675208
0.7399
0.7399074503867183
0.739922351160155
0.7399521527070284
0.7399757605882411
0.74
0.7400074503867183
0.7400180136528773
0.7400332265288695
0.7400518288430061
0.740069848247774
0.7400912302176842
0.7401171398569282
0.7401418703780392
0.7401638683048123
0.740186534849202
0.7402144415357986
0.7402536675266623
0.7402865106676969
0.7403186883750826
0.7403557263047665
0.7403998370093119
0.7404620993263501
0.7405444332858993
0.7406394468292695
0.7407434128280995
0.7408628062532852
0.7410006783634894
0.7411716084846768
0.7413962822257668
0.7417147106413572
0.7422206303341568
0.7432313188306064
0.7452526958235058
0.7488139104262442
0.7499
0.7499257519186705
0.7499628759593353
0.75
0.7500257519186705
0.7500506150482449
0.7500852195945648
0.7501384356148646
0.7501900127925147
0.7502494173241879
0.7503262354880593
0.7504067432667203
0.7505023873998306
0.7506236976069226
0.7507602181185066
0.7509187369260256
0.7511019078949528
0.7513142128146787
0.7515835348511336
0.7519721202550517
0.7527095146555001
0.7540552770646831
0.7560049065476485
0.7599
0.7599066393141203
0.7599199179423608
0.7599464751988418
0.7599739523417788
0.76
0.7600066393141203
0.7600175349715673
0.7600358971635379
0.7600604390341918
0.7600884936991456
0.7601220176223598
0.7601631735303207
0.7602032206298212
0.7602442891993562
0.7602937135746517
0.7603491024252043
0.7604127568027098
0.760477608444624
0.7605496363951889
0.760633458686684
0.7607254574412001
0.7608366021957472
0.7609826370841757
0.761176413523436
0.7614021791945286
0.7616750209671991
0.7620077329655675
0.7624286056588194
0.7629943810455847
0.7638251490396322
0.7652480514223503
0.7680938561877866
0.7699
0.7699131060340033
0.7699393181020099
0.769969659051005
0.77
0.7700131060340033
0.7700280123818039
0.7700502521891247
0.7700799491430664
0.7701071981261579
0.7701326358062084
0.770160780518945
0.77019813249982
0.7702418096799165
0.7702795833641681
0.7703206571768677
0.7703707918669038
0.7704358206163584
0.7705155899587419
0.7706167014722257
0.7707568568905052
0.7709443162175322
0.7712343794948626
0.7716643121921969
0.7722246764428593
0.7729572459171737
0.7742479359022661
0.7762584669995142
0.7799
0.7799390298495469
0.78
0.7800390298495469
0.7800827644082644
0.7801400016384762
0.7802177981528021
0.7803029836554477
0.7803994815889895
0.7805172492495558
0.7806561926659661
0.7808250161871433
0.7810769191549847
0.7815098329435706
0.7821927067708228
0.7833994064277041
0.7856764908314705
0.7899
0.7899114423435994
0.7899343270307982
0.7899671635153991
0.7899835817576996
0.79
0.7900114423435994
0.7900212642118463
0.7900384697061631
0.7900684666203692
0.7900968717527815
0.7901323738558226
0.7901736019235441
0.790210105347202
0.7902482177869841
0.790294898312457
0.7903531817326812
0.7904084249455727
0.7904654204613323
0.790532274841036
0.7906204745578507
0.7907401482132773
0.7908806926618774
0.7910509049689776
0.7912501461548056
0.7914961332392022
0.7918184848775236
0.7922759829507267
0.7930138190550088
0.794489491263573
0.7974408356807016
0.7998999999999999
0.7999080952780306
0.799924285834092
0.7999566669462148
0.7999783334731074
0.8
0.8000080952780307
0.800020615231021
0.8000362333158048
0.8000674694853723
0.800097474033597
0.8001289527193426
0.8001652491311215
0.8002071363909379
0.8002565363028014
0.8003149733220217
0.8003703081345179
0.8004203384607654
0.8004671288815641
0.8005143516701339
0.800571006712791
0.8006211743724959
0.8006727804410615
0.8007213267827288
0.8007696773682241
0.8008186864471575
0.8008626092356648
0.8008981940437914
0.8009301106246098
0.800966367722979
0.8009999434147753
0.8010349913675125
0.8010690392418471
0.8011053633248701
0.8011488853330612
0.8012013895604239
0.8012720816916848
0.8013306150048458
0.801379507567164
0.8014254351769399
0.8014746440815499
0.8015118630179779
0.8015552881081445
0.8015913633656341
0.8016237331335286
0.8016564134391657
0.8016922376652398
0.8017407624045723
0.8018002562108102
0.8018439420434995
0.8018863560576452
0.8019320180845959
0.8019819895489858
0.8020382255318633
0.8021240570721616
0.8021971212244485
0.8022564538612846
0.8023173160764974
0.8023842990146257
0.8024660845133722
0.8025434395433738
0.8026110620851384
0.8026667891130642
0.802719077935973
0.802774706364898
0.8028413550213048
0.802924780572835
0.8029984899811642
0.8030688822998462
0.8031448088857723
0.8032293931506009
0.803327155696625
0.8034368848170437
0.8035678481101627
0.8037267318618633
0.8039018433100231
0.8040978218767975
0.804329682428121
0.8046088255162726
0.8049745441152165
0.8054836338651998
0.8062669839025223
0.8072499237439256
0.8084233980863886
0.8098162334256745
0.8099
0.8099066915975778
0.8099200747927334
0.8099399822029473
0.8099636032654888
0.8099818016327445
0.81
0.8100066915975779
0.810017489937698
0.8100333064473385
0.8100553166105449
0.8100765877084746
0.8100957282377311
0.8101156177197162
0.8101402439326632
0.810172072967004
0.8102006121478278
0.8102270876855496
0.8102542280295889
0.810284433173525
0.8103185807544446
0.81034518103293
0.8103709256767182
0.8104094722846362
0.8104378432105988
0.8104653383795595
0.8104990122068125
0.8105488607238054
0.8106050485668135
0.8106719429725583
0.8107555601478658
0.8108574064759737
0.810988866513
0.8111416655398911
0.8112691649650605
0.8114098957992288
0.8115842359336353
0.8117162619677172
0.8118561897434233
0.8120114159835901
0.8121757710611179
0.812378660817246
0.8125997464364976
0.8128235834549683
0.8131438380974415
0.8135357165430703
0.8142225067262506
0.8150170516717525
0.8159182402247896
0.816970419877744
0.8177867580409258
0.8185463135262719
0.8193462113768354
0.8199
0.8199221609371015
0.8199630055517818
0.8200000000000001
0.8200221609371016
0.8200423325438153
0.8200612861481159
0.8200921235210006
0.8201291028709295
0.8201719093128076
0.8202270939043328
0.8202778497848676
0.8203174714645766
0.8203551596366936
0.8203927467203
0.8204286487275951
0.8204599277149517
0.8204880670872681
0.8205184431801336
0.8205485403769281
0.820581328557962
0.8206115001445977
0.8206428842011253
0.8206797809363439
0.820723397183575
0.8207819710263323
0.820847019356161
0.820899897023452
0.8209454377252852
0.8209893658876918
0.821040859351145
0.8210761374824603
0.8211131846147052
0.8211461046970818
0.8211768586527373
0.821209100269856
0.8212468113620437
0.8212915979939692
0.8213381630171653
0.821378757137696
0.8214200629712989
0.8214654630300111
0.8215202479252325
0.821588825228307
0.8216834129615368
0.8218247840329777
0.8220648744279982
0.8225450552180394
0.823131770473059
0.8237749486740996
0.8245011443225759
0.8253303271703422
0.8262978355872648
0.827448570464171
0.8288357266130889
0.8299
0.8299214687060105
0.8299644061180315
0.8300000000000001
0.8300214687060106
0.8300418803888322
0.8300697532214354
0.8301065700853559
0.8301420670646288
0.8301800767249307
0.8302274761560322
0.8302796779380319
0.8303335038767128
0.8303908135559639
0.8304611417427097
0.8305315863741791
0.8305681212439389
0.8306082884869211
0.8306386283157411
0.8306605783958404
0.8306792212692118
0.8306963338011121
0.8307147163008549
0.8307271181211596
0.830741633719621
0.8307533860030493
0.8307636046818428
0.8307739182296013
0.8307855367144152
0.830799493148202
0.8308139896118364
0.8308268464591868
0.8308398341060417
0.8308540897473842
0.8308707716451702
0.830889114025809
0.8309070960356916
0.8309260178897286
0.8309469599408846
0.8309660255538286
0.8309842620649088
0.8310030009761253
0.8310223153412769
0.8310413249457128
0.83105896932851
0.8310753351802921
0.8310914830732251
0.8311095998390272
0.8311271776599202
0.8311471075442263
0.8311643509673892
0.8311813511848722
0.831199749741507
0.831220771199339
0.8312468966590072
0.8312731672376483
0.8313005422951584
0.8313301534759553
0.8313522776655407
0.8313744026640032
0.8313939385821181
0.831412188835919
0.8314310372206943
0.8314525513673879
0.8314859107886375
0.8315150380121825
0.8315388640687855
0.8315631021513532
0.8315892808060384
0.8316208748564642
0.8316602978041817
0.8317141753542122
0.831792952097303
0.8319053116936604
0.8320430099399346
0.8322241951523384
0.8324696291594261
0.832752024458242
0.833077984973746
0.8334568665043334
0.8336345611554992
0.8337772319789601
0.8338738947785808
0.8339794427055642
0.8340639504967368
0.8341729648291013
0.8342610971457469
0.834341279358747
0.8344486293969304
0.8345742087054007
0.8347492157648477
0.8350403469411282
0.8355530941007923
0.8361040756157878
0.8366319413489823
0.8372272115326311
0.837952438381184
0.8390102984155298
0.8399
0.839908410171671
0.8399252305150129
0.8399436734971569
0.8399616744094284
0.8399786244442141
0.839989312222107
0.84
0.8400084101716709
0.8400172097118231
0.8400271575115988
0.8400438755766582
0.8400605432427525
0.8400785832616477
0.8401008136768178
0.8401310016802361
0.8401605428660305
0.8401929205912867
0.8402307964177073
0.8402765874985152
0.840329437449135
0.8403889542901323
0.8404622541023739
0.8405474171958022
0.8406160907318126
0.8406897981014612
0.8407489306025752
0.8408094567270924
0.840867626226847
0.8409319781771369
0.8409933518639199
0.8410586057570489
0.8411047458539113
0.8411661010159163
0.8412156702983343
0.8412592573855755
0.841303497950028
0.841352376692223
0.8414217776484413
0.8414965672836974
0.841555180852649
0.8416138372058587
0.8416776425251972
0.8417544366994149
0.8418516696713398
0.8419882420787619
0.8421652004327277
0.8422178455892213
0.8423156434613122
0.8424182928756253
0.8425222042801448
0.8427300270891838
0.8431456727072617
0.843740442022063
0.8444112498937194
0.8451721878956713
0.8460487007080041
0.8470748541798819
0.848300658698227
0.8497893877588084
0.8499
0.8499100568578033
0.8499301705734099
0.8499543637975688
0.849975933659752
0.85
0.8500100568578033
0.8500236436889229
0.8500373991374429
0.8500649100344829
0.8500899868428943
0.8501177362511578
0.8501509835258141
0.8501883682834457
0.8502254410440524
0.8502604268531162
0.8502958989854374
0.850338259128785
0.8503746198582661
0.8504113683470842
0.8504459777762697
0.8504816725222372
0.8505213457144999
0.8505688754437712
0.8506267602508073
0.8507030093920053
0.8507606220612466
0.8508038814531045
0.8508439000228646
0.8508845387980157
0.8509331391405647
0.8510167046272046
0.8510761987037087
0.8511291892078686
0.8511858018303735
0.8512492996747099
0.8513288604857046
0.8514364893743349
0.8515822011686711
0.8518066380594563
0.8521407483541801
0.8525335407566597
0.8528692635240507
0.853250676858955
0.8535954835364
0.85390485436539
0.8542863751060505
0.8550494165873717
0.8559448371214865
0.8568040296506266
0.8576550695166612
0.857851866829581
0.858132118453977
0.8582563205361418
0.8583869733748765
0.8585055209705852
0.8586028686956514
0.8586902501695083
0.8587696659659061
0.8588437451660212
0.8589172051978182
0.8589991970433964
0.8590311384007618
0.8590816564233725
0.8591197149904319
0.8591464839377371
0.8591723408223919
0.8592061268056846
0.8592395098554367
0.8592670987158577
0.8592966222289486
0.8593307250345532
0.859359748993366
0.8593858676581156
0.8594121514315931
0.8594446150938881
0.8594658027880305
0.8594875886149769
0.859506896599464
0.8595245444594619
0.8595425782600541
0.8595629798333305
0.8595950270454304
0.8596217594266804
0.8596438505553199
0.8596666118443677
0.8596916285647543
0.8597219242778927
0.8597635342177028
0.8598201390935102
0.8598951813616963
0.8599
0.8599096372766074
0.8599185964449696
0.8599307039510825
0.8599549189633083
0.8599806833986275
0.86
0.8600121315564948
0.8600279226343372
0.8600482486118134
0.860073818156208
0.860103241687932
0.8601360939307745
0.8601705968912616
0.8602079790450916
0.8602547499568723
0.8603111052877672
0.860389645367398
0.8604782219781568
0.8605763537161635
0.8606721766525226
0.8607643166343282
0.8608328291376849
0.8609009173936087
0.8609601717114673
0.8610171508246807
0.8610751532717519
0.8611363625569219
0.8612115744239104
0.8613001512165784
0.8613909987148962
0.8614846243457976
0.8615857147481656
0.8616991255318884
0.8618267496245504
0.8619687314760388
0.8621422555707431
0.8623317882595621
0.8625473161227507
0.8627699844734008
0.8630144247066099
0.8632979078017873
0.8636190934634276
0.8639824395815006
0.8644247338496958
0.864958072394687
0.865526715847106
0.8659947233642059
0.8664896832561508
0.8671593997445994
0.8677927271516614
0.8684244789327497
0.8691367036856142
0.8699
0.869912781308634
0.8699383439259021
0.8699565892332283
0.8699745807144851
0.8699872903572425
0.87
0.8700082129632982
0.8700189339227741
0.8700293537795675
0.8700500522852477
0.8700674462243095
0.8700841689251959
0.8701016574383215
0.8701201687874317
0.8701425626712813
0.8701628854709339
0.8701861407250706
0.8702070880409924
0.8702279401004561
0.870250534825025
0.8702769235316131
0.870308482728847
0.8703482465234269
0.8703758780764942
0.8704074860118041
0.8704343983202273
0.8704585881931832
0.8704832375598807
0.8705106543323636
0.8705491359781994
0.8705925985882225
0.8706258877874408
0.8706586734857656
0.87069396779252
0.8707357684355688
0.8707875179076013
0.870858129436992
0.8709248081357522
0.8709703372997505
0.8710206088499662
0.8710594417768467
0.8710959047059939
0.8711360461051016
0.8711723622294292
0.8712081908439983
0.8712488940476947
0.8712994818579538
0.8713556620485183
0.8714141751166743
0.8714608014332931
0.8714832235893154
0.8715059253554558
0.8715249005619761
0.8715436892940673
0.8715636090839938
0.8715848809281659
0.8716043194539658
0.8716249860955116
0.8716487663286091
0.8716798671824969
0.8717115167658757
0.8717382745423398
0.871762559275593
0.8717871456987841
0.8718200984797349
0.8718471425034822
0.8718664633023122
0.871883797091643
0.8719007103365116
0.8719192475333869
0.8719452800480719
0.8719740957568902
0.8719962320081621
0.8720181125225858
0.8720418247675555
0.8720695262931182
0.8721057291405245
0.8721543862103225
0.8722280106268163
0.8723497859052136
0.8725396721952161
0.8727793590171745
0.8730487491413614
0.8733559254722455
0.8737093078324492
0.8741192690112594
0.8745982546822874
0.8751593795525373
0.875816428065915
0.8765869469370994
0.8774957048674344
0.8785762878373824
0.8798773369346834
0.8799
0.8799151293402978
0.8799302586805956
0.8799530989226464
0.8799849633372601
0.88
0.8800151293402978
0.8800306696334245
0.8800525546726394
0.8800886041329377
0.8801230779273886
0.8801596420050355
0.8802023582002272
0.8802528122538779
0.8803158964038255
0.8803884676154379
0.8804668729951298
0.8805539396973825
0.8806581117248884
0.8807902161736826
0.8808773107764686
0.8809610161143622
0.8810552127425904
0.881151166133701
0.8812369626346079
0.8813354279494827
0.8815323585792323
0.8818592004441896
0.8823065765253367
0.8830525848198141
0.8839964504728651
0.8850506871279264
0.8863114379112451
0.8874903499328191
0.8884132567749609
0.8893009245907001
0.8899
0.8899101741708675
0.8899305225126024
0.8899698489897961
0.89
0.8900101741708675
0.890026587130109
0.8900453143410919
0.8900813785891276
0.8901194254547006
0.8901590734594399
0.8902045162049407
0.890256893493444
0.8903183389547037
0.8903837932357846
0.8904567407425286
0.8905415025258007
0.8906080525252205
0.8906612783308663
0.8907081605886064
0.8907524042465622
0.8907996580376328
0.890866392223932
0.8909202734181514
0.8909622398076689
0.8909983827943203
0.8910298896984647
0.8910587213898989
0.8910871219589503
0.8911181780282854
0.8911628727883671
0.8912041805784975
0.8912366259644766
0.891268841678786
0.8913033376399339
0.8913434163012127
0.8913916614447513
0.8914443319039455
0.8914999060723902
0.8915444977397039
0.8915779586347323
0.8916082027230142
0.891639494213768
0.8916797423070516
0.8917359398694987
0.8917764637972321
0.8918159885221822
0.8918595456917702
0.8919107474183001
0.891979697939573
0.8920669196433286
0.8921554145128316
0.8922401540221332
0.8923283043250039
0.8924249793911712
0.8925382840292303
0.8926729843919354
0.8928082610200291
0.8929261190876818
0.8930489283500656
0.8931876063516999
0.8933250570589751
0.8934588883254663
0.8936225168250439
0.8937245981250881
0.8938265828680206
0.8939210303120073
0.8940155281690455
0.89412930143714
0.8942611357578145
0.8944002642049979
0.8945267202003406
0.8946588349092182
0.8948078987547216
0.8949930513746296
0.8952333154420075
0.8955926077464312
0.8961517877207412
0.897031490353389
0.8982046971467615
0.8995567052977983
0.8999
0.8999165348677487
0.899949604603246
0.899974802301623
0.9
0.9000165348677487
0.9000315988876683
0.9000543130658294
0.9000852703499149
0.9001216560508435
0.9001593056051751
0.9001970233735539
0.9002320343834839
0.9002661053978867
0.9003046602235806
0.9003653031900319
0.9004215692503151
0.9004708005771438
0.9005254225887723
0.9005875232550449
0.9006700741397506
0.9007961288182826
0.9009654556394157
0.9011588420836825
0.9013799275128815
0.9016340874978815
0.9019273386110396
0.9022672289888445
0.9026610438330221
0.9031164778105799
0.9036426278373748
0.9042512459139304
0.904958577129491
0.9057061780223907
0.9064079282013838
0.9071154570810895
0.9078728686052128
0.9087243055612118
0.9097520899589067
0.9099
0.9099051548676407
0.9099154646029219
0.9099360840734845
0.9099635927121856
0.9099817963560928
0.91
0.9100051548676407
0.9100129410381566
0.9100285133791883
0.9100596580612519
0.9100949248006163
0.9101349928313818
0.9101857882590062
0.9102138505258649
0.9102429726744191
0.9102669369692883
0.9102865942180873
0.9103055083472401
0.9103265116723676
0.910339338810754
0.910356395521213
0.9103706104418483
0.9103828526524215
0.9103949681961054
0.910407862580046
0.9104245385803995
0.9104401765903675
0.9104557392260888
0.9104707431052892
0.9104865027171916
0.9105043065707213
0.9105245303976994
0.910545654474624
0.9105633505055607
0.9105812459503376
0.9105964840977895
0.9106105004239649
0.9106247244182947
0.9106405642296079
0.9106628562331541
0.91068732489817
0.9107060942610136
0.9107245481545702
0.9107443291531347
0.9107677106803531
0.910796458269062
0.9108353051111134
0.9108912813990031
0.9109675858593549
0.911051859160701
0.9111404707531442
0.9112248882121202
0.9112942635854662
0.9113520453762385
0.911409561951252
0.9114955540747627
0.9115650314625358
0.9116242262841526
0.9116873427594144
0.9117589475981848
0.9118511637524203
0.9119432068964043
0.9120233291658957
0.9120995563667456
0.9121852763716358
0.9122429459740695
0.9123078316421697
0.91236449966695
0.9124172608955551
0.912473360021656
0.9125412726171412
0.9126130518580668
0.9126907434560619
0.9127619584213779
0.9128354601856947
0.9129174545087105
0.9130171812694848
0.9131428199717743
0.9133177691184624
0.9135829358819774
0.9140418489873031
0.9147383039520051
0.9155219887237995
0.9164110931540891
0.9174385814633842
0.9186467324413246
0.9199
0.9199255343354473
0.9199627671677237
0.92
0.9200255343354473
0.920054723269242
0.9200936120182237
0.9201523699344759
0.9202152983706987
0.9202799646815357
0.9203557316015293
0.9204435152639284
0.9205417313284553
0.9206813529339255
0.9208486945578174
0.9210563469161499
0.9212867009838984
0.9215404158311203
0.9218271665632831
0.9221753450213133
0.9226220217759752
0.9232700180639357
0.9244690248116095
0.9268670383069572
0.9299
0.9299081118054885
0.9299243354164656
0.9299567826384197
0.9299783913192099
0.9299891956596049
0.93
0.9300081118054886
0.9300162420439027
0.9300313909084624
0.9300465111145924
0.9300639190302267
0.9300818129778234
0.9300989796367405
0.9301162717987327
0.9301299360969828
0.9301426676601993
0.9301564658465599
0.9301750267651424
0.930198859619339
0.9302168647767193
0.9302348575344676
0.9302547526761356
0.9302786958611702
0.9303110415274971
0.9303558898367742
0.9304320099554494
0.930531063286973
0.9306437100475782
0.9307738419561771
0.9309242531601604
0.9310994380510593
0.9313049216402487
0.9315464057815939
0.9318302337369396
0.932161983779914
0.9325496320976283
0.9329314732289429
0.9332749911511653
0.9335939662187217
0.9339132265198465
0.9342847891994891
0.9346987819666334
0.935098342196783
0.9354680017926394
0.935864977508477
0.936208054683718
0.9365390493317226
0.9369207791843469
0.9374199098104629
0.9379209421101558
0.9383223598836024
0.9387535492805964
0.9392938143216661
0.9397237976159739
0.9399
0.9399062714503827
0.9399188143511483
0.9399439001526795
0.939969157773664
0.939984578886832
0.9400000000000001
0.9400062714503828
0.9400135023048998
0.9400279640139336
0.940048013394988
0.9400678374491737
0.9400892039597435
0.9401137809165899
0.9401404602865963
0.9401689455347797
0.9402037989584274
0.9402552802102743
0.9403173299637333
0.9403928674243004
0.940483843953984
0.9405927906345187
0.9407013227706092
0.9408086965399914
0.9409023359418471
0.9410212027826396
0.9411287001545735
0.9412264267789708
0.941338345835979
0.9414673757547257
0.9416127802314522
0.9417432897305201
0.9418514409041581
0.9419553647331717
0.9420962055443478
0.9422251378533856
0.9423310880103221
0.9424426975696806
0.9425691598141361
0.9427037679543346
0.9428293364204954
0.9429621680724174
0.9430504527905101
0.9431646693146265
0.9432597896921758
0.9433463452920666
0.943438952840525
0.9435537217578438
0.9436688751501378
0.9437934768875613
0.9439124478762503
0.9440382861577167
0.9441821324855948
0.9443614604972098
0.9445948007648083
0.9449354031211541
0.9455156702612214
0.9465342589510974
0.9477053019298046
0.9490435074224367
0.9499
0.9499124347813742
0.9499373043441227
0.9499686521720614
0.9500000000000001
0.9500124347813743
0.9500302679023926
0.9500578057126802
0.9500931840486562
0.950127101082747
0.9501673924768113
0.9502148423122057
0.9502679558894657
0.9503364778900036
0.9504261419589035
0.9505346919942325
0.950679971660872
0.9508485199705161
0.951003110250035
0.9511729194545085
0.9513855169702614
0.9516960727668384
0.9522192162415085
0.9528779019818863
0.9536969103237884
0.9547165913788477
0.9559777161924523
0.95751933455866
0.9593533079146156
0.9599
0.9599303694981607
0.9599651847490803
0.96
0.9600303694981607
0.9600584612792658
0.9600952447409206
0.9601544777784345
0.9602150574400493
0.9602807773893436
0.960360537483225
0.9604767389863058
0.9606695023609271
0.9608355264926843
0.9609977985936989
0.9611521957614508
0.9613147802149156
0.9614786471868483
0.9616796231893266
0.9619368356327583
0.9623783639729305
0.9632614206532749
0.9644327408896428
0.9658197794978144
0.9674871964313613
0.9695539517568574
0.9699
0.9699056597197914
0.9699169791593741
0.9699396180385397
0.9699638316266107
0.9699819158133054
0.97
0.9700056597197914
0.9700136588284384
0.9700296243128462
0.9700504726181132
0.9700729201679031
0.9700975297550732
0.9701258214756179
0.9701571224839964
0.9701951193941923
0.970239232280356
0.9702862263990926
0.9703407532788582
0.9704082403917647
0.9704903090145872
0.970599597844011
0.9706686986370812
0.970740584589398
0.9708063164959334
0.9708917983898655
0.9709567194183804
0.9710318760725022
0.97114582025429
0.9713514638670504
0.9716653388378047
0.97212526400741
0.9728317628697895
0.9737484272041367
0.9747688727300258
0.9759865577531068
0.9774398077216735
0.9792553109374974
0.9799
0.9799066045514715
0.9799198136544145
0.9799462318603005
0.9799726305866757
0.98
0.9800066045514715
0.9800198136544145
0.980035752840741
0.9800606032836239
0.9800916616881886
0.9801231768078094
0.9801542976790087
0.9801844891183972
0.9802124675802097
0.9802422999422915
0.9802817502000328
0.980339015462774
0.9803807820787255
0.98042322008666
0.9804716145514744
0.9805215961881497
0.9805658886448927
0.9806067659872929
0.9806473119265318
0.9806925850866902
0.9807343610650411
0.9807837070230169
0.9808229735463511
0.9808564029884514
0.9808863413271746
0.9809132963358528
0.9809390651817763
0.9809659839645024
0.9809993819366717
0.9810288743416424
0.981059467888707
0.9810882703701471
0.981117823972615
0.9811505614586516
0.9811899049631229
0.9812338045642496
0.9812806855678653
0.9813341984220435
0.9813756240423076
0.9814058448953138
0.9814330481693726
0.9814609494102089
0.9814965514512946
0.9815475844586031
0.9815838057807212
0.9816189641351787
0.9816576691143414
0.9817030875558007
0.9817643391491442
0.9818420578050663
0.9819245451306111
0.9820015384624351
0.9820802408086482
0.982165517417881
0.9822629606229736
0.9823812235891314
0.9825283504993733
0.9827253796977261
0.9830103911902419
0.9834701504743572
0.9840208210946466
0.9846493407224411
0.9853770495138663
0.9862280973360696
0.9872476181258133
0.9884776808583952
0.9899
0.9899110236164732
0.9899330708494196
0.9899665354247098
0.9899832677123549
0.99
0.9900110236164732
0.990023652370043
0.9900398531803204
0.9900722548008752
0.9901059977788843
0.9901406377688448
0.9901803260337503
0.9902260889691292
0.99027988713292
0.9903435124254222
0.990403798782431
0.9904563923460273
0.990506504958638
0.990561055185828
0.9906191039463372
0.9906804994915072
0.9907328902111154
0.9907851229752794
0.9908417719004013
0.9909058825058559
0.9909698767233182
0.9910217875057125
0.9910649952157958
0.9911091971512225
0.9911540362654953
0.9912020860774711
0.9912457160867054
0.9912916413887338
0.9913441697010998
0.9914034530186817
0.9914684583314668
0.9915287816257842
0.9915799364025264
0.991626545071103
0.991673059382444
0.9917268909538713
0.9917970350857438
0.9918465167803812
0.9918889242955232
0.9919307805996801
0.9919754659870001
0.9920345690801474
0.9921150713341458
0.9921722605510543
0.9922274576949802
0.9922815202596547
0.9923305985913341
0.9923808241581136
0.9924389748382424
0.9925099310444581
0.9925880246967532
0.992654884938347
0.9927228233798011
0.9927977863581579
0.9928821826067655
0.992978147935599
0.9930908458986495
0.9932222365188476
0.993378726519361
0.9935494481711672
0.993746528711981
0.9939752108001465
0.9942609634199898
0.99464110882549
0.9951902022117661
0.9960256705149413
0.9970064280598689
0.9981396376741287
0.9990698188370644
0.9999
0.9999056502005068
0.9999169506015204
0.9999395514035476
0.9999538828046667
0.9999690442985726
0.9999833649534706
0.9999916824767353
1.0
