0.0
0.001
0.003
0.007
0.0099
0.009909721963824631
0.009929165891473891
0.00993887897368925
0.009952786948939989
0.00996579573742302
0.009977353698334976
0.009988257587224991
0.009994128793612497
0.01
0.01000332125509277
0.01000870499416259
0.01001495416090041
0.01002246404299795
0.01003232296807868
0.01004236668301964
0.01005373792089541
0.01006799919595433
0.01008370128296074
0.01009837031268235
0.01011310990737935
0.01012829254209808
0.01014288683716589
0.01015785121578123
0.01017415396992817
0.0101887608902085
0.01019978598507039
0.01021365066784113
0.01022357444782784
0.01023367429544449
0.01024186530934322
0.01024932462980332
0.01025607478624944
0.01026520841470126
0.01027388616228728
0.01028246894062196
0.01029146363209925
0.01030095201059257
0.01031111421182041
0.01032240372232434
0.01033636818038314
0.01035283695858963
0.01036581316157814
0.010376544418033
0.01038755588244585
0.01039856222044557
0.01040960224187213
0.01042159086249967
0.01043741918641998
0.01044739307306803
0.01045759827933268
0.01046658407690082
0.01047462375832448
0.01048264050165136
0.01049125071695813
0.01049966101477314
0.01050716295026401
0.01051459474945467
0.01052151982255382
0.01052846770578986
0.01053501978780559
0.01054180193213552
0.01054861157408489
0.01055554440158698
0.01056270782446303
0.01057018971219454
0.01057813379175781
0.0105867639118115
0.01059655437329395
0.01060909702086867
0.01062148699044031
0.01063362512761444
0.01064458761513369
0.01065536006783429
0.01066657163081353
0.01067853657411635
0.01069133794417637
0.01070460040836525
0.0107176606522473
0.01073006230694954
0.01074184034005932
0.0107534501157099
0.01076581504925469
0.01078154234522039
0.01079512008859304
0.01080882051024474
0.01082173280357835
0.01083488785551033
0.01084939112550852
0.01086620608606235
0.01088375389926636
0.0109004417145645
0.0109169820396397
0.01093462287969532
0.01095725750983908
0.01097338879440438
0.01098994746646409
0.01100466990647351
0.01101811923296083
0.01103147277750699
0.01104540355916617
0.01106124585320043
0.0110834791881477
0.01110831037919777
0.01112696133823718
0.01114496218329258
0.01116406832418487
0.01118569762883972
0.01121266803500766
0.01124704828782974
0.01129435254195149
0.01136378567922469
0.01147667116875597
0.01150679834594065
0.01156705270031
0.01159164828421634
0.01161655729953016
0.01164346104390795
0.01167274600043269
0.01169734665682715
0.01172521541067667
0.01176476102306567
0.01181363170361269
0.01187738466021138
0.01196098257100469
0.0120686436867898
0.01220609946115921
0.01238131703732541
0.01268825937962336
0.0130582925400314
0.01341676529753559
0.01370088679093904
0.01400297152088727
0.01443094108975968
0.01461943871021133
0.01479774051681358
0.01501766234670654
0.01535260035892216
0.01576218765676819
0.01609518480016794
0.01643277047257458
0.01678450225600214
0.01720621116109096
0.01777488021369729
0.01862026027851188
0.0199
0.01990611817200063
0.0199183545160019
0.01994282720400445
0.0199601816565276
0.01997494011611605
0.01998878477124849
0.02
0.02000611817200064
0.02001389655252247
0.0200226437240498
0.02003235803872746
0.02004625438619772
0.02006004201862763
0.02007347197376309
0.02008759044160665
0.02010290378879443
0.02011678844090001
0.02012796860438157
0.02014486391376488
0.02016430520322458
0.0201858960811501
0.02020387947209252
0.02022982045314934
0.02026325243257537
0.02029030446675002
0.0203208717948814
0.02035181255959108
0.02038368850095968
0.02042111442066038
0.02045873436387781
0.02049201934268062
0.02051659516058159
0.020537962188973
0.02055857706479546
0.02057978585452963
0.02059905587346413
0.02062120362751476
0.02063892104385532
0.02065412300915305
0.02066759423724716
0.0206799579135486
0.0206922400780604
0.02070576588048299
0.02072538685234677
0.02074170138493749
0.02075336876788934
0.02076353119784418
0.02077296112352216
0.02078246294612315
0.02079202082602727
0.02080058799369883
0.02080861400958438
0.02081583907657308
0.02082326687284654
0.02083001200049549
0.0208371997466138
0.02084445194351853
0.02085189797554451
0.02085974231979693
0.02086815836946474
0.02087736014059217
0.02088755999809717
0.02089898325788851
0.02091265034366332
0.02093067546275589
0.02094525692303308
0.02095742365682836
0.02096955431077436
0.02098230389588346
0.0209962626927479
0.02101134280076101
0.02102666085111827
0.02104132059713311
0.02105496024757707
0.02106788627494835
0.02108079954316154
0.02109499001559577
0.02111515797602416
0.02113435617291401
0.02114914366110229
0.02116356867404223
0.02117880210004001
0.02119611066653111
0.02121573824254414
0.02123439977314407
0.0212523019691312
0.02127020835974073
0.02128935103444151
0.02131503759034857
0.02132951770500201
0.0213441901311009
0.02135725196386494
0.0213690691264797
0.02138128482559263
0.02139534307877842
0.02141823647468708
0.02143687134503615
0.02145244167154624
0.02146857466370425
0.02148631821436196
0.02150766790049978
0.02153609515625979
0.02157191499045956
0.02161964301787214
0.02166410477989054
0.02170253818085722
0.0217408300723111
0.02178148416725669
0.02182665148503425
0.02188030599270586
0.02194444006633747
0.02202644701781516
0.02213523605213922
0.02228260698781058
0.02249382416061869
0.02277104410061888
0.02308637983336248
0.02344641105283282
0.02376637967439083
0.02390513919023677
0.02400343837395702
0.02407755808445744
0.02415338839026803
0.02422310687532047
0.02428747029624908
0.02435038192119208
0.02442584075120481
0.02451787771901779
0.02463156679407745
0.02478409375093971
0.02501766450058946
0.02534498597427923
0.02575672055976181
0.02634293843669952
0.02702652330139858
0.02813404905116115
0.02954427666808155
0.0299
0.02991294943685103
0.02993884831055309
0.02997461504028056
0.02998730752014028
0.03
0.03001294943685103
0.0300258516047694
0.03003972175156855
0.03006132334365398
0.03007884338681139
0.03009841044609087
0.03013119742383757
0.03016324999024843
0.03019576811716018
0.03023196497905093
0.03026014884206713
0.03028599412645346
0.03032748415318775
0.03035977078120888
0.03041318909793797
0.03046885117569617
0.0305231328811251
0.03058120278490813
0.03064750612644154
0.03072770791662499
0.03083243931478992
0.0309795141631009
0.03120936682308798
0.0316113401537415
0.03211680674859593
0.03276671720024314
0.03361753242179361
0.03470665223216151
0.03597634158040929
0.03738559103342201
0.03891344691740224
0.0399
0.03990396640144055
0.03991189920432166
0.03992776481008389
0.03994288797141764
0.03995719427241267
0.03997131006801673
0.03998680349312732
0.03999340174656366
0.04
0.04000396640144056
0.04000842083771356
0.04001025842304933
0.04001393359372087
0.04001920137937824
0.04002462971929153
0.04003343337974456
0.04004306430100731
0.04005274765495797
0.04006271452743163
0.04007488805311491
0.04008572471871402
0.04010383241326812
0.04012365487635208
0.04014176426862781
0.04015646906800278
0.0401749882280065
0.04019207807986932
0.04021074178910247
0.04023112861182611
0.04025713906905616
0.04029475487740429
0.04034726539743345
0.04040671212924322
0.04046352092104903
0.0405040731960196
0.04053544926827412
0.04056319747223674
0.0405826303321989
0.0406031272584365
0.04062513511717105
0.04064274668932134
0.04066092269042975
0.04068224101100856
0.04070833648657959
0.04072677998437744
0.0407556151943363
0.0407783872032032
0.04080490185564112
0.04084089955358402
0.04086698012340453
0.04089086015861272
0.0409082993780341
0.04092182383441813
0.04093565117011882
0.04095063808764725
0.04096602795450711
0.0409799485137289
0.04099469325746721
0.04101158068728536
0.04103389209890392
0.04105624512109393
0.04107454777688099
0.04109044577075412
0.04110537721049498
0.04112108868205205
0.04114278964886209
0.04116009566748145
0.04117286711921668
0.0411842722474731
0.0411949437977274
0.04120567403609851
0.04121759274587217
0.04123371503950447
0.04125272977876392
0.04126649400965929
0.04127958754986272
0.0412934429457389
0.04130905048418144
0.04132855981745
0.04135344571537821
0.04138777091629478
0.0414380780293515
0.04151046465876613
0.04159242789615014
0.04168761484565225
0.04181156200105809
0.04188598482483032
0.04196684173849833
0.04203063976353842
0.04209548184518274
0.04215988439785558
0.04222601580803122
0.04231561313224682
0.04246041405573222
0.04272004948160219
0.04301251084172879
0.04334385499234466
0.0437260488838583
0.04416658158501584
0.04468083418135607
0.04528467885611049
0.0459956881981945
0.04683421794447654
0.04781545312935297
0.04888140350697739
0.0499
0.04990722735975495
0.04992168207926484
0.04995059151828463
0.04997781575643393
0.05
0.05000722735975495
0.05001771908062212
0.05003607113021144
0.05006590199488829
0.05009167808060138
0.05011949226574835
0.0501519674241389
0.05019030424574468
0.05023939946012508
0.05029321176500764
0.05035004104839853
0.05041717216637694
0.05049798881404013
0.05060553122283601
0.05067190257056907
0.05074293373593514
0.05080273775536111
0.0508326397650741
0.05088847193472436
0.05094984733081242
0.05103708491076969
0.05116858553036193
0.05126289540439327
0.05133936550855432
0.05137760056063485
0.05144991412392604
0.05153052917954465
0.05165247040113542
0.05183278798560482
0.05197948645055379
0.05213149336113044
0.05230359792587463
0.05245294051090484
0.05262444437604317
0.05294442405369226
0.05344439138314846
0.05403003523289941
0.054722000775563
0.0555517950506353
0.05652605271739023
0.05769762701675459
0.05917840171657569
0.0599
0.05991449199709268
0.05993152486942081
0.05994051046401228
0.05994922089119482
0.05996039481884285
0.05997568601504795
0.06
0.06000582324239367
0.06001440804988259
0.06002194606780843
0.0600370221036601
0.06006692191799497
0.06009602119045809
0.06012795902233514
0.0601646498086752
0.06020666148838671
0.06025569320327995
0.06031305451295467
0.06038005899108091
0.06045807997655252
0.0605490991973938
0.06063968886106822
0.06072265576283017
0.06080067495483758
0.06087737229332012
0.06095859402763417
0.06105927270995124
0.06114643003307696
0.06123955815729507
0.06132475701697988
0.06140906822960761
0.06149947759990608
0.06160066906562543
0.06171135159930376
0.06180729978999851
0.06189172882664667
0.06198183035902441
0.06206830557848731
0.06216288143371428
0.06225062280843439
0.06234261320297533
0.06245254853213749
0.06254839230625589
0.06263224793262663
0.06271065324330265
0.06278847732226718
0.06287716758077545
0.06293986572160083
0.06302094430008207
0.06308928418288488
0.06315003280241861
0.06321085493785662
0.0632748190326451
0.06334964151419052
0.06346194323554133
0.06357257865436117
0.06366070656459913
0.06374823840913804
0.06384091645041975
0.06394865026334533
0.06407739575931665
0.06424422526380144
0.06444122504590095
0.06459088514604362
0.06471958632847169
0.06484486249657705
0.06498018409198145
0.06517298413769242
0.06537248737469833
0.0655303557701599
0.06568914462060145
0.0658584572136666
0.0659977946311234
0.06613260272961984
0.0662864356956984
0.06648796772173966
0.06670018044720742
0.06688826467162234
0.06708854007750126
0.06731496622699325
0.06757852224310645
0.06785393224073302
0.068182887897235
0.06856552023057202
0.06901869299552287
0.06959548129172614
0.0699
0.06992629452850181
0.06996728872139543
0.07
0.07002629452850181
0.07004816353988726
0.07007531545577013
0.07012595642632108
0.07019157750214225
0.07025522907286015
0.07032563328929722
0.07040542971689166
0.0704967778424632
0.07060270327522744
0.07072543693959828
0.07086721130635658
0.07103106538234699
0.07122009360891901
0.07143806572472634
0.07168928972585309
0.07194424515997337
0.07216253603849974
0.07233881756384071
0.07249552753829912
0.07265102741686041
0.07283393077723159
0.07308043091322648
0.07327704969372704
0.0734569048593206
0.07364895907271131
0.07386455831712584
0.0740420431580469
0.07421294465691852
0.07440609879688395
0.07464530275668729
0.07487819897943881
0.07511654581222023
0.0753664876854721
0.0756224339264265
0.07593384614145912
0.07626981922426804
0.0766226703151106
0.07688607488742365
0.07718423283103333
0.0774319159943859
0.07766630456161107
0.07793239316091832
0.07834029758466092
0.07872293525562074
0.07905244778658493
0.07939839954807118
0.07979692856329873
0.07990000000000001
0.07991252187651673
0.07993756562955018
0.07996741742557369
0.07998370871278684
0.08
0.08001252187651672
0.08002379520064758
0.0800406226959566
0.08006654149605007
0.08009377530623986
0.08012653778254737
0.08016090827132938
0.0801930623649567
0.08022811805568025
0.08027145517876133
0.08032687581588106
0.08037542717580932
0.08042715949530947
0.08048918790663777
0.0805719913209562
0.08067083421727438
0.08077439779434695
0.08089797589051809
0.08106166181584115
0.0811773588073477
0.08127831024996837
0.08138105413317147
0.0814907596181089
0.08162103989479225
0.08177761502537727
0.08195313605948304
0.08209227754591991
0.08221353361012633
0.08235091415803812
0.08247604321514099
0.08260213758627731
0.08272678381422564
0.08286245803012132
0.08299029189748418
0.0831084952819583
0.08323069290251066
0.08334480886332911
0.08346914715037149
0.083562439929616
0.08364472841795809
0.08372756700135452
0.08381918700142653
0.08394522845219589
0.08410295874296007
0.08421936316026664
0.08433140989090501
0.08445065073432309
0.08458837988208005
0.08475426220933803
0.08497228793582923
0.0852763389018111
0.08574189771761426
0.08654335840746495
0.0875257222745734
0.08870659469819508
0.08980985051333963
0.08990000000000001
0.08991540054169435
0.08994620162508303
0.0899731008125415
0.09
0.09001540054169434
0.09003301644325629
0.09005774191456864
0.09009604286455274
0.0901350111441128
0.09018510476745709
0.0902372517018616
0.09030286204475926
0.09038298998394051
0.09047661275713913
0.09057787754920847
0.0907013381265136
0.09084921263149102
0.0910048469048289
0.09115887963399086
0.09134595714728287
0.09145319697526635
0.09156291050290838
0.09166187080644377
0.09175687285053298
0.09186575941464949
0.09201155329372258
0.09216008749273687
0.09228631775907303
0.09241548536387094
0.09252692590496646
0.09262971660525168
0.0927416885279407
0.09289282469083676
0.09305575516255868
0.09320057857516272
0.09334990979793743
0.09351737293086257
0.09369977816822049
0.09390526014747526
0.09414527973127265
0.09441722429496731
0.09472748882121426
0.09510671033452739
0.09559659130352442
0.09629008321513238
0.0971410750403956
0.09797826115559599
0.09884135928860412
0.09977340516834915
0.0999
0.09992213846964886
0.0999576753790262
0.0999788376895131
0.1
0.1000221384696488
0.1000384754715448
0.1000563210679953
0.1000880337101043
0.100127962937824
0.1001746842929782
0.1002312493759471
0.1002901365482134
0.1003395143975211
0.1003806183500697
0.1004159142794879
0.1004478677350902
0.1004815044810365
0.1005262474796685
0.1005629479463102
0.1005960461663174
0.1006291771991608
0.1006646787104961
0.1007089885024576
0.1007737300976179
0.1008251909508545
0.1008714002994135
0.1009197451212634
0.1009728686158716
0.1010368992222134
0.1011200418617569
0.1012271747650463
0.1013827086332485
0.1016298903836677
0.1020278577546628
0.1025015299683741
0.1030627386641352
0.1037905811293162
0.1048619672739622
0.1068396370754782
0.1088100852471143
0.1099
0.109936546207822
0.109968273103911
0.11
0.1100186306501512
0.1100360054875383
0.1100635755392072
0.1101089665292967
0.1101438031379611
0.1101772723798951
0.1102160982471268
0.1102643822211647
0.1103190418997921
0.1103704525960848
0.1104256940292982
0.1104930491838301
0.1105851892894318
0.1107009523836247
0.1108411483909662
0.1109825219582321
0.1111335560820827
0.1113139199087918
0.1115086324300425
0.1117370838122845
0.1120280352723921
0.1124424096785111
0.1131697439163329
0.1146244123919765
0.1167459505617432
0.1199
0.1199078192431566
0.1199234577294698
0.1199547347020962
0.1199815633698153
0.12
0.1200078192431566
0.120016571200937
0.1200320840949152
0.1200512811765585
0.1200732640891153
0.120094434651328
0.1201182236153052
0.1201455128892799
0.1201796911377952
0.1202111220426468
0.1202462779138796
0.1202888238161192
0.1203515802335048
0.1204287008800085
0.1205057579467976
0.1205775060374602
0.1206466237081559
0.1207206577723524
0.1208238322762673
0.1209152607225592
0.1209875700749938
0.1210591133527363
0.1211328065553479
0.1212030735172206
0.1212625147377122
0.1213138197547799
0.1213664830276027
0.1214514926976181
0.121513385254073
0.1215667607318098
0.121624000330932
0.1216888454853476
0.1217727677575546
0.1218589417727249
0.1219329379041841
0.1220008717810334
0.1220707010747303
0.1221364641311602
0.1222079468994673
0.1222619653140155
0.1223096321514782
0.1223573002682078
0.1224095027673718
0.1224803107998466
0.1225705701557968
0.1226360567734216
0.1226992554093786
0.1227668314251226
0.1228456936720032
0.1229422036018101
0.1230722233659375
0.1232599115347751
0.1235575547416913
0.1241052650882009
0.1246323421956848
0.125160190312794
0.1257979420657334
0.1266371668469138
0.1277099003634581
0.1289830397026492
0.1299
0.1299161614644602
0.1299484843933805
0.1299742421966902
0.13
0.1300161614644602
0.1300311374192357
0.1300538280955475
0.1300909948210379
0.1301271837582659
0.130164335698978
0.1302062852901605
0.1302542714509153
0.1303104379943972
0.1303766071122071
0.130454559017414
0.1305466138015382
0.1306560261166575
0.1307775059671575
0.1309133791727443
0.1310649871879158
0.1312376903374316
0.1314343559780546
0.1316722411188456
0.1319661498710602
0.1323583178201145
0.1329519827959253
0.134139312747547
0.1363738020120913
0.1396533988203085
0.1399
0.1399253319340229
0.1399626659670115
0.14
0.1400253319340229
0.1400499284176482
0.140078854567132
0.1401338895441981
0.1401913597430665
0.140257489595082
0.1403362270318421
0.1404232418505392
0.1405290016018497
0.1406516690976908
0.1407938040075488
0.1409372272119907
0.1411000249925503
0.1413070275868912
0.1415582043539265
0.1418214961548089
0.1420770361775422
0.1423614255373285
0.1425320204287523
0.1427116738655026
0.1428711332830618
0.1430104000340371
0.143147888253999
0.1433053246165456
0.143499573631017
0.1436832702918134
0.1438493934760571
0.1440254258920337
0.144184914773841
0.1443148980425494
0.1444423326113997
0.1445876944286563
0.1447686434268013
0.1449575049281172
0.1451311683794934
0.1453158929137333
0.1455231410337101
0.1457620578744646
0.1460502206357834
0.1464008279237741
0.1468047330167757
0.1472744471659868
0.147862675531966
0.1486496247987046
0.1498024253415034
0.1499
0.1499298444678316
0.1499649222339158
0.15
0.1500298444678316
0.1500513681849786
0.1500782541121168
0.1501285868062537
0.1501910850073673
0.1502512312218753
0.1503186109088848
0.1503957883330291
0.1504852983905616
0.1505903847190177
0.1507135125001764
0.1508509926867853
0.1509965746513637
0.1511820036981678
0.1513517395781299
0.151501849496551
0.151642938973793
0.1517878543640453
0.1519477317677797
0.1521058786428883
0.152226015463287
0.1523281570912213
0.1524227755003566
0.1525172362313792
0.1526251388728029
0.1527957189758875
0.1529269383419964
0.1530373191555974
0.1531510109010369
0.1532741228285171
0.1534253734446577
0.1535480140235847
0.1536582078225374
0.1537726914782273
0.1539114198117777
0.1540833284625528
0.1542453332973751
0.1543995066489052
0.1545672658030873
0.1547005621580559
0.1548219633280858
0.1549485437603593
0.1550993829434926
0.1552855398453129
0.1554716051132245
0.1556395789163782
0.1558140583798962
0.1560082297385958
0.1562452353943107
0.1565483138749754
0.1569665047303413
0.1575823196929391
0.1586308198862274
0.1599
0.1599355819429369
0.1599677909714685
0.16
0.160033344693031
0.1600527962717605
0.1600869406360178
0.1601248632219941
0.1601825981548691
0.1602336869652879
0.1602826782195481
0.1603304883145535
0.1603753494263279
0.1604235227233712
0.1604864595868314
0.1605543820125164
0.1606214017926813
0.1606875948910347
0.1607611798762506
0.1608468951498336
0.1609585808135766
0.1611192689220032
0.1613893249880452
0.1617612459186724
0.1621491650221296
0.1626028580026795
0.1631327163233118
0.1637943649970934
0.1646923589677853
0.1663848336398056
0.1694512078604931
0.1699
0.1699113795169895
0.1699341385509686
0.1699722078057567
0.17
0.1700113795169896
0.1700270805604188
0.1700483566332376
0.17007780643846
0.1701058694508345
0.1701349555864085
0.1701653106628399
0.1702015724614551
0.1702425131161096
0.1702904095676981
0.1703367820450849
0.1703861923147972
0.1704460525305496
0.1705261234131306
0.1706523813756124
0.1708287941289789
0.171042187376629
0.1712744871245295
0.1715286958773002
0.1718080783420312
0.1721178970912311
0.1724740775052029
0.1729317624538309
0.1734523957267922
0.1738474773333044
0.1742175335551218
0.1746039515203409
0.1750333727998195
0.1755594524446762
0.1762177172287298
0.1767779226794023
0.1772146807693575
0.1776111832045212
0.1781170634709709
0.1784911042287133
0.1787713669415528
0.179051897115715
0.1793927377028446
0.1799
0.1799131373974526
0.1799394121923579
0.1799734322574873
0.18
0.1800131373974526
0.1800291116414426
0.1800449648442607
0.1800711251877773
0.1801043990477283
0.1801383996467634
0.1801693819169965
0.1802025596821862
0.1802396754363251
0.180276174881973
0.1803146485592011
0.1803461939748671
0.1803732392344771
0.1804000603834387
0.1804300778877341
0.1804747774765179
0.1805196692162767
0.1805564807876429
0.1805941153540994
0.1806354285941333
0.1806850558867309
0.1807506710983169
0.1808327115451855
0.180914513178612
0.1809829923391651
0.1810545174597559
0.1811076538466288
0.1811663458420839
0.1812715614837097
0.1813516021233176
0.1814341281291741
0.1815242485586547
0.1816366975619166
0.1817987693809689
0.1820764642434346
0.182631853968366
0.1834373909114155
0.1844786635692806
0.1856852932478777
0.1870489124599498
0.1886993025172851
0.1899
0.1899217693391923
0.189965308017577
0.19
0.1900217693391923
0.1900468559088409
0.1900672704623213
0.1900873328870604
0.1901141237908159
0.1901405744365496
0.1901706217967675
0.1902193372924663
0.1902524799703946
0.1902862993415321
0.1903243821879007
0.1903689797509877
0.1904291890388896
0.1905234758564602
0.1906917071454475
0.1909923486946739
0.1914659676201254
0.1924132054710286
0.194307681172835
0.1970028844249902
0.1999
0.1999132402571459
0.1999397207714377
0.1999698603857188
0.1999849301928594
0.2
0.2000132402571459
0.2000251580729133
0.2000408894321992
0.2000723521507708
0.2000994340851744
0.2001237511594635
0.2001654593756982
0.2002133695417114
0.2002605555633666
0.2003063981414511
0.20035725894409
0.2004177188073354
0.2004952335453369
0.2006023866688006
0.2007631209899599
0.2010129571952057
0.2014962958825012
0.2024437624093534
0.2042045215979443
0.2070306310540126
0.2099
0.2099340763323704
0.21
0.2100340763323704
0.2100683439952215
0.2101110769631121
0.2101690956407741
0.2102174834849419
0.2102731210885346
0.2103587443001233
0.2104488212697056
0.2105471530324557
0.2106673736299847
0.2108305315414551
0.2110444053473843
0.2114721529592429
0.2123213522807275
0.2140197509236967
0.2172225362171467
0.2199
0.2199025937440013
0.2199077812320038
0.2199181562080089
0.219927191720127
0.2199366098930491
0.2199453953874716
0.219953641887433
0.219961923328235
0.2199706030259947
0.2199801346971538
0.2199900673485769
0.2199950336742885
0.22
0.2200025937440013
0.2200053969128122
0.2200110032504342
0.2200175129536746
0.2200254731914472
0.2200339502919983
0.2200418271921111
0.2200504217358269
0.2200601044921747
0.2200720665986879
0.2200824244776505
0.2200914053586235
0.2200997542447557
0.2201079675254209
0.2201170483839821
0.2201311684420591
0.2201420282531422
0.2201505552006287
0.2201585236819519
0.2201658208474594
0.2201723981461076
0.2201782762635709
0.2201836726534188
0.220188996892681
0.2201949555298648
0.2202015502708514
0.2202084799858351
0.2202143613655075
0.220220173373036
0.2202264262746671
0.2202335712463682
0.2202424327056408
0.2202520920956525
0.2202622003506782
0.220271405401833
0.2202799653115393
0.220288414024549
0.2202976500316696
0.2203048228786234
0.220312943957554
0.220319053635717
0.2203240760786432
0.2203288336562431
0.2203329641804638
0.2203371106154093
0.2203408585341519
0.2203450140503215
0.2203498963477621
0.2203555987429472
0.2203602783738167
0.2203642435159179
0.2203679840883767
0.2203717205587599
0.2203757130193129
0.2203802369586472
0.2203856776427953
0.2203929158296359
0.2204020405867076
0.22041195120812
0.2204209087686594
0.2204297842122313
0.2204388381009044
0.2204483132065826
0.220458843959817
0.2204698234872425
0.2204832525942523
0.2204977114789979
0.2205151020681717
0.2205349627590644
0.2205563710475246
0.2205832249744265
0.2206161157756467
0.2206493974078723
0.2206808012203078
0.2207160933525749
0.2207566297604295
0.2208125078661432
0.2208963662857601
0.2209856107822975
0.2210669890485114
0.2211709533176877
0.2212627740847494
0.2213467432011192
0.221445765093037
0.2215685134484864
0.2217138669673553
0.2218382327877982
0.2219796364229039
0.2221462164280829
0.2223961226743551
0.2228215370943442
0.2233112458664353
0.223866770442361
0.2245058489001741
0.2252453886018052
0.2261190588173444
0.2271356732556165
0.228226960629615
0.2292175653392172
0.2299
0.229906001855591
0.2299180055667729
0.2299420129891368
0.2299656605044736
0.2299828302522368
0.23
0.230006001855591
0.2300137257233757
0.2300291734589451
0.2300521293404533
0.2300841223828707
0.2301118127811306
0.2301419427305932
0.2301852119153836
0.2302247814301724
0.2302614149410709
0.2303009673538668
0.2303460834789462
0.2303999667381815
0.2304633443252497
0.2305339845216275
0.2306105582067317
0.2306746331502722
0.2307259250762546
0.2307688591255332
0.230799845850031
0.2308216176771976
0.2308432074857591
0.2308601022362845
0.2308762641633231
0.2308885326434816
0.230900205013807
0.2309091921218534
0.2309177455247504
0.2309245607069927
0.2309310574973184
0.2309363608492087
0.2309414406941572
0.2309456133425517
0.2309496685011011
0.2309530839790385
0.2309564124363403
0.2309600939262008
0.2309637378498137
0.2309671535882535
0.2309703402162344
0.2309732989509537
0.2309760628667387
0.230978677035487
0.2309811868126998
0.2309836432692952
0.2309861120387348
0.2309886925769081
0.2309915751069304
0.2309953285540135
0.2310006767099485
0.2310044747849613
0.231007921528819
0.2310115991782096
0.23101560902531
0.2310201734352417
0.23102547533433
0.23103115559819
0.2310355135034123
0.2310392153431474
0.2310426888175389
0.2310462070082107
0.2310501472833049
0.2310548112160276
0.2310594962926203
0.2310638539928653
0.2310683061436876
0.2310731211193194
0.2310787176871365
0.2310849287296777
0.2310907550374779
0.23109676497945
0.2311033922253822
0.2311110997026445
0.2311208285433333
0.2311333396194862
0.2311470057547468
0.2311612967639375
0.2311750218250464
0.2311843326561758
0.2311870913669071
0.2311926087883697
0.2311967817534332
0.2312007075739764
0.2312053709878919
0.2312091800573611
0.231213410368119
0.2312199172539453
0.2312329310255981
0.231251603057231
0.2312735661669025
0.2312992710197418
0.231331184356413
0.231375190430913
0.231433274609073
0.2315204555493808
0.2316811370363434
0.2318934968030637
0.2321656145880089
0.2325191579323109
0.2329930438939588
0.2336687420175472
0.2346911006689578
0.2359808630337106
0.2377158688262251
0.2399
0.2399062240985257
0.2399133928702401
0.2399170460133631
0.2399207071737024
0.2399253940526372
0.2399317985498899
0.2399434939769454
0.2399607990777889
0.2399823142735689
0.24
0.240004001546255
0.2400113560520711
0.2400173775282493
0.2400294204806055
0.240044739464755
0.2400631090969577
0.2400858037890381
0.2401080643238446
0.2401267877768256
0.2401430894136024
0.2401581115388906
0.2401730900883301
0.2401899402688954
0.2402108666366521
0.2402299516688216
0.2402462063214965
0.2402624493184053
0.2402791021877526
0.2402952166653003
0.2403084927918135
0.2403194517622658
0.2403304172374031
0.2403465843381384
0.240359724416645
0.2403710320839981
0.2403830974983948
0.2403967911034803
0.2404107238072095
0.2404234486395309
0.2404368451944838
0.2404520221144076
0.2404684358216889
0.2404825998336002
0.2404951113106152
0.2405067140626337
0.2405179994383602
0.2405298842602749
0.2405442592789249
0.2405619237702003
0.2405756259836255
0.240587018673342
0.2405976382242547
0.240607791928257
0.2406179897279904
0.2406287489445073
0.2406409779237479
0.2406550912816821
0.2406683612345841
0.2406809913799857
0.2406934176793408
0.2407061536356447
0.2407204352143284
0.2407379288245124
0.2407583924664441
0.240774151510349
0.240789238550784
0.2408052497494603
0.240823253539127
0.2408455116840882
0.2408735684588185
0.2409117242750116
0.240967006073363
0.2410559215936521
0.2412250499736028
0.2414342444990813
0.2416675310596146
0.2419330667716071
0.2422366398440066
0.2425878342344235
0.2429975932591754
0.2434772016836741
0.2440394958454305
0.2446997363018665
0.2454760299807898
0.2463878008755592
0.2473935665782652
0.2483780847106687
0.2495485115903084
0.2499
0.2499032551357462
0.2499097654072386
0.2499227859502234
0.2499341463969325
0.2499430643969095
0.2499519124415585
0.2499612027026025
0.2499721077105205
0.2499829118658794
0.2499915248742823
0.2499957624371411
0.25
0.2500032551357462
0.2500063968897012
0.2500120333736707
0.2500202304077016
0.2500291272522987
0.2500395542534733
0.2500500914978702
0.2500614377849796
0.2500756084912308
0.2500960856253311
0.2501190474189767
0.2501458536988018
0.2501749159277359
0.2502088564656911
0.2502470661624772
0.2502881465241125
0.2503382465178872
0.2504086328442751
0.2505278389678626
0.2506659952533657
0.2508002822355339
0.2509519051470055
0.2511025227786898
0.2512246522281181
0.2513486015909234
0.2514737864008024
0.2515675993636658
0.2516421599871242
0.251791281234041
0.2519072118679209
0.2520255004293835
0.2521564855002863
0.2523169099706937
0.2525422176921637
0.2529056123498101
0.2536324016651029
0.2547099620412929
0.2559586576409581
0.257353948829436
0.2590450337783538
0.2599
0.2599060483104934
0.2599181449314803
0.2599327426374974
0.2599467106078603
0.2599632372685665
0.2599804434725107
0.26
0.2600060483104935
0.2600156365994755
0.2600324714097037
0.2600483108686413
0.2600653542834677
0.2600863774462407
0.2601099599556163
0.2601364231804415
0.260157403994227
0.2601914442759394
0.2602265464862993
0.2602734809510308
0.2603211711072358
0.26037371485789
0.260435350543052
0.260510498025837
0.2606078732423479
0.2607460847845798
0.2609591296960895
0.2613740879595797
0.2622040044865599
0.2636610362266562
0.2661814817190262
0.269452245993255
0.2699
0.269903724191899
0.2699111725756969
0.2699260693432928
0.269938939065426
0.269952179503096
0.2699690997081728
0.2699845498540864
0.27
0.270003724191899
0.2700097777977404
0.2700184755879367
0.270031069969344
0.2700461251495956
0.2700621339919388
0.2700802463300885
0.2701011105899335
0.2701238534481932
0.2701437453384803
0.2701756523603067
0.2702131997570045
0.2702551587470987
0.2703024678879737
0.27035725944487
0.2704227676044324
0.2705020319823816
0.2705947658917865
0.2707028626886784
0.2708282117211254
0.2709735715519569
0.2711427910907596
0.2713420770500698
0.2714397311821478
0.2715639741767759
0.2716624762087079
0.2717441230451841
0.2718276174591206
0.2719270507986854
0.2720556630197735
0.272158670610548
0.2722543225514478
0.272356437429358
0.2724729697468627
0.2725710838135847
0.2726538979057545
0.2727352927102601
0.2728257788388299
0.2729604670859783
0.2730961096048076
0.2732077140342049
0.2733227015431868
0.2734505794976608
0.2736080112404962
0.2738116830435414
0.27410646175319
0.2745504469746853
0.275098958530176
0.2757473054830842
0.2765260422767314
0.2775106904702448
0.2787292126770444
0.2799
0.2799098366312159
0.2799295098936477
0.2799520998925558
0.2799733619272476
0.28
0.2800098366312159
0.2800239317605102
0.2800364836082114
0.2800615873036139
0.2800960880159126
0.2801251993569152
0.2801502026561328
0.2801734925669411
0.2801972854431046
0.2802282271425022
0.2802610273705777
0.2802856456963955
0.2803090534712962
0.2803333606521392
0.2803587708011995
0.2803823530212259
0.2804013081525298
0.2804178708139632
0.280436085237689
0.2804526675393845
0.280470878112061
0.2804882750728744
0.280506622405017
0.2805284106184676
0.2805544036254014
0.2805894824470846
0.2806287520889261
0.2806600174202871
0.2806861145021134
0.2807101114509993
0.2807348140742684
0.2807708801394153
0.2807972932924854
0.2808167280920377
0.2808344432660028
0.2808514041055188
0.2808693808171058
0.2808915443397669
0.2809128399095529
0.2809366266141892
0.2809583327663491
0.2809802377251345
0.2810041717105299
0.2810324970951653
0.2810667142195646
0.2811118218307208
0.2811749817577334
0.2812716697407199
0.2814415233935091
0.2817236419594025
0.2820385910693538
0.2823908153010603
0.2827924949057469
0.2832503403186319
0.2837858667417611
0.2844139333303248
0.2851534480776634
0.2860275546474939
0.2870654670382768
0.2883064457050963
0.2898060104771965
0.2899
0.2899063272230071
0.2899189816690214
0.289943211463134
0.2899658670790397
0.2899829335395199
0.29
0.2900063272230071
0.2900146822453514
0.29003139229004
0.290051335701477
0.2900734046825371
0.2901016560913628
0.2901313477439184
0.2901637316078952
0.2902035469407804
0.2902473340371792
0.2902984632037987
0.2903556990949629
0.2904210597456607
0.2905055968359329
0.2906138254915289
0.2907584602465749
0.2909664798718872
0.291241720982986
0.291622575550152
0.2918455237807248
0.2920705424629526
0.2923016973081599
0.2925432804478058
0.2927529464924226
0.2929915735582438
0.2934688276898863
0.2940070268188179
0.2945267845957137
0.2950024904490383
0.2954593862123579
0.2960094827307726
0.2966726459777305
0.2979140372737208
0.2996167584271322
0.2999
0.2999056521446005
0.2999169564338016
0.2999395650122036
0.2999596695714826
0.2999827178531689
0.2999913589265845
0.3
0.3000056521446005
0.3000112301027065
0.3000223860189184
0.300040984557603
0.3000606210701702
0.3000829099125128
0.3001124927942599
0.3001535826749534
0.300197698434832
0.3002462365050848
0.3003013520364176
0.3003646630066263
0.3004384134505312
0.3005247354006247
0.3006257858685444
0.3007439544954445
0.300881434559476
0.3010391773890516
0.3012207199081907
0.3014298363648862
0.3016698681295462
0.301941711756345
0.30225140409882
0.3026076171469946
0.3030170387352607
0.3035170569521136
0.3041485752654524
0.3050217404230973
0.3064379383805697
0.3092703342955144
0.3099
0.3099046991310109
0.3099140973930326
0.3099328939170761
0.3099477400615794
0.3099635235099426
0.3099800145740341
0.3099900072870171
0.3099950036435085
0.31
0.3100046991310109
0.3100089890701718
0.3100165329004128
0.3100293916094489
0.3100422683188497
0.31005743408243
0.3100751282335811
0.3100953762724107
0.3101143421428192
0.3101348813216079
0.3101598493515088
0.3101824820437197
0.3102028533190877
0.3102229922199201
0.3102456101396157
0.3102661703605841
0.3102896400863872
0.3103104111602732
0.3103303436599229
0.3103502308288995
0.310368158126468
0.3103828270628654
0.310396009346119
0.3104109329473563
0.3104247036443771
0.3104394308093037
0.3104536774727246
0.3104688261554435
0.3104868782077621
0.3105086120079711
0.3105381119323012
0.3105734013445509
0.310600645468058
0.3106223776846955
0.310641611175246
0.3106601979241727
0.3106819215086759
0.3106976052931822
0.3107155997189875
0.3107311953565729
0.3107451738468988
0.3107588055946839
0.3107726410958968
0.3107879548975628
0.3108085763675797
0.3108332635088203
0.3108510103194324
0.3108678700874047
0.3108857221978386
0.3109058290373819
0.310930938344907
0.3109630650315822
0.3110074850223749
0.311073318344711
0.3111825671879603
0.3114010648744591
0.3116985062990349
0.3120290422911784
0.3124038623642941
0.3128332573473361
0.3133309188768066
0.3139147590565438
0.3146030842430333
0.3154128451209818
0.3163658709440526
0.317498939307062
0.3188581924782702
0.3199
0.3199074975370343
0.3199224926111029
0.3199406693119256
0.3199581426020006
0.3199783973854931
0.3199891986927466
0.32
0.3200074975370343
0.3200161837825086
0.3200284572299956
0.3200472034644763
0.3200667483389265
0.3200875407641041
0.3201116524725199
0.3201400533232827
0.320176118255356
0.3202154790372279
0.3202582857708816
0.3203065078025207
0.3203632711204273
0.3204410543786611
0.3205530498113569
0.320751602641145
0.3211487083007212
0.3217114733459024
0.322837003436265
0.3250880636169901
0.3285116090571815
0.3299
0.3299066342514569
0.3299199027543707
0.3299464397601984
0.3299659204066577
0.3299839174672142
0.33
0.3300066342514569
0.3300162986625548
0.3300299365675905
0.3300464465690479
0.330062608111662
0.3300807283695991
0.3301025426775555
0.3301249892488169
0.3301476882506096
0.3301725346794143
0.3302023853075036
0.3302403664351253
0.3303001723587513
0.3304197842060034
0.3305914182766537
0.3308677617047922
0.3314204485610691
0.332525822273623
0.3347365696987309
0.3391580645489466
0.3399
0.3399147093376572
0.3399441280129715
0.3399720640064858
0.3399860320032429
0.34
0.3400147093376572
0.3400283805328064
0.3400440467744453
0.3400693443147531
0.3400968834107705
0.3401279948277647
0.3401607553410283
0.3402008558842887
0.3402549885552603
0.3403632538972036
0.3405124042403443
0.3407540330982157
0.3412372908139586
0.3422038062454443
0.3441368371084158
0.3480028988343588
0.3499
0.3499275994945176
0.3499637997472588
0.35
0.3500275994945176
0.3500559356433057
0.3500912534363289
0.3501473978971465
0.3502062567940037
0.3502766384406648
0.3503742006122778
0.3505417602101891
0.3508507134608762
0.3513393439623055
0.3523166049651643
0.3542711269708819
0.358180170982317
0.3599
0.3599081114752577
0.3599243344257731
0.3599437387660226
0.3599628150412928
0.3599831694204631
0.36
0.3600081114752577
0.3600186477471156
0.3600359541612073
0.3600567283738783
0.3600772035012021
0.3600999509360928
0.3601264801775886
0.3601616839105382
0.3601976520651877
0.3602392654795949
0.3602896636210862
0.3603581367614265
0.360472248958036
0.360700473351255
0.3610123116151095
0.3616031678408597
0.3627848802923601
0.3651483051953607
0.3698751550013621
0.3699
0.3699076513187624
0.3699184834245625
0.369939029814689
0.3699591243234527
0.369977055819751
0.3699980945501761
0.37
0.3700038108996478
0.3700087284321377
0.3700156547211771
0.3700295072992558
0.3700441471596876
0.3700611071589678
0.37008144355396
0.3701020636045832
0.3701270696212194
0.3701619052272009
0.3702027592343938
0.3702505449864472
0.3703064100222533
0.370371617858563
0.3704480894649543
0.3705379560544085
0.3706436371267302
0.3707679343986925
0.3709141026361547
0.3710859628492387
0.3712877193580418
0.3715242990892277
0.3718018456441111
0.3721275419788696
0.3725097700901907
0.3729309281373741
0.3733430202636255
0.3737546751670387
0.3741899019376241
0.3747149405100335
0.3752221157004423
0.3757540972793084
0.3762409606313183
0.37673750199239
0.3772886890253666
0.3779382185175096
0.3787800225589242
0.379872801016777
0.3799
0.3799081197916637
0.379919892716626
0.3799420654982013
0.3799638599864409
0.37998743656227
0.38
0.3800081197916638
0.3800163876018787
0.3800303607420735
0.380052660372361
0.3800762538125808
0.3801012298031265
0.3801342239355068
0.3801897500813038
0.3802877278400907
0.3804367979068519
0.3805409966487223
0.3806525350176354
0.3807373892656594
0.3807995934173071
0.3808510438842621
0.3808959832314858
0.3809388703317697
0.3809880329539057
0.3810151160388292
0.3810449025527722
0.3810704045535062
0.3810936121448061
0.3811193576925661
0.38114855501175
0.3811772413419246
0.3812066939637756
0.3812372545303332
0.3812720529251732
0.3813116107260042
0.3813479336058684
0.38138574271227
0.3814234316532643
0.3814538692508537
0.3814822926088404
0.3815123940281787
0.3815469023385977
0.3815878838307133
0.3816281086625158
0.3816663373011364
0.381707175061763
0.3817519284742711
0.381802129402616
0.3818575947594365
0.3819230588262215
0.3820012714599914
0.3820757101227125
0.3821320114661852
0.3821720628643512
0.3822024392698681
0.3822273892496608
0.3822502046099624
0.3822752919485963
0.3822903982220417
0.3823078144622027
0.3823224928705254
0.3823356423639709
0.3823495272626477
0.3823666168392581
0.3823836781629565
0.3824012796559317
0.3824181389623038
0.3824360114887534
0.3824565357845237
0.3824790441578234
0.3825007349218035
0.3825235152724393
0.3825489649038041
0.3825758471847696
0.3826053180165254
0.3826390162115275
0.3826801848953409
0.3827236749630457
0.3827710234588025
0.3828253096331544
0.3828847434958134
0.3829446599427774
0.3830070593432817
0.3830775001267296
0.3831606929175507
0.3832462689404626
0.3833366102359434
0.3834387883311899
0.3835615441677747
0.3837175853206011
0.383954129606931
0.3841277860042732
0.3842928466348096
0.384499036927904
0.3847664577844427
0.3852797165115932
0.3861781688067183
0.3868283926066599
0.3874127795028204
0.3877048362083005
0.3880473566903946
0.3882916428010784
0.3885003296500487
0.3886931836866793
0.3888793439331904
0.3890903278531878
0.3893373694093615
0.3896753453385711
0.3899
0.3899033618866586
0.3899100856599758
0.3899235332066103
0.3899371261581288
0.3899503938715317
0.3899661924072089
0.3899828991057782
0.39
0.3900033618866586
0.3900100856599759
0.3900212786394013
0.3900325932761298
0.3900464986261604
0.3900622732161447
0.3900739724892972
0.3900834681041425
0.3900922319139667
0.3901014166242159
0.3901129098655787
0.390127754722444
0.3901432549982898
0.3901571592733744
0.3901712731739063
0.3901863561437296
0.3902034079325275
0.3902236826715503
0.3902422768998352
0.390257683691642
0.3902712371036052
0.390282791678972
0.3903005558484859
0.3903111577953745
0.3903227046114689
0.3903324692677891
0.3903432734671404
0.390352007748418
0.3903644561071726
0.3903758176119749
0.3903954227810981
0.3904092667844914
0.3904230078487862
0.3904389918273457
0.3904541885123154
0.3904707359502673
0.3904900366488739
0.3905133962627534
0.3905417635304616
0.3905732532785094
0.390595695721894
0.3906207370059767
0.3906421170314666
0.3906626252842771
0.3906866607948306
0.3907303777279571
0.3907649026160366
0.3907962518011655
0.3908296657050913
0.390866081530445
0.3909110708916285
0.3909734780603226
0.3910688728196096
0.3912428586013453
0.3913439322678302
0.3914501220214177
0.3915347518756042
0.3915977289490888
0.3916525333160858
0.3917066070555829
0.3917529003941566
0.3918038286982982
0.3918425181065353
0.3918766757997645
0.3919123722153526
0.3919572597730854
0.3920038723168558
0.3920492736203295
0.3920948149650689
0.39214669616353
0.3922026834164959
0.3922589595620829
0.3923197601462188
0.3923836807819406
0.3924591760811194
0.3925374903240227
0.3926133621175985
0.3926938170526306
0.3927755930366869
0.392864290768886
0.3929653309693147
0.393083635197859
0.3932323970124098
0.3934100227030306
0.393643744263973
0.3939501188230397
0.3943091639910599
0.3946590977244667
0.3950233628268915
0.3953639971004907
0.395722061995896
0.3960875335255114
0.3965259840840695
0.3971258993214215
0.3981851032098708
0.3999
0.3999078372577187
0.399923511773156
0.3999394624302781
0.3999556617064645
0.3999736770426027
0.3999868385213013
0.4
0.4000078372577187
0.400016341847385
0.4000286020638301
0.4000462936599098
0.4000609912803154
0.4000838888702222
0.4001111099038937
0.4001379974734745
0.400162781181966
0.4001915690161973
0.400224451853263
0.4002603075216016
0.4003002281976227
0.4003460179754863
0.4004003131438147
0.4004673429076496
0.4005542138756378
0.4006756067739123
0.400857850511239
0.4011764988691244
0.4012553574285082
0.4013077656314379
0.4013435650961786
0.4013791207228656
0.4014151636969192
0.4014507251165242
0.4014869247958289
0.4015204808706761
0.401555574459651
0.401595460576414
0.4016451780252834
0.4017054399488396
0.4017732374428353
0.4018483618781498
0.4019236414227511
0.4020012518362246
0.4020629527048896
0.40212886229611
0.402192608002174
0.4022580108474009
0.4023554995175012
0.4024904291572124
0.4026620611740373
0.4028581602822427
0.4030816651644609
0.403338246187677
0.4036347656447777
0.4039776178869636
0.4043743110167136
0.4048338242302523
0.4053674147250178
0.4059893085917922
0.4067183004986448
0.4075821450977474
0.4086032520423266
0.4098631082574504
0.4099
0.4099083370701165
0.4099250112103495
0.4099475569679982
0.4099697806546825
0.4099966727825234
0.41
0.4100066544349533
0.4100115414225539
0.4100193222508018
0.4100348839072978
0.4100529307069177
0.4100731191642754
0.4100984915228894
0.4101258181972318
0.4101584627543791
0.4101962391652912
0.4102367190077137
0.4102823824551048
0.4103346807810412
0.4104000790738661
0.410477910614793
0.4105731137501454
0.4106751779619877
0.4108511691393884
0.4110746799164619
0.4113711272179768
0.4117532124339066
0.4122644765766995
0.4129228127333952
0.4137627767225958
0.4149392390308707
0.4166103285532736
0.4194367236299072
0.4199
0.4199081976534841
0.4199245929604523
0.4199419301102473
0.419959433972324
0.4199779235003174
0.4199889617501587
0.42
0.4200081976534841
0.4200178222962419
0.4200300639335122
0.4200496314107692
0.4200677496693346
0.420085863856103
0.4201063501692778
0.4201240464130946
0.4201459078544545
0.4201730425446793
0.4202002748881055
0.4202302032118915
0.4202601081576019
0.4202918043948297
0.4203279618343233
0.4203715524183393
0.4204274687862372
0.4205026590107516
0.4205659406843045
0.4206337667031901
0.4207085871928761
0.4208073396154955
0.4209504730683428
0.4212041203222975
0.4217114148302068
0.4224838365599458
0.4238926069035705
0.4255846476604365
0.4276394647757459
0.4299
0.429919386565134
0.429958159695402
0.43
0.430019386565134
0.4300477531089443
0.4300719989573988
0.4301037356114976
0.4301399471985767
0.4301900658778589
0.430234755452545
0.4302811805734617
0.4303332617198931
0.4303920388711887
0.4304641804759242
0.4305594826156154
0.4306966749488257
0.4308547917585844
0.431106071115557
0.4314547547053595
0.4320495555402631
0.4332391572100704
0.4356183605496851
0.4388202054093988
0.4399
0.4399107148987449
0.4399321446962348
0.4399660723481174
0.4399830361740587
0.44
0.4400107148987449
0.4400243487449571
0.4400396016502398
0.4400580801304649
0.4400821139012395
0.4401124373045093
0.4401375098264533
0.4401637760260168
0.4401952038781882
0.440237592146425
0.4403137858571248
0.4404650399422009
0.440635785112612
0.4409323216280887
0.4413922067100498
0.4421665062750517
0.4437151054050555
0.4468123036650632
0.4499
0.4499045334902871
0.4499136004708615
0.4499317344320102
0.4499469129730758
0.4499633094912736
0.4499816547456368
0.45
0.4500045334902872
0.4500130160837671
0.4500256297843719
0.450042899245113
0.450058395261385
0.4500754064583338
0.4500961975616331
0.4501223500107645
0.4501579150739687
0.4501978091718855
0.450231177264806
0.4502705024867399
0.4503064141009379
0.4503413128134425
0.4503823140678315
0.4504175519025392
0.4504561050968789
0.4504913686703667
0.4505270310070055
0.450566273551375
0.4506116139716813
0.4506675022494331
0.4507382757024481
0.4507836048397261
0.450830314905311
0.4508719876954536
0.4509111416801834
0.450953203953568
0.4510052314238551
0.4510870203933987
0.451145210991143
0.4511983566182888
0.451255240055572
0.4513194727817352
0.4514001639995061
0.4515094081934691
0.451656676701054
0.451790453169297
0.4519832204245001
0.4521226371155848
0.4522654705698136
0.4524417218330747
0.4527942243595968
0.4532982347133583
0.4538757821483602
0.4545378410451697
0.4553028906470755
0.4562047085297838
0.457271698374728
0.4586066173879433
0.4599
0.4599023216565353
0.459906964969606
0.4599162515957474
0.4599262698229833
0.4599364461474856
0.4599496126304845
0.4599646569043532
0.4599820501561414
0.4599910250780707
0.46
0.4600023216565354
0.4600060871826903
0.4600131268803648
0.4600272062757138
0.4600384491530401
0.4600504788719884
0.460064444289639
0.4600807151965259
0.4601005561619796
0.4601245181363654
0.460145518150768
0.4601610388814795
0.460175038056922
0.4601925641557046
0.4602099333612591
0.4602237163522404
0.4602381433603017
0.4602545126592262
0.4602757248672636
0.4602999026717465
0.4603204678561568
0.4603387005180514
0.4603564067638869
0.4603760851178075
0.4603929270283985
0.4604111258636859
0.4604261549525121
0.4604394943938834
0.460452341391656
0.4604653271292202
0.4604798033304237
0.4605001267754728
0.4605214153536338
0.4605376729140112
0.4605535690163548
0.4605705571000785
0.4605900967995632
0.4606149124641782
0.4606472986877602
0.4606934649994476
0.460765001427337
0.4608761317622313
0.4609039344293782
0.4609289484677884
0.4609569002933743
0.4609771591609695
0.4610065845472758
0.4610274553416217
0.461047741789777
0.4610719392299817
0.4610971743296448
0.4611258744822961
0.4611465575685632
0.4611722270482731
0.4611955835614938
0.4612174692512601
0.4612450996308772
0.4612804237090598
0.4613111952199775
0.461343341219136
0.4613803446255849
0.4614146516410413
0.4614450686013039
0.4614747899522593
0.4615091685772527
0.4615328283966249
0.4615593577382104
0.4615823243662195
0.4616030627501532
0.4616239638159506
0.46164684103235
0.4616781186524941
0.4617140686035772
0.4617410415595574
0.4617674638694486
0.4617960851120034
0.4618294795084203
0.4618734228959662
0.4619326859828325
0.4619971721333739
0.4620635776891669
0.4621451383640884
0.4622550541363195
0.462391043789931
0.4625869384964725
0.4627465238389279
0.4629021036517668
0.463104018522603
0.4633720616095403
0.4637826647707726
0.4642617452250661
0.464810391673513
0.4654434066425551
0.4661747024126254
0.4670316052970525
0.4680310923224428
0.4691192431176534
0.4699
0.4699045235482231
0.4699135706446693
0.4699316648375618
0.4699452000471217
0.4699591616076519
0.4699762403804541
0.4699881201902271
0.47
0.4700045235482231
0.4700104977796831
0.4700224462426029
0.4700373808981869
0.4700518963520493
0.4700684764076399
0.4700870041316932
0.470111594160416
0.4701448337053802
0.4701835316949931
0.4702284374083357
0.4702806328213441
0.4703413961068051
0.470412502045795
0.4704958879372256
0.4705934845101213
0.4707082436836783
0.4708428631702665
0.4710007390409416
0.4711858845591375
0.4714024677393799
0.4716555909633532
0.4719512136270178
0.4722953666155295
0.4726920938165438
0.4731374957878917
0.4735182220922362
0.4738422950539697
0.4741724458596109
0.4743514115471918
0.4745827548591325
0.4747764408593185
0.4749507077309885
0.475141551430435
0.4754058383514084
0.4756850225529654
0.4759068648734511
0.4761320600495278
0.4763310863245949
0.476520875992305
0.476741755523337
0.4770216094173649
0.4773075964479109
0.4775746843456001
0.4778671252283888
0.4782058236867379
0.4786165862479498
0.4789959873910172
0.4793894823682371
0.4798857707029598
0.4799
0.4799027621971262
0.4799082865913786
0.4799175095238318
0.4799295744136692
0.4799516475865687
0.4799817361326558
0.48
0.4800027621971262
0.4800082865913786
0.4800160063052974
0.4800292573508173
0.4800424068668286
0.4800539012643977
0.4800646612435426
0.4800755788282832
0.4800890077264671
0.4800998605002322
0.4801106158723535
0.4801206945299991
0.4801303832209191
0.4801393254354908
0.4801467380094772
0.4801532514920921
0.4801602617570976
0.4801673797568998
0.4801750805717508
0.4801821708632636
0.4801896135579716
0.4801980736793572
0.4802071123499742
0.4802149673634342
0.4802222920292054
0.4802298929635729
0.4802393223182405
0.4802489116921759
0.4802580465291921
0.4802669917870549
0.4802766937244187
0.4802865273521094
0.4802950209843342
0.4803026863352961
0.4803101864057244
0.4803184716971624
0.4803303298739162
0.4803398539719369
0.4803481123609201
0.4803560002288493
0.4803635254385112
0.480371152912358
0.4803796140347846
0.480390987507771
0.4804030677155512
0.4804123272917957
0.480421360460472
0.4804310224940602
0.4804421352946476
0.4804531943090756
0.4804627611362435
0.4804726601827015
0.4804817260391587
0.4804903209485969
0.4804989286573462
0.4805066309057668
0.4805139397557968
0.4805214550227407
0.4805301296519652
0.480540626238884
0.4805497497499777
0.4805575099969388
0.4805649564116039
0.4805729934815361
0.4805831521116476
0.4805961703717113
0.4806086587687314
0.4806200542786354
0.480631483374426
0.4806369629106642
0.4806422071662517
0.4806485417160464
0.4806543309830255
0.480659681725938
0.4806661194489147
0.4806755047060993
0.4806874359660739
0.4807027902101924
0.4807197343859222
0.4807405766253289
0.4807546978099694
0.480768845897759
0.4807822620086291
0.4807976115055083
0.4808121399993903
0.480839885860437
0.4808574418693939
0.4808765736075699
0.4808988610383482
0.4809191669554311
0.4809416791170576
0.4809684878409505
0.4810016721342564
0.481045476830881
0.4811048001163388
0.4811911348090896
0.4812970783847016
0.4813923403472735
0.4814638403570923
0.4815194730326701
0.4815662177206043
0.4816127477675332
0.4816512446787695
0.4816923355378433
0.4817641771190165
0.4818236365504193
0.4818797297723313
0.4819439047135113
0.4820167700763252
0.482116182065811
0.4822746942923973
0.4825917187455698
0.48309451810128
0.4836627602420076
0.4843064243164654
0.4848736565148167
0.4855900194986795
0.4862327617567109
0.4867949576893525
0.487469481096285
0.4882809694522898
0.4897217882555914
0.4899
0.4899043909337698
0.4899131728013092
0.4899307365363882
0.4899446300694549
0.4899575369949082
0.4899723743747672
0.4899889313100193
0.49
0.4900043909337697
0.4900098985334965
0.4900177882178813
0.4900269420159078
0.4900394783309172
0.4900547866694292
0.4900692836668717
0.4900872251158656
0.4901113140429009
0.4901366618217345
0.490161990121
0.4901932060892943
0.4902285339847427
0.4902682974633958
0.4903141535703051
0.4903490343827862
0.4904090230331984
0.4904798843087014
0.4905599180443781
0.4906529029927056
0.4907645143652554
0.4908986549208741
0.4910803529283345
0.4912773952815581
0.4915697666977778
0.4918030681034174
0.4920377150760947
0.4922533317983178
0.4925462231468542
0.4927546335249834
0.4929945842461751
0.493336510894852
0.4939678439795041
0.4949211418942042
0.4960047020999661
0.4973385787441648
0.4989422953095312
0.4999
0.4999083000421573
0.4999249001264719
0.4999581002951011
0.4999816545514868
0.5
0.5000083000421573
0.5000199603548219
0.5000359887360225
0.5000584667367218
0.5000799775597705
0.5001054798001144
0.500141458810995
0.5001790664634824
0.5002212700787441
0.5002707076989947
0.5003271071753711
0.5003902820149582
0.5004615127598687
0.5005417947069605
0.5006306854848712
0.5007340024520109
0.5008552040065505
0.5010075361433809
0.5012016157674305
0.5014701925238527
0.5016370600619565
0.5018038966156378
0.5018416185491118
0.5019170624160597
0.5019708653755192
0.5020094662413036
0.502048097602083
0.5020805304688323
0.5021128959002803
0.5021415409045916
0.5021674325638155
0.5021963268392491
0.5022454945802962
0.5022861191775525
0.5023235086900657
0.5023656998389802
0.502416950100828
0.5024702864487619
0.5025265702544082
0.5025821433054015
0.502638108643614
0.5027079755615823
0.5028306783376483
0.5029173460816553
0.502989199110278
0.5030658305241635
0.5031413486720112
0.5032244722715149
0.5033501795788348
0.5035476018760701
0.5037983140854582
0.5040847695258468
0.504413906474533
0.5047932323640093
0.5052331981478039
0.5057469834400861
0.5063477089245493
0.5070505385631107
0.507876859254048
0.5088549357073776
0.5099
0.5099038190625597
0.5099114571876789
0.5099267334379175
0.5099408656089826
0.5099539988538206
0.5099687086970457
0.5099867328638876
0.51
0.5100038190625596
0.510009514462117
0.5100196994139475
0.5100332463674206
0.5100466328465936
0.5100621987404009
0.5100786860907278
0.510097738358969
0.5101224843718775
0.5101523298855202
0.5101870405106854
0.510225106319862
0.5102678491562054
0.5103161198737076
0.5103607928156457
0.5104040745226752
0.5104523916879474
0.5104980176710641
0.5105498153083537
0.5105951224030569
0.5106402186207581
0.5106893080825528
0.5107454751580142
0.5108007926303703
0.5108442435971802
0.5108793207444136
0.5109143887892686
0.51095348734234
0.5109931020425512
0.5110284795589349
0.511065893489891
0.5111087116263704
0.5111629939770611
0.5112297795442919
0.5112855453932402
0.5113337569558118
0.5113806030802354
0.5114356450603714
0.5114729188213999
0.5115119106579101
0.5115465903936312
0.5115790597875584
0.5116133515687431
0.5116542097389473
0.5116979922540703
0.5117455034892826
0.5117882965141907
0.5118321065072874
0.5118806708902178
0.5119395956615159
0.5120134139500635
0.5121160344327873
0.5122535610689969
0.5123998766461526
0.5125466793261414
0.5127012365371425
0.5129032431091771
0.5131654898050665
0.5136899831968452
0.5143220700779502
0.5150343004451737
0.5158540242810684
0.5168035550251991
0.5179279238239268
0.5192710358288192
0.5199
0.5199032501170318
0.5199097503510952
0.5199227508192221
0.5199349971078978
0.5199477969694031
0.5199622852829386
0.5199769739532866
0.5199884869766433
0.5199942434883217
0.52
0.5200032501170317
0.520006659565392
0.5200134784621127
0.5200268670420936
0.520038591815049
0.5200516522809538
0.5200668987157852
0.5200847836708863
0.5201008202507141
0.5201181774900826
0.5201393075194509
0.5201665143358611
0.5201935155850801
0.5202233825487572
0.5202580226278511
0.520303031636416
0.5203688989246901
0.5204864501658266
0.5207215526480997
0.5210758432728014
0.5217844245222049
0.5232015870210117
0.5260348443431986
0.5293940461508077
0.5299
0.5299141026575721
0.5299423079727162
0.5299711539863581
0.53
0.5300141026575721
0.5300304376915166
0.5300530102855593
0.5300813874033437
0.5301116895340205
0.5301488718657745
0.5301863470641878
0.530229786854887
0.5302891381117268
0.5303777391100122
0.5305549411065829
0.5307940651078938
0.5312251219068338
0.5320872355047137
0.5338114627004735
0.5372599170919932
0.5398999999999999
0.5399060056384518
0.5399180169153556
0.5399420394691631
0.5399627791162955
0.5399824725620429
0.54
0.5400060056384519
0.5400156972517441
0.540028381714135
0.5400472562373269
0.5400667954615377
0.5400893274413906
0.5401134370068787
0.5401413086220626
0.5401757106014239
0.5402161581845892
0.5402636914119054
0.5403194245507118
0.5403846422890463
0.5404610291888102
0.5405505447383949
0.5406554720053978
0.5407784694246828
0.5409226224187713
0.5410915211392454
0.5412893381614494
0.5414844025964168
0.5416701196007145
0.5418488372455322
0.5420276289298802
0.5422250608030603
0.542519825899919
0.5427712644155657
0.5429724244941112
0.5431748459998916
0.5433930077071077
0.5436388848028387
0.5438693813031331
0.5441110823745684
0.5444113773252773
0.5447605277130824
0.5451095776131484
0.5454451422606938
0.5458081122753331
0.5462412012950967
0.5467109182530353
0.547219605301766
0.5478447750009003
0.548360430710162
0.5489345494674036
0.5495566080492552
0.5498999999999999
0.549914688870792
0.549944066612376
0.549972033306188
0.55
0.5500146888707921
0.5500309365400293
0.5500529596172582
0.5500855208179362
0.550116462101071
0.550153144370912
0.550195359379721
0.5502422678059758
0.5503031170303079
0.5503992261412688
0.5505071053839218
0.5506081629396509
0.5507107127360384
0.5508325975424303
0.5509835962488198
0.5510962106280382
0.5511989961982132
0.5513066365691263
0.5514267049657294
0.5515761788965358
0.5517681430513197
0.5519792517695312
0.5521374920982971
0.5522819974718799
0.552480656597605
0.5526468533135359
0.5527850277608761
0.5529323344074603
0.5530938205095818
0.5532497413402955
0.5534351202609279
0.553554692969756
0.5536767528702473
0.5537882771829132
0.5538988841363497
0.554029603295226
0.554198658315426
0.5543677335594459
0.5545178258972079
0.5546746006755272
0.5548507852421198
0.5550695325432659
0.5553550873325566
0.5557735314365851
0.5564584655857702
0.5576204983360381
0.5589562933349418
0.5599
0.5599069715295286
0.559920914588586
0.5599488007067006
0.5599727510621946
0.5599863755310973
0.56
0.5600069715295287
0.5600149868065518
0.5600292187515326
0.560043356757474
0.5600589897303669
0.5600743967223601
0.5600902879364494
0.5601034859520982
0.5601148928789192
0.5601263211922318
0.5601394496990728
0.5601620729015541
0.5601796374616997
0.5601949780519636
0.5602113871999088
0.5602298584065432
0.5602532421370147
0.5602854889647133
0.5603351565183241
0.5604082995708978
0.5604902144804996
0.5605817488881426
0.5606916982124469
0.5608273233267762
0.5610119900275584
0.5613066594507974
0.5618959982972753
0.5628586014131536
0.5645611680604871
0.567966301355154
0.5699
0.5699124508580535
0.5699373525741607
0.5699686762870804
0.5699843381435402
0.5700000000000001
0.5700124508580536
0.5700237768574881
0.5700396234777032
0.5700647919550814
0.5700869812972598
0.5701074509778736
0.5701302639958846
0.5701604813843948
0.5701952529804629
0.5702252814816389
0.5702580042095159
0.5702962306773127
0.5703475229913949
0.5704298828593478
0.5705946025952536
0.570823722124878
0.5711933071456438
0.5719324771871753
0.5734108172702385
0.5763674974363647
0.5799
0.5799074707926374
0.5799224123779122
0.5799408744645712
0.5799597702990421
0.5799771782900004
0.5799885891450002
0.58
0.5800074707926374
0.5800167172859372
0.5800295082979674
0.5800454658926859
0.5800629065157936
0.5800838114153959
0.5801040497116675
0.5801265495855996
0.580153813873557
0.580193223911699
0.5802396007333609
0.5802935383488371
0.5803563354953671
0.5804293365168397
0.580514675731001
0.5806147082624131
0.5807320673533188
0.5808697917551395
0.5810299773236717
0.581213353743889
0.5814014443287377
0.581554913050119
0.5816855777255588
0.5818066982725004
0.5819305810769545
0.5820932872282798
0.5821864811038618
0.5822824318694855
0.5823661890614855
0.5824397288612536
0.5825129830711074
0.5825934785960072
0.5827108230386783
0.582819983781168
0.582907143491566
0.5829947020500397
0.5830895125578307
0.5832012871595396
0.5833183500333314
0.5834100601377966
0.5834939583287704
0.583582590480808
0.5836975413218142
0.5838386729361082
0.583956108583821
0.5840735220832316
0.5842047882281469
0.5843610323094526
0.58456640313929
0.5847794354809029
0.5850030708980941
0.5852524938029142
0.5855478600173474
0.585908290150251
0.5863895277644522
0.5871043005433503
0.5881891365306166
0.5894932574440327
0.5899
0.5899170912743233
0.5899512738229701
0.589975636911485
0.59
0.5900170912743233
0.5900345712661553
0.590057194275947
0.5900911367019209
0.590125778342096
0.590161508110393
0.590203278860494
0.5902612600827938
0.5903416436455082
0.5904200803072741
0.5904941961600554
0.5905749969290485
0.5906712592607007
0.5907838541947601
0.590899192191863
0.5910217810154923
0.591165072402943
0.5913253074698737
0.5915061798260074
0.5917296912910917
0.5920317062505527
0.5925011439082791
0.593440019223732
0.5950820953748748
0.5977658712828647
0.5999
0.5999062894175599
0.5999188682526796
0.59993570367431
0.599952148391598
0.599968684263619
0.5999843421318095
0.6
0.6000062894175598
0.6000149192895015
0.6000282773094282
0.6000456626932137
0.6000632274957878
0.6000823541141306
0.6001035446880104
0.6001294619020128
0.6001608288088711
0.6001984671665671
0.6002423869208977
0.6002906939288833
0.6003347227509177
0.6003774292092428
0.6004248477531028
0.6004740890257882
0.6005256574831025
0.6005702003564919
0.6006144148424372
0.6006598367871667
0.6007028417983776
0.6007380590216095
0.6007677680198182
0.6007984359304744
0.6008313623221293
0.6008658008772761
0.6008968664778529
0.6009295372358072
0.6009667392018292
0.6010131881107996
0.6010773910965205
0.6011328170820534
0.6011784293703503
0.6012201466849164
0.6012627947720955
0.6013026929152334
0.6013466221031171
0.6013802578703202
0.6014098884634422
0.6014392043203165
0.6014706852115539
0.6015115503013354
0.6015505508625655
0.6015898494027543
0.601627595959637
0.6016671825398079
0.60171189751014
0.6017667618086312
0.6018361129298216
0.6019323731446443
0.6020774643754552
0.6023272250407106
0.602751095645942
0.6032287689609007
0.6037620860967801
0.6043704640022882
0.6050695884675248
0.6058883389878641
0.6068586923270117
0.6080233960127045
0.6094333749373275
0.6099
0.6099088026807106
0.6099264080421317
0.6099559651111881
0.609977982555594
0.6099889912777969
0.61
0.6100088026807106
0.610017816036294
0.6100298127789326
0.6100530022775336
0.6100697264236287
0.6100851482412136
0.6101029624772738
0.6101273792957479
0.6101514031750844
0.6101734404482952
0.6101980540163057
0.6102268894880212
0.6102660383272562
0.6103287031323377
0.6104089193524018
0.6105010692543652
0.61060753704039
0.6107311020199131
0.6108360080300985
0.6109240627039645
0.6110022621913489
0.6110757064655615
0.6111493701454627
0.6112220254919111
0.6112765753418256
0.6113201127314947
0.6113619003031331
0.6114098033661542
0.6114587320838215
0.611502081041782
0.6115404969152441
0.6115771582780805
0.6116160450650694
0.6116681607250896
0.6117268576291945
0.6117707919553972
0.6118138646075288
0.6118605815623283
0.6119156053612025
0.6119728544093441
0.6120321795974291
0.6120868851110547
0.61212972519603
0.6121688377572142
0.6122089143332237
0.612255450741625
0.6123129505396538
0.6123711267881341
0.612422984707388
0.6124765676564685
0.6125359792944762
0.6126025926038653
0.6126782828310471
0.612763798889776
0.612866193884104
0.6129911200012405
0.6131251298741902
0.6132729254555984
0.6134458692261973
0.6136503500821181
0.6138995734963573
0.6141139902326388
0.6143132254019245
0.6145614766658211
0.6148329264460689
0.6151228747879178
0.6155723523301767
0.6161544034577674
0.6172483775503101
0.6185482222821652
0.6199
0.6199092227785888
0.6199276683357665
0.6199524056819439
0.6199756441582172
0.62
0.6200092227785888
0.6200215551682352
0.6200418295893374
0.6200639211622199
0.6200871254809142
0.6201139117866119
0.6201449764484388
0.620185996457864
0.6202264392610679
0.6202660426566393
0.6203049044434269
0.6203500896190722
0.6203870167151041
0.6204219038739537
0.6204463496146799
0.6204639644722947
0.6204785861008474
0.6204921135226062
0.62050687217991
0.6205172561168462
0.6205299738889875
0.6205402020460724
0.6205489419735052
0.6205574866905103
0.6205665123344107
0.6205780291169939
0.6205909544114429
0.6206021239821757
0.6206126995429341
0.6206238685879433
0.6206364472034362
0.6206521359368602
0.6206684976657175
0.6206846742217131
0.6207017974429255
0.6207207516674156
0.6207417968746421
0.6207645020502807
0.620789883795618
0.6208199337140352
0.6208560122213106
0.6208978442148618
0.620938721767884
0.6209853466191096
0.6210434962631427
0.6211041720231273
0.6211668689761
0.6212334576196132
0.6213144157691474
0.6214016017818873
0.6214950409784922
0.6215949420426664
0.621616932374909
0.6216609130393942
0.6216926320113683
0.6217204111450293
0.6217502312766068
0.6217769495644693
0.6218068932540839
0.6218489498371861
0.6219011556378083
0.6219695383897231
0.6220597636145991
0.6221773884467016
0.6223454415363469
0.6225249617132103
0.6227005423742136
0.6229233018191805
0.6231889689086965
0.6234419240440379
0.6237127880070503
0.6241315065139396
0.6246130497565215
0.6252121800073295
0.6257866619369573
0.626319886778322
0.6269223686484682
0.6276257544289289
0.6285696928972995
0.6299
0.6299065829584451
0.6299197488753354
0.629946080709116
0.6299700526544706
0.6299850263272353
0.63
0.6300065829584451
0.630014647582548
0.6300293071897921
0.6300540136729317
0.6300799229752004
0.6301089349618999
0.630142027474635
0.6301801323661853
0.6302247669873546
0.630274273980189
0.6303268742694773
0.6303842545585634
0.630447723458787
0.6305183437174661
0.6305970837722534
0.6306706944232696
0.6307406026561173
0.6308144873222838
0.6308722378396625
0.6309428680509304
0.6309943317882792
0.6310182921787172
0.6310435496510438
0.631066146411697
0.6310879329675839
0.6311097453968574
0.6311305994177047
0.631154402427137
0.6311846345188886
0.6312122533530793
0.6312414787310026
0.6312645870434714
0.6312883092057507
0.6313123559554633
0.6313373028897006
0.631369736563515
0.6314278156057547
0.6315015325929558
0.6315843648197407
0.6316495063350986
0.6316999601171519
0.6317464619874577
0.6317954742616789
0.6318621602746503
0.6319350635496194
0.6319971311132169
0.6320597395706767
0.6321291482499314
0.6322042711995605
0.632301180965766
0.6324319110723389
0.6325564058418917
0.6326843108876531
0.6328242024392329
0.6329869911587495
0.6331804688910189
0.6334276483412924
0.633649470561094
0.6338828198556941
0.6341824542634581
0.6346735404337484
0.6353073571284205
0.6360360085787434
0.6368755665254546
0.6378507875885813
0.638921389440669
0.6399
0.6399063636273928
0.6399190908821785
0.6399445453917497
0.6399649063316877
0.6399824531658438
0.639991226582922
0.64
0.6400063636273928
0.6400127424701733
0.6400245192206603
0.6400428652636939
0.6400614078862545
0.64008401526246
0.6401095371284009
0.6401446226184381
0.6402144449994188
0.6402780317717732
0.6403285768353727
0.6403735945239053
0.6404171208764304
0.6404677170850758
0.640512319820229
0.6405582944771077
0.6406012705561948
0.6406445075189722
0.6406894633487892
0.6407317702027421
0.6407667863435469
0.6407975138953965
0.6408309212937355
0.6408622984207774
0.6408965687578053
0.6409290212108695
0.6409632612317513
0.6410040720406253
0.6410529485899602
0.6411197906163186
0.6411803065607554
0.6412300125612819
0.6412752224697473
0.6413216373944375
0.6413616862836695
0.6414079931948928
0.6414441349840535
0.6414760379957015
0.6415079272467649
0.6415426818413392
0.6415900421986657
0.6416470641083138
0.6416894903061433
0.6417310131637568
0.641775867114303
0.6418295181674931
0.6418966060855135
0.6419899410193924
0.6421312835040744
0.6423809019045181
0.6428414345805277
0.6433574290416143
0.6439328417638918
0.6445911855890636
0.6453493254911811
0.6462397563301615
0.6472988107616755
0.648571734388295
0.6499
0.6499033296372695
0.6499099889118084
0.6499233074608862
0.6499358772439155
0.6499490282717155
0.649961263468467
0.64997252579999
0.6499836423525404
0.6499918211762702
0.65
0.6500033296372695
0.6500075177271202
0.6500138443129547
0.6500226587377467
0.6500299845217864
0.6500376142278712
0.6500475778822792
0.6500613884364197
0.6500714006729398
0.650081507814511
0.6500929317006234
0.6501071374963203
0.6501273713086902
0.65015629435975
0.6501897744116732
0.650232438841221
0.650282024989153
0.6503406042927549
0.6504009185299453
0.6504657933686604
0.6505446627663418
0.6506282331773389
0.6507240759269001
0.6508442101478226
0.6510113282039633
0.6512473644228521
0.6516200589718399
0.6523654480698156
0.6537090582182516
0.6562203541323413
0.6599
0.6599055905783304
0.6599167717349912
0.6599391340483127
0.6599556050243593
0.6599705092319871
0.6599872418810923
0.66
0.6600055905783304
0.6600127005075271
0.6600262815706534
0.6600408523716127
0.6600559397091503
0.660074247155119
0.6600918775497696
0.6601117948360539
0.6601375674722828
0.6601713967259609
0.6602110270796013
0.6602515813734375
0.6602959785534616
0.6603476832770343
0.6604047416607502
0.6604743119067126
0.6605652697555283
0.6606748411095625
0.6608258831832684
0.6610765145478015
0.6614821705178244
0.6620130029456986
0.6627149655096655
0.6636895484481711
0.6651837528262657
0.668006990335813
0.6698999999999999
0.669904812946887
0.669914438840661
0.6699336906282092
0.669948041326204
0.6699631043528914
0.6699820484858192
0.67
0.6700048129468871
0.6700141092189841
0.6700272584417708
0.670041829776076
0.6700584482905746
0.6700763148526844
0.6700977559708268
0.6701240658966424
0.6701553908568747
0.6701947907718359
0.6702376688102507
0.6702851717302668
0.6703378228136849
0.6704023269820287
0.6704830661920002
0.6705955842752294
0.6707826368365544
0.6710746375186805
0.6714828038801387
0.6720260775510379
0.6728273692043257
0.6742655669635591
0.6771419624820258
0.6799
0.6799054090374442
0.6799162271123328
0.6799378632621099
0.6799568836521348
0.6799766712687335
0.68
0.6800054090374443
0.6800162271123329
0.6800318059162249
0.6800492751478843
0.6800690370185603
0.6800920105831187
0.6801190395586932
0.6801567990212499
0.6802013784215288
0.6802495191427563
0.6803013251378253
0.6803547840199614
0.6804071654724515
0.6804575097309196
0.680507666396264
0.6805631870299133
0.6806246689253874
0.6806866580626131
0.6807397919273165
0.6807928840413551
0.680847843805076
0.6809000365124547
0.6809429215796583
0.6809791639639625
0.6810165739789595
0.6810566516466874
0.681098604969657
0.6811364623528732
0.6811762922787137
0.6812216761688477
0.6812784221674626
0.681353115233486
0.6814151450696202
0.681467605688707
0.6815174039812321
0.6815721176897047
0.6816085990345315
0.6816534905288163
0.6816920060557481
0.6817268373898233
0.6817624885920511
0.6818021660054144
0.6818585768213211
0.6819183761594505
0.6819650605356514
0.6820115264874523
0.6820617486664324
0.682121915346953
0.6821971844368425
0.6823014993049058
0.6824583071457875
0.6827234306340259
0.6831976491851908
0.6837309920396423
0.6843270444176414
0.6850082227946923
0.6857931038195164
0.6867165314867064
0.6878195861585404
0.6891594833017929
0.6899
0.6899121679511815
0.6899365038535445
0.6899682519267722
0.6899841259633861
0.6900000000000001
0.6900121679511816
0.6900262119567213
0.6900446714051922
0.6900738439860221
0.6901047841514063
0.6901376246642068
0.6901723247114834
0.6902148748355519
0.6902687945540887
0.6903224668342823
0.6903760135094262
0.6904384812122433
0.6905144943049525
0.6906075713657047
0.6906914760843075
0.6907671163565929
0.6908397248886505
0.6909116384121222
0.6909818500523057
0.6910361382953136
0.6910791253120045
0.6911199635579569
0.6911661684638598
0.6912138998301968
0.6912587458987624
0.691297493940631
0.6913330932616603
0.6913689822545619
0.69141110634444
0.6914715722314222
0.6915167337864507
0.6915572675052263
0.6916001393206433
0.691648492181471
0.6917039151816196
0.6917576366568821
0.6918029569757129
0.6918509408237375
0.6918916114369672
0.6919294845621009
0.6919691562957375
0.6920153240766641
0.6920720546779274
0.692128608516797
0.6921792966132739
0.6922317616766732
0.6922899830238095
0.6923552033559371
0.6924292076669637
0.6925127731559165
0.6926127970937636
0.6927348649565612
0.6928658675412109
0.6930100918915459
0.6931786290647777
0.6933773930634751
0.6936258478035834
0.6938142440312844
0.6940110637141944
0.6942485432603718
0.6945005955459872
0.6947908573485347
0.6952752951418425
0.6959051972905361
0.6969727509126836
0.6982318872947169
0.6997255565843354
0.6999
0.6999042671745378
0.6999128015236135
0.6999298702217648
0.6999447697643882
0.6999607431094905
0.6999811295759414
0.7000000000000001
0.7000042671745379
0.7000128015236136
0.7000255779697646
0.7000410792737625
0.7000557179404674
0.700072760212504
0.7000938027110838
0.700118371258512
0.7001445968415532
0.7001752152168037
0.700215878164938
0.7002626900292791
0.7003188637267693
0.7003787321591628
0.7004385679761508
0.7005074504952558
0.70056708327651
0.7006353779391705
0.7006970357247654
0.7007589092804941
0.7008267860885589
0.7009074007660353
0.700998831372242
0.7010723285031386
0.7011277755790655
0.7011786450101494
0.7012431876744768
0.7013098088519513
0.7013627798962121
0.7014177930417669
0.7014798021867695
0.7015598216712005
0.701639157128553
0.7017082666136284
0.7017743022494103
0.7018493005908445
0.701899950358788
0.7019556975109253
0.7020046068346364
0.7020502800563792
0.7020990018614457
0.7021583689110984
0.7022184758276906
0.7022840425362187
0.7023450538338779
0.7024084126413895
0.7024795927760713
0.7025669205515722
0.7026777372310669
0.7028344469993636
0.7030838738371821
0.7034912703511486
0.7040906117726982
0.7047673895655536
0.7055349853282695
0.7064210594134918
0.7074590577656654
0.7086850531762544
0.7099
0.7099060643005682
0.7099181929017048
0.7099424501039778
0.7099595215394504
0.7099757066443897
0.7099878533221948
0.71
0.7100060643005682
0.7100146879586618
0.7100288685588296
0.7100461241803779
0.7100631423397641
0.7100820640988794
0.7101021935295236
0.7101270956733139
0.7101573679377332
0.7101944860396261
0.7102411738033678
0.7102955843978832
0.7103589048089208
0.7104327750538221
0.710519086845327
0.7106202754880876
0.7107391087277816
0.7108788221105453
0.7110418666668549
0.7112318098809541
0.7114528884444324
0.7117097313667595
0.7120070651237229
0.712293845838063
0.7125449232555274
0.7127736847199008
0.7129972830665873
0.7132439897321188
0.7136180381876241
0.71392879037623
0.7141872538219974
0.7144553576884342
0.7147547600491193
0.7150263440919424
0.715303804716463
0.7156347807695499
0.7160838467114069
0.7164934121447181
0.7168874264874169
0.7172852529627899
0.717793212695336
0.7182240180468916
0.7186998931493368
0.7192619376814173
0.7199
0.719904049757716
0.7199121492731482
0.7199283483040124
0.7199455288484022
0.7199617635800797
0.719982924864466
0.719991462432233
0.7199957312161165
0.72
0.720004049757716
0.7200074038804
0.7200141121257678
0.7200275286165035
0.720045584213929
0.7200639010848915
0.7200845924701273
0.7201084678706005
0.7201274510132495
0.7201429262620141
0.7201567210054978
0.7201698522451234
0.7201839114491916
0.7202032120281565
0.7202222093909427
0.7202359313658081
0.720247891499451
0.7202584630935397
0.7202677239361082
0.7202762337059394
0.720284618593482
0.720293951117386
0.7203073216035107
0.7203182628066743
0.7203273859460385
0.7203366689436477
0.7203466797194501
0.7203587669857534
0.720373737010116
0.7203873753279822
0.7203998662526169
0.7204112054474536
0.7204211315220099
0.7204299600907009
0.7204382829758881
0.7204469377607081
0.720457610019867
0.7204666158013374
0.7204746339289918
0.7204825214276378
0.7204910434268045
0.7205011617417826
0.7205133661023159
0.7205232499064423
0.7205329384680946
0.7205435826319123
0.7205556861777126
0.7205705791203448
0.7205885512521382
0.7206125748208857
0.7206313593138476
0.7206514254319044
0.7206697312762758
0.7206873965028641
0.720705693172888
0.7207251887549683
0.7207469546954139
0.7207738730745182
0.7208099375288808
0.7208389397680861
0.7208642816631716
0.7208901425255627
0.7209180322530622
0.720951389728435
0.7209921189497843
0.7210458774301745
0.7211209692028816
0.7212351658681297
0.7213821800103076
0.7215302410393802
0.7216855337780946
0.7218560542566099
0.722056839644636
0.7222822420055226
0.7224726535106725
0.722635458574907
0.7228088632692558
0.7229680368100706
0.7231389628683134
0.7233014849656519
0.7234744538431948
0.7236516592522056
0.723835914071177
0.7239658077770846
0.7241268242022316
0.7242594792077003
0.7243818090989338
0.7245161500567042
0.7246979007503114
0.7249257092704952
0.7250991702109136
0.7252735906442848
0.7254678920136433
0.7257063720312563
0.7260194616311679
0.7264924388999523
0.7273320515004124
0.7286802962961229
0.7299
0.7299040566219261
0.7299121698657784
0.729928396353483
0.7299428939410221
0.7299579961021097
0.7299785447173592
0.7299892723586796
0.73
0.7300040566219261
0.7300094938785626
0.7300203683918356
0.7300343745329434
0.730048382171586
0.7300638929487128
0.7300818460114249
0.7300998613941485
0.7301191322613454
0.7301341078806157
0.7301475467547257
0.730161615687513
0.7301790641323622
0.7301969206096989
0.7302160284405741
0.7302345379292658
0.7302542744013135
0.7302776229180872
0.7303059812654047
0.7303446518621306
0.730402416939911
0.7305026801430894
0.7307032065494461
0.7309360953993903
0.7310810469176023
0.731243342887989
0.731375749780994
0.7314419532274965
0.7315550848862156
0.7316810237446347
0.7318694060400602
0.731938054941625
0.7320753527447545
0.7321119966575713
0.7321852844832049
0.7322008494373317
0.7322319793455853
0.7322378584423693
0.7322496166359375
0.7322633428259264
0.7322775494265231
0.7322904694754454
0.7323018205279314
0.7323142045518629
0.7323222494440478
0.7323311164862787
0.7323378804236681
0.7323453664644488
0.7323527861747234
0.7323602218197794
0.7323696622652901
0.7323855305708629
0.7324148534004714
0.7324476056546413
0.7324840979427314
0.7325258197555248
0.7325735428150192
0.7326287852273854
0.732693180433149
0.7327684097357612
0.7328554293412572
0.7329562252644626
0.7330731106367117
0.7332087562742571
0.7333662930055043
0.7335493458363885
0.7337620854348259
0.7340093996722199
0.7342969746335174
0.734631500341471
0.7350209040517257
0.7354746096035393
0.7360040679606854
0.7366233936531901
0.7373504208369364
0.7382083159778334
0.7392281280902632
0.7399
0.739906153246681
0.7399184597400429
0.7399430727267667
0.7399646930452606
0.7399823465226303
0.74
0.740006153246681
0.7400159955282823
0.7400292596966233
0.7400511326871866
0.7400734600994966
0.7400971826994047
0.7401243597650559
0.7401557694770036
0.7401927028987719
0.7402362859102477
0.7402875915085084
0.7403464008104118
0.7404162173268762
0.7404946841287926
0.7405805306099502
0.7406290005016158
0.7406764421225307
0.7407272296486005
0.740779565217238
0.7408261288277732
0.7408815528391981
0.7409880321418579
0.7411031325192259
0.7412210058398195
0.7413674897543472
0.7415634838644252
0.7418519705567985
0.7421409058012527
0.7424255243891045
0.7427232747941032
0.7430686750711435
0.7435999196906959
0.7439726378914664
0.7442936564269161
0.7446269810575388
0.7449905784014608
0.7453989029352132
0.7458669756571659
0.74658235880221
0.7472995508683755
0.7479203771661793
0.7485898097438639
0.7493723066702607
0.7499
0.7499094144113865
0.7499282432341594
0.7499655306489423
0.7499827653244712
0.75
0.7500094144113865
0.7500204529333309
0.7500379465623915
0.7500645422382011
0.7500913260034019
0.7501217459951061
0.7501598747603427
0.7501989617383436
0.7502469969253444
0.7503056200185808
0.7503606136657355
0.750415116529598
0.7504714074105505
0.7505281688242285
0.750580479325237
0.7506265239855502
0.7506715150658412
0.7507293428737538
0.7507923135417365
0.7508406742873974
0.7508896773228924
0.7509414129884033
0.7509864307941191
0.7510304993902432
0.7510804703120546
0.751128325949865
0.7511752270151895
0.7512190680865909
0.7512578280934133
0.7512947564966026
0.7513339080155327
0.7513855625793665
0.7514455838388205
0.7514898073176561
0.7515327573265265
0.7515791636972772
0.7516335687016112
0.7516957262942157
0.7517538605781778
0.7518130676350454
0.7518587305277418
0.75189936774164
0.7519406353030534
0.7519880505545289
0.7520465872724647
0.7521091578205462
0.7521633231201639
0.7522185773044922
0.7522794480097159
0.7523477515755636
0.7524258440411702
0.7525139325548104
0.7526192613354615
0.7527474212134994
0.7528860154388778
0.7530389945628797
0.75321847932934
0.7534303452914731
0.7537003621959114
0.7540687499555875
0.754624408506413
0.7553881312079547
0.7562754204734959
0.7573189683217402
0.7585509859210045
0.7599
0.75991787099379
0.7599536129813701
0.76
0.76001787099379
0.760045460259166
0.7600812327852496
0.7601264297304796
0.7601762358135198
0.7602317977192816
0.7603015669486292
0.7603963767441294
0.7605081966512969
0.7606268608942572
0.7607653603910746
0.7609226625595485
0.7611108123704108
0.7613113805726359
0.7615338120667825
0.7617910688637912
0.7620899914694038
0.7624753497297206
0.7630484586274949
0.7640832519574472
0.7654082995391349
0.7670543358914973
0.7690877376425097
0.7699
0.7699215137472926
0.7699645412418776
0.77
0.7700215137472926
0.7700493516769549
0.7700821987943004
0.7701308752390983
0.7701869191109554
0.7702472831050049
0.7703100599483943
0.770382811842461
0.7704703061484638
0.7705708706731691
0.770672623256083
0.7707908283764112
0.7709317215596336
0.7711004535346068
0.7712775697130917
0.7714360400966698
0.7716487261418964
0.7718281122595986
0.7719942051191676
0.7721827405016868
0.7724277094476558
0.7727432282687957
0.7731121800210576
0.7735840170248894
0.7742533121987571
0.7752550669297129
0.7766037877907022
0.7782244225007817
0.7799
0.7799102872278924
0.779930861683677
0.7799720105952462
0.78
0.7800102872278923
0.7800272714731973
0.7800531365994595
0.7800870863240513
0.7801198487954959
0.7801603807377983
0.7802055378402802
0.7802594955134183
0.7803399321108484
0.7804360999951467
0.7805441581902123
0.7806587271847348
0.7807350466480606
0.7808162256401466
0.7808805827456526
0.7809332358190597
0.7809833566794426
0.7810388342873017
0.7810726142062907
0.7811143775792059
0.7811491092609941
0.7811790776463031
0.781208913043414
0.7812414562244578
0.7812877874945104
0.7813341037595061
0.7813705737852883
0.7814069310245676
0.781446259257143
0.7814922489786544
0.7815488369648246
0.7816021420084851
0.781643377252558
0.7816783070216421
0.7817116278338834
0.7817469287085108
0.781791630915424
0.7818349742564628
0.7818817873565943
0.7819261858394223
0.7819723222268958
0.7820239722169484
0.7820865308477125
0.7821644429999363
0.7822704263289577
0.7824252483057009
0.7826369532170501
0.7828698421746314
0.7830974890181197
0.783293004960022
0.7834692945283338
0.78366547947238
0.7838515884083495
0.7840422543900879
0.784226102239071
0.784423116383762
0.7846171326337756
0.7848630231542709
0.7850678409666466
0.785213130055614
0.7853491148030203
0.7854977425692945
0.7857216383943492
0.7859399885922939
0.7861247135652091
0.7863187320796166
0.7865370211431614
0.7868091427315383
0.7871865905924391
0.7877238458772222
0.7886770397024907
0.7899
0.7899136940574408
0.7899410821723224
0.7899705410861613
0.79
0.7900136940574408
0.7900294615361757
0.790050031918043
0.7900839873620707
0.7901216799611235
0.7901649132294128
0.7902118873016601
0.7902580824859805
0.7903096821231814
0.7903654799063191
0.7904330348541541
0.7905059141525621
0.7905768454625275
0.7906523466415852
0.790743452784122
0.7908473705828413
0.7909341378495405
0.7910191282818014
0.7911101707637682
0.7912137646492466
0.7913425328679611
0.7915074505928608
0.7916543560529021
0.79176323817055
0.7918631294798175
0.7919933001448044
0.7921152955639287
0.7922145032879022
0.7923188652441034
0.7924373372028507
0.792560944673977
0.7926783750682015
0.7928072291031492
0.7928991676337099
0.793001083124048
0.7930882246842733
0.7931697493066776
0.7932581420649795
0.7933720856318538
0.7934863672704764
0.7936011858463949
0.7937129361348847
0.7938324149406248
0.7939700925728745
0.794143354180598
0.7943561199437496
0.7945646926838259
0.7947862709585056
0.7950643045294397
0.7953948388187067
0.7957100853860285
0.7960184699648796
0.7963610368744676
0.7967633318855823
0.7972197210986187
0.7977527178759829
0.798208709305637
0.7987594817909198
0.7994139074801991
0.7998999999999999
0.7999500118209288
0.8
0.8000500118209289
0.8000924639661506
0.8001553460811244
0.8002620642739394
0.800361668921736
0.8004656570933848
0.8005859080858635
0.800733009427303
0.8009107417717484
0.8010808253773742
0.8012573377384312
0.801468401642928
0.8017129644753503
0.8019830847902778
0.8022574076171826
0.8025722061208329
0.8029310925440235
0.8033528179185973
0.8038887338559336
0.8046341194729407
0.8059865962932412
0.8086915499338422
0.8099
0.8099078691236518
0.8099236073709554
0.8099550838655626
0.8099775419327813
0.81
0.8100078691236519
0.8100179781872754
0.8100362970641043
0.8100671047767509
0.8100979162905527
0.810131797608372
0.8101762536276536
0.8102237273119078
0.8102817437134094
0.810332205361777
0.8103750698865474
0.8104150322765434
0.8104553993307336
0.810503766040006
0.8105377168494544
0.8105781725072965
0.8106121483590641
0.8106407069974685
0.8106666601101117
0.8106910575644686
0.810716022716545
0.810745668936957
0.8107725624924004
0.8108031780705861
0.8108309750571139
0.8108588746758277
0.8108894641224094
0.8109247767553808
0.8109656603396033
0.811011004526313
0.8110574284345768
0.8110980769105942
0.8111300038330612
0.8111590380683102
0.8111882805692664
0.8112214954668613
0.811272754562399
0.8113193300456385
0.811357582490995
0.8113965847705258
0.8114388923060877
0.8114900392631772
0.8115540540667812
0.8116421148910631
0.8117722322359372
0.8118946787366017
0.8120217676638068
0.8121778425426849
0.8123952069403994
0.8127208024240978
0.8131470258351932
0.813670325057542
0.8142733561621175
0.8149724063148279
0.8157935351364711
0.8167766494942871
0.8179572096791632
0.8193408593986364
0.8199
0.8199111914712639
0.8199335744137918
0.8199667872068959
0.819983393603448
0.8200000000000001
0.820011191471264
0.8200253553519992
0.8200431259477836
0.8200699987199747
0.8201019216106248
0.8201364112665266
0.8201715428532824
0.8202081636270868
0.8202517872156351
0.8203053884017509
0.8203597642696169
0.8204155060295318
0.8204809618688657
0.8205420983291312
0.8206022816109778
0.8206720190412702
0.8207387364256427
0.8208061233211477
0.8208677837794741
0.8209299155539594
0.8209955353954935
0.8210599422703614
0.8211144620072623
0.8211610266232949
0.8212089653969707
0.8212601239965964
0.8213137564979281
0.8213619604860386
0.8214126604963394
0.8214705042363644
0.8215430828867292
0.8216322635562854
0.8217073512548093
0.8217730475468342
0.8218382847282454
0.8219225529451979
0.8219925034861495
0.8220423359276939
0.8220877487449632
0.8221339448214163
0.8221888972283757
0.8222493685565252
0.8223140636426591
0.8223732848248263
0.8224346588688728
0.8225033185311178
0.822587241176229
0.8226903703141143
0.8228074600958006
0.8228836929136677
0.8229766064330286
0.823055899282786
0.8231283064386777
0.8232050125711453
0.8232974254103105
0.8233979458614998
0.8235057020204858
0.8236047110249614
0.8237075977944333
0.8238230819200497
0.8239645655077951
0.8241451058296826
0.8244005181216131
0.8247973855949084
0.8255169813333968
0.8265315716317546
0.8276886668037295
0.8290180078277529
0.8299
0.8299096599842183
0.8299289799526549
0.8299676198895282
0.8299838099447641
0.8300000000000001
0.8300096599842184
0.8300227600720145
0.8300412031766277
0.8300649900654503
0.8300900699966375
0.8301150875938649
0.8301427684599068
0.8301720837124986
0.8302089421678907
0.8302459433825716
0.830288386509063
0.8303313098101777
0.8303794706359775
0.8304397553417098
0.8305076439439993
0.8305766734759737
0.8306552797525695
0.8307531971101223
0.8308791318705882
0.8310776172995927
0.831287566295458
0.8314527322458133
0.8316287484379189
0.8318627836866085
0.8320322888901356
0.832210423154236
0.8324526844902418
0.8328083546677238
0.833519695022688
0.8345007757008231
0.8356319045631095
0.8369660702479791
0.8385640314360348
0.8399
0.8399143942163574
0.8399431826490722
0.839971591324536
0.84
0.8400143942163574
0.8400310934496704
0.8400525980243032
0.840088611287124
0.8401237721825477
0.8401622584527128
0.8402108231998755
0.8402622868653413
0.8403217640314282
0.8403972785679324
0.8404858548771763
0.8405897741395181
0.8407115268811454
0.8408538886191036
0.8410206498863384
0.8411438516392414
0.8412635658839487
0.8413944481721084
0.8415086363257398
0.8416342760756574
0.8418855555754927
0.842267079836008
0.8427068005686601
0.8432095144523475
0.8437827870536841
0.844345572432172
0.844914148268067
0.8455270136647294
0.8462908009162817
0.8470085852800613
0.8477400483354196
0.8484257009216695
0.8491339085173415
0.8499
0.8499080801348226
0.8499242404044677
0.8499565609437579
0.849978280471879
0.85
0.8500080801348225
0.8500180133558037
0.8500326505980522
0.8500546537241346
0.8500762669055713
0.8500997932255786
0.8501261057966145
0.8501579845914387
0.8501895164670531
0.8502243521537429
0.8502683204610166
0.8503136172956387
0.8503602595736901
0.8504159534603729
0.8504579737624312
0.8505013112507861
0.8505386384594078
0.8505695625483649
0.8505969647204439
0.8506246724759728
0.8506623861105658
0.8507015397495942
0.8507328855799222
0.8507645211873586
0.8507953991808295
0.8508278714428407
0.8508673070822714
0.8509114510598383
0.8509569888405736
0.8509983393597358
0.8510410363879736
0.8510885711498439
0.8511463581933306
0.8512193888373827
0.8513208492605899
0.8514741979006027
0.8517404833895318
0.8521885327720125
0.8528017517815236
0.8536911116735694
0.8547541641918907
0.8559646581352767
0.8573504449348983
0.858914322509592
0.8599
0.8599066674826942
0.8599200024480825
0.8599466723788592
0.859972301445394
0.859986150722697
0.86
0.8600066674826942
0.8600145552558052
0.8600303308020272
0.8600511431471554
0.8600734193435539
0.8600949302309467
0.8601165821894665
0.8601418351766789
0.8601732159269434
0.8602074836795724
0.8602393696460616
0.8602745488460628
0.8603176811176121
0.8603733850457512
0.8604594263540184
0.8605762827786008
0.8607540081299545
0.8610725181626486
0.8614873679572786
0.8620171770905457
0.8626176276983064
0.8630404203165247
0.8635225846752627
0.8639100736292685
0.8643049700628213
0.8647410901043475
0.865254089039195
0.8661577629445086
0.8675772075995964
0.8692434160720914
0.8699
0.8699292181164309
0.8699646090582154
0.87
0.8700292181164309
0.8700529957845066
0.8700846416961241
0.8701280279943678
0.8701740113538583
0.8702281084196094
0.8702849911397674
0.8703556727716439
0.8704412664322652
0.8705574790666238
0.8707516934350171
0.871099534479924
0.8716241056072102
0.8726732478617824
0.8742120053044017
0.8758312697373153
0.8771884769342738
0.8785288757371711
0.8798173429169909
0.8799
0.87995
0.88
0.8800707959414384
0.8801277437050363
0.8802020892424309
0.8803214828506996
0.8804420777464178
0.8805977127013859
0.8807714060275509
0.8810191114358372
0.8815145222524099
0.8822313767751682
0.8831323035887698
0.8842416143347294
0.8856153033837055
0.8873268886853731
0.8894545704051304
0.8899
0.8899072509630055
0.8899217528890164
0.8899507567410383
0.8899772249306132
0.89
0.8900072509630055
0.8900197191393959
0.89003736217854
0.890063722042944
0.8900888824884534
0.8901150759340534
0.8901441106793613
0.8901808172580382
0.890222020609175
0.8902627195463545
0.8903097069540243
0.8903703079834484
0.8904404647476831
0.8905210309559913
0.8906236731843712
0.8907143982498019
0.8908016118985579
0.8909102308775445
0.8910774486518582
0.8911964938706787
0.8913266669762551
0.8914607881767277
0.8915765479223617
0.8917172953350555
0.891998790160443
0.8925617798112181
0.8932909305044573
0.8942288203320257
0.8953304313075773
0.8966163321801621
0.8981823685816543
0.8999
0.89991360768048
0.89994082304144
0.89997041152072
0.9
0.90001360768048
0.900032032045349
0.9000570226781193
0.9000935495186027
0.9001336044827448
0.900174484032042
0.9002232742760008
0.9002782946384584
0.900343603654096
0.9004255699525188
0.9005231967697329
0.900640608387415
0.9007782680634046
0.9009292376429786
0.9010996945356541
0.9012958294967262
0.9015258995834683
0.9018070737081715
0.9021017322609374
0.9023799400650976
0.9025054413026967
0.9027307250448591
0.902978200349608
0.9033258755796485
0.9038190838611038
0.9048055004240143
0.9059960352551446
0.9073476941074521
0.9090535614853943
0.9099
0.9099327686370092
0.9099663843185046
0.91
0.9100327686370092
0.9100650613646455
0.9101098799372164
0.910173028444025
0.9102395673672198
0.9103182025864933
0.9104079240453187
0.9105157683308115
0.9106535478147831
0.9108689886819472
0.9111785304338003
0.911606963313635
0.912078531781113
0.9126757279777893
0.9135690893923686
0.9153558122215272
0.9183136021622086
0.9199
0.9199292711731146
0.9199646355865574
0.92
0.9200292711731146
0.9200597074325898
0.9200990171499683
0.9201589608055669
0.9202212835212835
0.9202996800757685
0.9203855451986633
0.9204986100702937
0.9206369270867297
0.9207977428733676
0.9209854505860696
0.9212045225071332
0.921461077946554
0.921762754569082
0.9221185854493246
0.9225398977701477
0.9230349748676916
0.9236059725625947
0.9242604218818019
0.9250296257651639
0.9259327711632127
0.9270451895092242
0.9284259190201167
0.9299
0.929906029128723
0.9299180873861691
0.9299422039010613
0.9299637797362902
0.9299818898681451
0.93
0.9300060291287231
0.9300144030104673
0.9300253899238693
0.9300431333099034
0.9300612653205689
0.930081308623666
0.930101281267626
0.9301180124984355
0.9301350186033794
0.9301572156628564
0.9301790801124434
0.9302011452616682
0.9302243175374462
0.9302445933470899
0.9302609467492341
0.9302762910572421
0.9302923401196185
0.9303120675813711
0.9303322859001262
0.9303542026945301
0.9303747048156169
0.9303960266791581
0.9304199578537635
0.9304490991010114
0.9304859568115
0.9305335278390988
0.930596080227367
0.9306573823174694
0.9307091822462332
0.9307647497917262
0.9308381691963881
0.9309456846573793
0.9311607155793616
0.9314943864589367
0.9319988105130224
0.9327164297848421
0.933568993358891
0.9346008873192182
0.9357807928590163
0.9371733196218665
0.9388886873204626
0.9399
0.9399104979663447
0.9399314938990343
0.9399657469495172
0.9400000000000001
0.9400104979663448
0.9400254149719541
0.9400479678285453
0.9400810473666154
0.9401185017597486
0.9401563403353689
0.9401968662973899
0.9402439447614371
0.940307197617826
0.9403726231367804
0.9404455541711607
0.9405330545896027
0.9406512003272299
0.9408503469654356
0.94123284556486
0.9417353967813332
0.9423777880163786
0.9432018005426366
0.9442572861626112
0.9456139336581684
0.9467963511935626
0.94774270551596
0.948747897148594
0.949761286526092
0.9499
0.9499113187227823
0.9499339561683471
0.94996877486415
0.9500000000000001
0.9500113187227824
0.9500294753195611
0.9500520835313752
0.9500827759692265
0.9501150647996853
0.9501540381700968
0.950197247438872
0.9502446190826394
0.9503015986272678
0.9503673250473795
0.9504509039172162
0.9505487152341788
0.9506517489115667
0.9507642777583178
0.9508984833826699
0.9510347893948119
0.9512090390600738
0.9514017382332869
0.9515917635392906
0.951828616412931
0.952103690850717
0.9525996162598072
0.9535914670779875
0.954944842739918
0.9565798057488738
0.9584934855351688
0.9599
0.9599111512903952
0.9599334538711856
0.9599667269355927
0.96
0.9600111512903952
0.9600261046623125
0.9600518965064166
0.9600845792861086
0.9601184920238461
0.960155006740208
0.9602009278823719
0.9602495998193086
0.9603114174527553
0.9604015655993827
0.9605139793967212
0.9606680814438222
0.9608620848100535
0.9610636540477827
0.9612970836708442
0.9616016214254547
0.9620877274394181
0.9629702270114108
0.9642763134232175
0.9666677856387771
0.9699
0.9699117059425192
0.9699351178275576
0.9699675589137788
0.9699837794568894
0.97
0.9700117059425192
0.970024598716874
0.9700421606604754
0.9700650649552015
0.9700897425008919
0.9701192801589615
0.970149263946645
0.9701828435976513
0.970226347804447
0.9702935585658697
0.9703798876671282
0.9704786974451994
0.9705899581812789
0.9707054004204227
0.9708271055942023
0.9709931890568412
0.9711888043383429
0.9714187130445061
0.9716884696118495
0.9720035756063755
0.9723647804845639
0.9727807236898962
0.9732625763403414
0.9738234628775728
0.974479467526658
0.975250470958713
0.9761641285832416
0.977252220874308
0.9785631932058825
0.9799
0.9799428218812118
0.98
0.9800428218812118
0.9800782077038815
0.9801243517758338
0.9802022640319354
0.9802782289642438
0.9803658756645061
0.980483058382332
0.9806546315634548
0.9809977779257004
0.9814571335581463
0.9819928321984454
0.9826671742372162
0.9836540600284701
0.9846425240408746
0.9857067273766035
0.9868841976372617
0.9883108581592678
0.9899
0.989905177772784
0.9899155333183519
0.9899362444094878
0.9899578506742188
0.9899790734410217
0.99
0.990005177772784
0.9900155333183519
0.9900312713790099
0.9900530217468237
0.9900744626470933
0.9900981355000771
0.9901259897575779
0.9901569614709509
0.9901846390082819
0.9902072589890772
0.9902283292172647
0.9902503314031481
0.9902778713155062
0.990307489935217
0.9903367074177214
0.990364842564187
0.9903949793595939
0.9904296218566419
0.9904731365934718
0.9905102184988182
0.9905454465707326
0.9905824051278692
0.9906243554420168
0.9906820501690783
0.9907629411146421
0.9908201079447423
0.9908748635659509
0.9909336015208214
0.9910016050836732
0.9910853228229336
0.9911984510431961
0.9913636393682006
0.9916369758739758
0.9921836488855262
0.9924996755332406
0.9928434025155402
0.9931503025444197
0.9934400945563752
0.9937211046273011
0.9940225329116895
0.9946253894804663
0.9953072134571236
0.9964338616611518
0.9978020746693504
0.9989010373346752
0.9999
0.999910553112106
0.9999316593363179
0.999965829668159
0.9999829148340795
1.0
