0.0
0.001
0.003
0.007
0.0099
0.009913247210293684
0.009939741630881049
0.009969870815440525
0.01
0.01001324721029368
0.01003013879212118
0.01005404106561668
0.01008154392760921
0.0101086036609625
0.01013080278628119
0.01015499064069553
0.01018055725962807
0.01022401546918115
0.01025664332054258
0.01029045225510827
0.01033215937207553
0.0103775423629853
0.01043199108814792
0.01050958874937401
0.01059097254087248
0.01069344223746255
0.01082905308257042
0.01100266577291009
0.01121325715669449
0.01148078212673085
0.01182692424053827
0.01228676660168217
0.01292826783500392
0.01390259554500413
0.01564651953796175
0.01913436752387698
0.0199
0.02
0.02020000000000001
0.02042777767991042
0.02066835520753848
0.02105318617693038
0.02144177278301093
0.02205700396444264
0.02308207231133174
0.0247492291970179
0.02808354296839022
0.0299
0.02994704083158809
0.03
0.03004704083158809
0.03009115106513801
0.0301288088249061
0.03017171065964449
0.03021494363408174
0.03027848230366598
0.03034133096380895
0.03041079118528441
0.0304899897118008
0.03058585640229097
0.03071453627591926
0.03091131711004091
0.0312564055963453
0.03170425862946564
0.03220092320882499
0.03282698503843685
0.03372012824147153
0.0353407711010894
0.03858205682032515
0.0399
0.04
0.04009706210162595
0.04019402006871221
0.04030450084926175
0.04043154186011138
0.04060549837056133
0.04078515077566711
0.04098470731807585
0.04133015144456834
0.04190670816941151
0.04275280077514784
0.04404049618849881
0.04633620542995355
0.0499
0.04994914941338146
0.05
0.05004914941338146
0.05010042776301276
0.0501449817395957
0.05020914893261326
0.05028446012833996
0.05030522457371613
0.05033964212525857
0.05037664413780838
0.05042035562599928
0.0504745654737923
0.05055776986321229
0.05071481219788221
0.05096623729926791
0.05132582518637135
0.05178020967240504
0.0523782149034118
0.05322745033822394
0.05460871262073402
0.05737123718575417
0.0599
0.0599128008637243
0.05993840259117288
0.05996920129558644
0.06
0.06001280086372429
0.06002883626020428
0.06005103303892245
0.06007611981129451
0.06009507695112523
0.06011693730559748
0.06013861438487277
0.06016111806071991
0.06018218766925743
0.06020448584638806
0.06022746476005225
0.06027342258738064
0.06031603336600265
0.06035619856224827
0.06040014873218316
0.06045101987530566
0.060514723831746
0.06060181489712163
0.06070538807477872
0.06082793680412225
0.06097705815879039
0.06116546452729277
0.06142402008178172
0.06181027905131442
0.06237036534382007
0.06305346877802288
0.06396715268660833
0.06551440599425594
0.06860891260955117
0.0699
0.069923500935138
0.069961750467569
0.06997131285067676
0.06998565642533838
0.07
0.070023500935138
0.07004147073082728
0.07005904774205655
0.07008819463046048
0.07011688347144658
0.07015441844602748
0.07018490647897219
0.07021271738997975
0.07024328055082477
0.07028255781691867
0.07033901534455086
0.07039004795889249
0.07044514156563501
0.07051445809179115
0.07062077150046717
0.0707563587812719
0.07093032425681774
0.07116757159960546
0.07149081078475135
0.07193420153193497
0.07243420051998925
0.07307296531540017
0.07405924279595309
0.07603179775705894
0.07929873462774066
0.07990000000000001
0.07990819915461327
0.07992459746383977
0.07995739408229278
0.0799786970411464
0.08
0.08000819915461325
0.0800185639080544
0.08003494107557611
0.080051857585817
0.08007133846862054
0.08009202634342892
0.08010857032327348
0.08012484199247821
0.08014449482681488
0.08017138715293307
0.08019428083215573
0.08021656161782775
0.08024193790770558
0.0802756588561007
0.08033921483611635
0.08039096698087897
0.08044714769363383
0.08051911877846017
0.0805803204598663
0.08070272382267854
0.0808518564844132
0.0810457742583225
0.08125716424275754
0.08156797317507385
0.0818877743621318
0.08232750523663426
0.08286415540697807
0.08353848325028712
0.08448268542376654
0.08562424284693196
0.08756714731516867
0.08990000000000001
0.08992125259626782
0.08996375778880344
0.09
0.09002125259626781
0.09004881904485958
0.09007680000685449
0.09011399830001775
0.09016080894890519
0.09019605198924999
0.09023351522243056
0.09027374112961704
0.09034348494399573
0.09040943140583592
0.09048114104682947
0.09058284260874103
0.09072370399460777
0.09090485680729442
0.09113118226290129
0.09139098394654686
0.09169808038654517
0.0921459817853444
0.09260301529878817
0.09322403424081052
0.09412486867399178
0.09563258408060897
0.09830229236401189
0.0999
0.09991141001165536
0.09993423003496608
0.09996711501748304
0.09998355750874152
0.1
0.1000114100116554
0.1000227026340017
0.1000416621813559
0.1000599226234555
0.1000781428761707
0.1000989451191731
0.1001182976018141
0.1001466220889509
0.1001711885663428
0.1001931192837127
0.1002167209126294
0.1002458645258217
0.1002944462984018
0.1003489325717625
0.1004001346188444
0.1004565591629864
0.1005307684211737
0.10063727554763
0.1007791512932506
0.1009643531034351
0.101192123344787
0.1014563852154254
0.1017713541945473
0.1021461456872877
0.1026735393131349
0.1032090691210042
0.1037386541092151
0.1042804049669006
0.1047100796550307
0.1052132964938475
0.1057616142313753
0.1063675552230678
0.1073109279738259
0.1085802025491705
0.1099
0.1099119245221162
0.1099357735663486
0.1099678867831743
0.1099839433915872
0.11
0.1100119245221162
0.1100233312970255
0.1100409005406028
0.1100572864542701
0.1100850158739063
0.1101150171100611
0.1101374016932608
0.110156936149798
0.1101774450606323
0.1101993105739342
0.1102325588087018
0.1102640953879498
0.1102981371640002
0.1103326243361146
0.1103711197524898
0.1104190055124956
0.1104859463898964
0.1105667888772447
0.1106667779505712
0.1107964377637167
0.110981098412218
0.1112906637203666
0.111662090312147
0.1120404660694849
0.112407938142451
0.1128927498005856
0.1134034445786409
0.1141231062249767
0.1149039764752697
0.1156958301736011
0.1165343309501089
0.1172137416073421
0.1179266871240696
0.1193525781575245
0.1199
0.119914610281845
0.119943830845535
0.1199719154227675
0.12
0.120014610281845
0.1200312646956845
0.1200566893071224
0.1200800437052748
0.1201009567076446
0.1201277204808037
0.1201499339652697
0.1201776622328725
0.120205532185656
0.1202316938195863
0.1202608898394412
0.1202986203232286
0.1203660860154433
0.1204216330569068
0.1204794360827107
0.1205507522724932
0.1206516019241251
0.1208192290761048
0.1209930614887432
0.1212019958509547
0.1214704977355481
0.1218343308316536
0.1223670187343629
0.1232057629588474
0.1246363231275499
0.1273986105513985
0.1299
0.1299179684344345
0.1299539053033033
0.13
0.1300179684344344
0.1300435320117135
0.130067085089168
0.1300944987321413
0.1301257902971718
0.1301572962268861
0.1301982018966683
0.1302327015612158
0.1302806918125032
0.1303338845293031
0.1303913492586796
0.130457512159381
0.130536928062659
0.1306378656450833
0.1307748561119404
0.1309778427381712
0.1312789933133475
0.1317475059072521
0.1322459051632818
0.1328620319130511
0.133727616141588
0.1352184076773583
0.138199990748899
0.1399
0.1399344442754234
0.14
0.1400344442754234
0.1400742532999715
0.1401116588293697
0.1401768166346489
0.1402383951548821
0.1402995682031993
0.1403653950760344
0.140422257690573
0.1405204709032328
0.1406354256864446
0.1407942386513054
0.1409952779926069
0.1412559653043556
0.1416034756413685
0.1420822712787948
0.1427786928031642
0.1438870052841972
0.1460041778024479
0.1499
0.14995
0.15
0.1500635647908755
0.1501130101350658
0.1501780329866696
0.1502691808775287
0.1503495001383763
0.1504322470928228
0.1505541173598416
0.1506975264741687
0.1508628124825159
0.1511238771096757
0.1515637794249398
0.1522617774768732
0.1531222921409974
0.1543759165240529
0.1567536227791536
0.1599
0.1599277933482635
0.1599638966741317
0.16
0.1600277933482635
0.1600586185489151
0.160088477394242
0.1601145874127645
0.160146583592858
0.1601908472976051
0.1602247188971863
0.1602583192335098
0.1602934847254442
0.1603478436966121
0.1604102786124142
0.160476381902973
0.1605535274987812
0.1606544301532165
0.1608074454040487
0.1610072237276542
0.1612762350608059
0.1616285605970973
0.1621151185590504
0.162656343295565
0.1633718114501968
0.1645200335400581
0.1668164777197808
0.1699
0.1699375068725172
0.17
0.1700375068725172
0.1700742521335877
0.1701161209184543
0.170162528908922
0.1702160997735992
0.1702580963799826
0.1703031196032045
0.1703682279540955
0.1704429853251503
0.1705118385413253
0.1705969368135737
0.1707199436040087
0.1709031660507699
0.1711606689635559
0.1715254040367505
0.17205515629384
0.1727127473805775
0.1735606506791932
0.1749131447849455
0.17761813299645
0.1799
0.1799123964574778
0.1799371893724332
0.1799685946862166
0.18
0.1800123964574777
0.1800284866126015
0.1800497306061179
0.180072094651496
0.1800993739511989
0.1801281528587678
0.1801529339112263
0.1801756984034842
0.1802029349134117
0.1802428646694837
0.1802809279224719
0.1803196578309507
0.1803672134222382
0.1804286047947398
0.180512988218369
0.1806225913814327
0.1807568668511983
0.1809121223036435
0.1811183482152625
0.1814049094771671
0.1817137718520848
0.1821857345439336
0.1827711745916363
0.1835377668742913
0.1846340070461379
0.1864278722606213
0.1899
0.189919285476681
0.1899578564300431
0.19
0.190019285476681
0.1900399639609496
0.1900692256534812
0.1900911016374218
0.1901227618922453
0.1901664136838001
0.1902040007048674
0.1902508747925098
0.1903039743889839
0.1903480604961876
0.1904070713692101
0.1904694697572605
0.19054097008851
0.1906239843679362
0.1907259253240484
0.1908578996841178
0.1910296457594405
0.1912519190034699
0.1915253504357365
0.1920426963802482
0.1927191322104263
0.1935077233661359
0.1945640726078439
0.1961347918455593
0.1986126116149037
0.1999
0.1999160084106365
0.1999480252319095
0.2
0.2000160084106365
0.2000404248794722
0.2000683692212641
0.2001057824651686
0.2001374027316934
0.2001664779716066
0.2001965419447566
0.2002392984940244
0.2002759933328979
0.2003174499076427
0.2003724956649995
0.200435807448543
0.2005066764075326
0.2006036602808205
0.2007345627180867
0.2008710547882523
0.2010285833785625
0.2012328425553291
0.2014971707013139
0.2018571932827582
0.2024261642912621
0.2033739883450168
0.2046633617965154
0.2066806672573904
0.2099
0.2099345706310537
0.21
0.2100345706310537
0.2100754602499582
0.2101078698097888
0.2101462987257184
0.2102002031921648
0.2102487477463844
0.2102911048187648
0.2103368550610173
0.210397027902679
0.2105131038034497
0.2106116207996607
0.2107040244707237
0.2108384365960239
0.2109773844376329
0.2111462212328341
0.211374162243953
0.2116544877482498
0.2120018517280765
0.212474238083328
0.2132234550642149
0.2142545706569048
0.2156371242155881
0.2176936428117056
0.2199
0.2199101003377988
0.2199303010133963
0.2199707023645912
0.22
0.2200101003377987
0.2200238927268463
0.2200418708672424
0.2200621624497158
0.2200843902948589
0.2201041322958343
0.2201214964126263
0.2201397055127175
0.2201634963997056
0.2201910082767027
0.220212814727408
0.2202336728525816
0.2202578399335102
0.2202917632876719
0.2203340819786307
0.220370894047439
0.2204154535335494
0.220484380064896
0.2205412991623094
0.2206168159036852
0.2207053917416323
0.2208075287212216
0.2209319066613394
0.2210758288841109
0.2212503158200698
0.2214787875010336
0.2218129892369364
0.2223791836210897
0.2232393105515961
0.2239276998453641
0.2245840842074356
0.2251294704099493
0.225731355132773
0.2263488181018241
0.2270368062914519
0.2280710306160645
0.2295636468217451
0.2299
0.2299145314621418
0.2299435943864254
0.2299717971932127
0.23
0.2300145314621418
0.2300299751997833
0.2300506043317749
0.2300803097914476
0.2301095215782608
0.2301378248543023
0.2301680675035919
0.2301965514550609
0.2302398546951652
0.2302787727113524
0.2303202960197853
0.2303744601124277
0.2304294176244929
0.2304875809929376
0.230555045563622
0.2306394062746962
0.2307434532554219
0.2308826772681713
0.2310902615508096
0.2314746241188453
0.2318829105649221
0.2323082289841642
0.2327416759214118
0.2333095951008317
0.2339469345919707
0.2348915363379419
0.2364745343400184
0.2387306529293856
0.2399
0.2399169689882119
0.2399509069646357
0.24
0.2400169689882119
0.2400424333972015
0.2400717974979598
0.2401091777914533
0.2401520559800177
0.2401901513032615
0.240233755957662
0.2402899802635008
0.2403555956991153
0.2404368734465925
0.2405417957313742
0.2406675312095516
0.2408321122952534
0.2410461909766803
0.2412522133824898
0.2415010764658592
0.2418371008216018
0.242335952745896
0.2431174734581071
0.2443138150048435
0.2461158971345178
0.2484200527866445
0.2499
0.2499035465764761
0.2499078227850982
0.2499100891758692
0.2499123528455218
0.249915286792416
0.2499193402241597
0.2499267192014632
0.2499375107908624
0.249950632862004
0.249964300696723
0.2499783502921668
0.2499891751460834
0.2499945875730417
0.25
0.2500035465764761
0.2500079263317695
0.250012588659384
0.2500195453536708
0.2500264063303721
0.2500325785264147
0.2500384443344346
0.2500443746408617
0.2500513037871522
0.2500570875874071
0.2500637317544892
0.2500697522278205
0.2500756464058037
0.2500819277586461
0.2500887622222465
0.2500957657190603
0.2501015358810237
0.2501058524817513
0.2501096565910139
0.2501140299252067
0.2501180744623863
0.2501221613805305
0.2501261654190862
0.2501304439522578
0.2501355328575625
0.2501416593671369
0.2501498820156579
0.2501588872180444
0.2501659314593185
0.2501715797534493
0.2501764287939873
0.2501807892055309
0.2501850041724821
0.2501894105591209
0.2501945676625885
0.2502001394758708
0.2502061839755032
0.2502111417339529
0.2502156786631668
0.2502200571796319
0.2502243028993652
0.2502284997391531
0.2502327524305227
0.2502373012745382
0.2502428431218048
0.2502478223101957
0.2502534587454469
0.2502585916402215
0.2502637272143112
0.2502693354305545
0.2502757745178787
0.2502837550713619
0.250293897478885
0.2503078419605236
0.2503285703844277
0.2503618419258203
0.2503952136351736
0.2504358904142021
0.2504773295870019
0.2505208397130252
0.2505743801682497
0.2506193438261602
0.250668552457282
0.2507136657040884
0.2507584190132467
0.2508067097882658
0.2508589554837141
0.2509051237365801
0.2509420814425932
0.2509753042721294
0.251013064685298
0.2510480210614708
0.2510843615914334
0.2511196596448284
0.2511572752539594
0.2512022946045364
0.2512564507884218
0.251308114404123
0.2513515235907758
0.2513894667186338
0.2514242571935855
0.251458246960006
0.2514949298645739
0.2515453464217348
0.2515914737320879
0.2516243559457929
0.2516535456525595
0.2516814985261813
0.2517099601316792
0.2517416878330467
0.2517822699757206
0.2518200351050088
0.2518624235342938
0.2519014678363179
0.251940630930864
0.2519830237606838
0.2520324710414098
0.2520909145596325
0.2521656666719182
0.2522661555128643
0.2524108765920694
0.2526399157163047
0.253088433011364
0.2535915562212332
0.2541493045767883
0.2547852848342076
0.2555133479259088
0.2563644036968504
0.2573730419014567
0.2585948061512705
0.2599
0.2599036560522019
0.2599109681566059
0.2599172012685818
0.2599232043201599
0.2599321127143079
0.2599450181900989
0.2599569268904939
0.2599680470441673
0.2599788471963512
0.2599896756647693
0.26
0.260003656052202
0.2600096840807067
0.2600154482344942
0.2600257751890488
0.2600333392128588
0.2600403840553774
0.260048437376462
0.2600604763432997
0.2600719423340995
0.260081760820834
0.260092070939105
0.2601040076943651
0.2601184506112516
0.2601385609778088
0.2601700058896882
0.2602088313824468
0.2602532328780587
0.2603043509867699
0.2603557840946617
0.2604019180436035
0.2604444425718833
0.2604857040544478
0.2605289610056165
0.2605822811755208
0.2606291016946022
0.2606786515191225
0.2607241323291911
0.2607694639826826
0.2608184266211913
0.2608738037977197
0.2609396370545623
0.260998350151735
0.26104485718097
0.2610868619254226
0.261135734086037
0.2611803410764723
0.2612242457903647
0.261267889772394
0.2613153265533278
0.261373156575973
0.2614383995532834
0.2614937712381809
0.2615415742745371
0.2615851452150469
0.2616269289947278
0.2616709028414606
0.2617271392738107
0.2617673011200679
0.2618083962934405
0.2618451426757487
0.2618791143130575
0.2619133846652574
0.2619499053014395
0.2619925410767884
0.2620573351536175
0.2621180117880195
0.2621665286957301
0.262214571865744
0.2622653030199824
0.2623244621166194
0.2623952123346697
0.2624868971903697
0.2626118712347292
0.2627934848050948
0.2630832395674932
0.2636078223085685
0.2642015564209078
0.2648675150597471
0.2656323181052173
0.266516909929263
0.2675615085167316
0.2688129887202748
0.2699
0.269903027220346
0.269909081661038
0.269921190542422
0.2699307305080109
0.2699397480982498
0.2699502089782481
0.2699614808467549
0.2699722964384698
0.269982998321514
0.269991499160757
0.27
0.270003027220346
0.270007093281417
0.270013636320319
0.2700234567752111
0.2700310531218706
0.2700377338298287
0.270044620383717
0.2700526134933287
0.2700672898967633
0.2700776760313655
0.2700869994148008
0.2700971159014253
0.2701089020980971
0.270123742232649
0.2701450489641152
0.2701798547853289
0.2702420250023623
0.2702700951045028
0.2703034494383905
0.2703303626620165
0.2703497563832809
0.2703659248196245
0.2703797192507109
0.2703918343811091
0.2704028895784805
0.2704131751650751
0.2704228908021255
0.2704321881420514
0.2704411806335236
0.2704499680316551
0.2704586452005934
0.2704673088502123
0.270476065808604
0.2704850434897073
0.2704944067435605
0.2705043895625888
0.2705135926075707
0.2705207831748334
0.2705268982839014
0.2705319236146711
0.2705364803930448
0.2705404708593808
0.2705443911307421
0.2705482158307213
0.2705520326045551
0.2705559416774027
0.2705600198428052
0.2705643596044379
0.2705690792766042
0.2705743842503963
0.2705808333815065
0.2705891765212456
0.2705969874160749
0.2706040227830621
0.2706110974580421
0.2706177227555465
0.2706230683169564
0.2706270376404744
0.2706310641939969
0.2706344262172671
0.2706370359511387
0.2706401706233552
0.2706426377505462
0.2706454190560764
0.2706476031193678
0.2706501679994464
0.2706526086723977
0.2706549983978787
0.2706574614155294
0.2706600419941887
0.2706628192186652
0.2706659448447593
0.2706699427569924
0.2706733112665068
0.2706767127810716
0.2706798180837666
0.2706829254571186
0.2706863891272691
0.2706905375856199
0.270695777774512
0.2707025773557669
0.2707115608950706
0.2707213116870455
0.2707314438058879
0.2707422056773079
0.2707522902281985
0.2707619737515992
0.270769743234048
0.2707764502408018
0.2707835052207053
0.2707913870930223
0.2707993513806645
0.2708065993320345
0.2708144239207334
0.2708218694403409
0.2708289294250199
0.2708360356049702
0.2708437026950214
0.2708533466253246
0.2708640539471115
0.2708721934320035
0.2708792626981429
0.2708862579188006
0.2708939648088101
0.2709038273300109
0.2709158756361935
0.2709287978378128
0.2709402298460589
0.2709514844714175
0.2709583033738667
0.2709662571586364
0.2709718267373181
0.2709789954526975
0.2709851149300674
0.2709907368119879
0.2709977484945729
0.2710077073176517
0.2710204831685278
0.2710369625676493
0.2710512623756308
0.2710652875521482
0.2710812154946403
0.2710950795841475
0.2711104652529501
0.2711227307668541
0.2711380571648873
0.2711522555805331
0.2711690909517381
0.2711839514476226
0.271197620835855
0.2712112471041737
0.2712253807196266
0.271240810068429
0.2712584838000889
0.2712800300303995
0.2713084979626067
0.2713425596935488
0.2713746587377603
0.2714046410896379
0.2714343256002085
0.2714649596181739
0.2714958979606663
0.271531568650731
0.2715711555626242
0.2716159876574186
0.2716647643643379
0.2717309016892925
0.2717902672295447
0.2718430371492819
0.271911589605603
0.2719616719455183
0.2719992737046138
0.2720386985570368
0.2721144549034731
0.2721720907889748
0.2722304267066966
0.2722915067993834
0.2723655320826782
0.2724636618388042
0.2726120784561488
0.2728928537020013
0.2734044560376898
0.2739833425856906
0.2746276784209946
0.2751968701443867
0.2759123417591965
0.2765576643637419
0.2771209788742969
0.2777958235793598
0.2786086094854576
0.2799
0.2799017782232023
0.2799053346696069
0.2799124475624161
0.2799199776077907
0.2799267974885976
0.2799334547552224
0.2799396503844755
0.2799453843940785
0.2799507294338665
0.2799550672232587
0.2799597500559323
0.2799642474116417
0.2799685976830025
0.2799727127893625
0.2799766787366114
0.2799805742895829
0.2799844480901189
0.2799883301607284
0.2799922229107182
0.279996108559381
0.2799980542796905
0.28
0.2800010909761099
0.2800028655214821
0.2800048076938021
0.2800073187594209
0.2800111173953777
0.2800163416788546
0.2800205376647815
0.2800239788773968
0.2800268394731039
0.2800289630140653
0.2800315887636787
0.2800334811951256
0.2800353499575773
0.2800369086738668
0.2800389558326664
0.2800404200961767
0.2800421832032297
0.2800438393340305
0.2800454647735783
0.2800471626574293
0.2800489630450049
0.2800509206526738
0.2800531658816053
0.2800563215149992
0.2800594023835955
0.280061592596655
0.2800636000354637
0.2800657840483975
0.280068431430454
0.2800706182570553
0.2800727810377541
0.2800751286973099
0.280077507231089
0.2800794767950982
0.2800813027158887
0.2800839643454976
0.2800861424691923
0.2800882636177744
0.2800909457318601
0.2800936162155752
0.2800965044065551
0.2800990578193048
0.2801022446686289
0.2801056051142782
0.2801089635465093
0.2801123024539788
0.2801156463136829
0.2801189894636913
0.2801222728281472
0.2801253994000873
0.2801282746025802
0.2801308509707701
0.2801331397020054
0.2801351888453427
0.2801370587504434
0.2801388093813844
0.2801404976834758
0.2801421804662965
0.2801439240238323
0.2801458272462215
0.2801481022335949
0.2801513923815291
0.2801544062603152
0.2801569012409686
0.2801593656981853
0.2801619411090285
0.2801648085089617
0.2801681858480716
0.2801719604305014
0.2801755284742886
0.2801789184080015
0.2801822427404996
0.2801856694577585
0.280189041680962
0.2801921870967891
0.2801952020533914
0.2801982204544417
0.2802014727238958
0.2802055337715066
0.2802100091071694
0.2802139592307038
0.2802176447849435
0.2802214908421938
0.2802257764079668
0.2802309365127928
0.2802338165782948
0.2802358576428964
0.2802382901668802
0.2802400251748617
0.2802425958200142
0.2802445568229625
0.2802463946534313
0.2802487126825567
0.2802524299439771
0.2802567301913532
0.2802614283674503
0.2802666855780294
0.2802707967979646
0.2802746282698692
0.2802785194547924
0.2802822972155965
0.280286496637106
0.2802918024550823
0.2802980882448981
0.2803012397833202
0.2803045198672713
0.2803075922430617
0.2803115592553634
0.2803147007265968
0.2803180197715516
0.2803225457322788
0.2803299307600456
0.2803356066686464
0.2803404723034248
0.2803464238225095
0.280352729133522
0.2803576479157816
0.2803649212004814
0.280370240564477
0.2803766429011304
0.2803826102840037
0.2803884036318733
0.2803942832017007
0.2803999577857899
0.2804052763223605
0.2804101300322645
0.2804143975737225
0.2804180316448403
0.2804210849403193
0.2804236597411694
0.2804258612741438
0.2804277784313249
0.2804294804957804
0.280431020151551
0.280432438165256
0.2804337679818177
0.280435039773608
0.2804362843656513
0.2804375384386918
0.2804388543258663
0.2804403255933766
0.2804422038192834
0.280444180183128
0.280446216106444
0.2804480799742506
0.2804499447399544
0.2804519240389803
0.2804540980490494
0.2804565714272095
0.2804594696671313
0.2804629711113159
0.2804673527903715
0.2804728247478426
0.2804792588357498
0.280484653870384
0.2804909612407052
0.2804959349907448
0.2805001189569505
0.2805040083453318
0.2805077788997207
0.2805117698427432
0.2805166395105377
0.2805222415764214
0.2805275022282631
0.2805293746988104
0.2805314078660852
0.280533217965443
0.2805356410155273
0.2805374296551138
0.2805392886713417
0.28054178585954
0.2805456914024533
0.2805511354292291
0.2805570123285017
0.2805634179884023
0.2805706586046027
0.280579185943645
0.2805895590093103
0.2806033628503704
0.2806229162792317
0.2806426479710239
0.2806613135208658
0.2806801173287692
0.2806999291457288
0.2807218350102872
0.2807477841385041
0.2807787254751389
0.2808182333989504
0.2808713611177834
0.2809483673967164
0.2810743902724305
0.2812717854629048
0.2815542163434533
0.2819436877678363
0.2824617824749856
0.2832084622839957
0.2836115462479188
0.2840483960511191
0.2844541361399305
0.284904299685004
0.2852905921062414
0.2857156643094826
0.2865259021025363
0.2877793097489623
0.2892577723484882
0.2899
0.2899213689153785
0.2899633568853615
0.2899842792646912
0.29
0.2900094316815847
0.2900203206096698
0.290034580798755
0.290049676960328
0.2900681515811587
0.2900856760122572
0.2901034015642061
0.2901230679198097
0.2901484141081452
0.2901766186165933
0.2902091538726579
0.2902503869950153
0.2903072071540069
0.2903971813004317
0.2905771295932812
0.2909342783941032
0.2915046883106208
0.2924130789368021
0.293592566407613
0.295231012686236
0.2982225348054823
0.2999
0.2999066336475123
0.2999199009425369
0.299935129748636
0.2999507606198598
0.2999645601565245
0.2999792997145354
0.2999896498572677
0.3
0.3000066336475123
0.3000136269527412
0.3000253701752235
0.300039752359699
0.300056549471297
0.3000726256859885
0.3000896617111023
0.3001086467941309
0.3001324047696347
0.3001608297283666
0.3001971687368619
0.3002516181779067
0.3003590811684019
0.3005293062398052
0.3008078602348478
0.3013649682249331
0.3024791842051036
0.3045521647864387
0.307579375623421
0.3099
0.309903947087711
0.309911841263133
0.3099202211818907
0.309928624542289
0.3099378798535355
0.3099505680895627
0.3099613318402027
0.3099706053870894
0.3099803546838059
0.3099918944688257
0.31
0.310003947087711
0.3100084007924656
0.3100140801985163
0.310023877514475
0.310034802635996
0.3100479289668228
0.3100638520616609
0.3100768507415562
0.3100903372075789
0.3101057519350269
0.3101231713995199
0.3101407584753144
0.3101589965945609
0.3101824484402327
0.3102086260372073
0.310227238169839
0.3102448641061439
0.310263447622002
0.3102844280902901
0.3103107008238949
0.3103387924952685
0.3103681155920172
0.3104067381653156
0.3104297116936155
0.3104527149977873
0.3104736204395371
0.3104931576869392
0.3105137793778613
0.3105380699262227
0.3105603425842586
0.3105800414389642
0.3105994814019475
0.3106205820642501
0.3106464315110291
0.3106762002227301
0.3107086481191572
0.3107369125200128
0.3107677067045746
0.3108013849897711
0.3108406102632175
0.310890436387176
0.3109592522959998
0.3110648610336337
0.3112490042200947
0.3114787230785461
0.3117387533598176
0.3120373279561006
0.3123818418171159
0.3127835262736381
0.3132556287666404
0.3138125428167142
0.3144715229392876
0.3152546873516168
0.3161962989854412
0.3173217533526211
0.3187373187868978
0.3199
0.3199027442549878
0.3199082327649634
0.3199192097849146
0.3199289075164473
0.3199400877733315
0.3199535567138119
0.3199699941971654
0.3199849970985827
0.32
0.3200027442549878
0.3200082327649634
0.3200153168302389
0.3200252711029091
0.3200350622796733
0.320046260428079
0.3200598882543911
0.3200738199130347
0.3200850089911854
0.3200952396615456
0.3201073399906554
0.3201210497520177
0.3201309192929192
0.3201408648578888
0.3201519063774049
0.320164242190794
0.3201758357010912
0.3201874961941539
0.320201305360971
0.3202113659259106
0.3202229438865574
0.3202330169900481
0.3202420356309482
0.320250728678484
0.3202593864171095
0.3202687430519134
0.3202808618394923
0.3202916955306233
0.3203024645559731
0.3203127928654144
0.3203235568961206
0.320335667990731
0.3203504230966586
0.3203688961815371
0.3203940852448435
0.3204310701475013
0.3204922478014791
0.3206033125223718
0.3206855456297707
0.3208193119059757
0.3209748188530394
0.3211514743331709
0.3213569672888155
0.3215941592536498
0.3218697186139228
0.3221910462063282
0.3224786032978129
0.3229035251420779
0.323404804320873
0.3239925516102535
0.3246838775906629
0.3254921589227607
0.3264451559269031
0.3275789078961569
0.3289438053616965
0.3299
0.3299054253232001
0.3299162759696002
0.3299295322310948
0.3299418835403036
0.329955186546513
0.3299692654752173
0.329984492642275
0.3299922463211375
0.33
0.3300054253232001
0.330012262691661
0.3300187763014908
0.3300289523429547
0.3300395557871685
0.3300527432096116
0.3300671589639564
0.330080060269148
0.3300931626074519
0.3301081933508886
0.3301239436317467
0.330141191950834
0.3301662256319954
0.3301858945636058
0.330201885331249
0.3302179985327939
0.3302351877652869
0.3302557802053935
0.3302810888126185
0.3303064805219715
0.3303337879735278
0.3303665509970571
0.3303912976470066
0.3304114928211861
0.3304297879406047
0.3304475124235053
0.3304666557166299
0.3304910925967763
0.3305120335835312
0.3305298516496659
0.3305471555575248
0.3305651043852837
0.3305855050777524
0.3306125446003767
0.3306459932344625
0.330687857388831
0.3307263218380165
0.3307653702141964
0.3308069555440907
0.3308520504959254
0.3309024938191928
0.3309597829643375
0.331025313878417
0.3311004847623013
0.3311867133918809
0.331285606983532
0.3314003223222499
0.3315284329161732
0.3316826068914255
0.3318581784991585
0.3320729447357076
0.3323295335758383
0.3326394660811002
0.3330603456570998
0.3336197716535023
0.3342710188311797
0.3350307597128753
0.3359300706356811
0.3369883249733294
0.3383100418436539
0.3399
0.3399218244535274
0.3399654733605821
0.3399827366802911
0.34
0.3400088922041906
0.3400226912076714
0.3400380837484293
0.3400550463478663
0.3400840096065345
0.3401045625327031
0.3401247311734609
0.3401491739587166
0.3401793789093316
0.3402136910848138
0.3402550456085237
0.3403105105632898
0.3403695130963885
0.3404199400806766
0.3404567284937402
0.340482565804466
0.3405073581075064
0.3405253559707978
0.3405424696414981
0.3405552373424791
0.340567355072068
0.3405767214915312
0.3405855935588166
0.3405926827812868
0.3405994010871815
0.340604892816329
0.3406101223970216
0.3406144324593259
0.3406185939064911
0.3406220753113292
0.3406254715212393
0.3406292184050567
0.3406329266528095
0.3406364041884256
0.3406396459184825
0.3406426523585371
0.3406454567599455
0.3406481039816363
0.3406506386754224
0.3406531102782705
0.3406555809285502
0.3406581420599366
0.3406609607603674
0.3406644855642575
0.3406698618947138
0.3406737781197372
0.3406772215569439
0.3406808618939626
0.3406848100785279
0.3406892834843134
0.3406944606184789
0.3406991096458757
0.3407030450264669
0.3407066759478721
0.3407102920774077
0.3407141928799062
0.340718912896206
0.3407236334175051
0.3407282640624439
0.3407329000115699
0.3407378143591887
0.3407434182167731
0.3407498531211077
0.340755814842335
0.3407619232668583
0.340768643874348
0.3407764305092214
0.3407862100560566
0.3407987015672236
0.340816005836763
0.3408317210169444
0.3408452551198911
0.3408587770391541
0.3408614692060064
0.3408664946253847
0.3408705900233123
0.3408745701988635
0.3408784512222927
0.3408822115598156
0.3408873045734979
0.3408946723435333
0.3409094078836041
0.3409300388326147
0.3409480049783039
0.3409639523391568
0.3409814994943837
0.3410034704139884
0.3410375008620452
0.3410991094363526
0.3411976773849835
0.3413588988529521
0.3414501163956218
0.341545239356312
0.3416309988766129
0.3417497953197035
0.3418469506322053
0.3419343762936642
0.3420371064090333
0.3421837165723468
0.3424405380319075
0.342954180951029
0.3435686118046364
0.3442953710242316
0.3451269148825914
0.3461256505465987
0.347372113459933
0.3489522620307108
0.3499
0.3499037170028282
0.3499111510084846
0.3499260190197974
0.3499390892011112
0.3499549573363246
0.3499724545279402
0.3499862272639701
0.35
0.3500037170028282
0.350009546915781
0.3500164285776188
0.3500271356321393
0.3500404071956242
0.3500575226073231
0.3500783162730739
0.3500954207690712
0.3501083702466795
0.3501204009530257
0.350136110863743
0.3501496967552904
0.350160736298444
0.350172377198882
0.3501856279431898
0.3501985713336737
0.3502112571784318
0.3502253397533084
0.3502419091105842
0.3502558240110084
0.3502668338014251
0.35027677620219
0.3502861885727398
0.350295703053796
0.3503063509646501
0.3503216384030811
0.3503365431973011
0.3503481973588218
0.3503597568925303
0.3503721284754337
0.3503837718056341
0.3503942699236259
0.3504039846140445
0.3504135115113782
0.3504239530832921
0.3504397765839389
0.3504527000081126
0.3504630596082562
0.3504734699614117
0.3504845904403734
0.3504975494371438
0.350513952728994
0.3505313149389702
0.3505542541707386
0.3505739078222695
0.3505938818518954
0.3506191089027704
0.3506478424210273
0.350669360170539
0.3506891580559405
0.3507090306976203
0.3507297079596422
0.3507525816497495
0.3507796462607198
0.3508126709390432
0.3508453795123552
0.3508750570762796
0.3509034958879969
0.3509330609599421
0.3509656890730354
0.3510045566908901
0.3510514769792353
0.3511121562147796
0.3511949296317844
0.3513171777357054
0.3515229730436006
0.3517769855849586
0.3520656827124822
0.352398157618563
0.3527828431666936
0.3532326192191401
0.3537626842642425
0.3543900645501905
0.3551358287759395
0.3560214756612771
0.3570712517698502
0.3583250105103916
0.3597952101125348
0.3599
0.359909460525314
0.3599283815759419
0.3599486962450651
0.3599675645369327
0.3599837822684663
0.3599918911342331
0.36
0.360009460525314
0.3600173394006174
0.3600330971512242
0.360047709471673
0.3600658537564931
0.3600838358521176
0.3601006876037023
0.3601197508991381
0.360144565902812
0.3601876376022272
0.3602376642611984
0.3602955286435273
0.3603708402909228
0.3604506724428427
0.3605340029892655
0.3606306498099953
0.3607481134061922
0.3609084081563735
0.3611726030383766
0.3617009928023827
0.3624306004733918
0.3637592456490378
0.3664165360003297
0.3696438309943412
0.3699
0.3699085366126763
0.3699256098380287
0.3699568293131436
0.3699816278373883
0.37
0.3700085366126762
0.3700180310209787
0.3700329113723349
0.3700486353818537
0.3700732259926557
0.3700949964790547
0.370114450023215
0.3701363739082073
0.3701650616799289
0.3702190399678952
0.3702792028059878
0.3703455707294766
0.3704208242743623
0.3705062311577557
0.3706039804794191
0.3707180946968463
0.3708534437519777
0.3710110477912179
0.371182647556221
0.3713725400989332
0.3715863914097742
0.3718312378543924
0.3721200118108667
0.3725008301518891
0.3730281001935281
0.3738966028748951
0.375633608237629
0.3783398593445459
0.3799
0.3799056364800725
0.3799169094402175
0.3799258223259578
0.3799346076647905
0.3799452121038268
0.3799544170436187
0.3799642140222502
0.3799734027787728
0.3799829760330278
0.3799914880165139
0.38
0.3800056364800725
0.3800111605201601
0.3800201481603294
0.3800300729394987
0.3800427630704292
0.380055369755261
0.380067974634803
0.3800803273264868
0.3800939449531565
0.380110808064051
0.3801349642992732
0.3801680982966156
0.3802068147806821
0.3802527911965966
0.3802962092808155
0.3803347220804352
0.3803724692500581
0.3804156936216072
0.3804755356974351
0.3805181026599549
0.3805547477915158
0.3805916151003664
0.3806278914406542
0.3806599591189857
0.3806863750355575
0.3807108390431551
0.3807398599341447
0.3807666766962587
0.3807932822731069
0.3808194682588185
0.3808475418961598
0.3808811546659969
0.3809218761390536
0.3809772993215061
0.3810306742392801
0.3810741167851519
0.3811126810633351
0.3811509729722162
0.3812010324484935
0.3812438086663867
0.381274184874461
0.3813014307654419
0.38132826723935
0.3813579419850023
0.3814012886162247
0.3814449174225369
0.3814796979490195
0.3815147094410215
0.3815527050618921
0.3815986066050921
0.3816564162503133
0.381737317051732
0.3818605520027473
0.3820351740364771
0.3822565362329675
0.3825549528662424
0.3829616908779594
0.3834594981539369
0.3840223992645606
0.3846639599972721
0.3854027142500307
0.3862643291425759
0.3872834354965518
0.3885139446465673
0.3899
0.3899026599688061
0.3899079799064185
0.3899186197816431
0.3899301115648839
0.3899435827042634
0.389962139625838
0.3899810101947095
0.3899905050973548
0.3899952525486774
0.39
0.3900026599688062
0.3900051291088491
0.390010067388935
0.3900199439491067
0.3900303402119119
0.3900416639101208
0.3900546071154958
0.3900683885909584
0.3900806734272513
0.3900919648306193
0.3901030056777822
0.3901148012771735
0.390130724967382
0.3901472318437652
0.3901591415980414
0.3901697077256486
0.3901792760088298
0.390187676361838
0.3901951672232509
0.3902021213032081
0.3902090856488057
0.3902170994014545
0.390224680479756
0.3902332762497792
0.3902408766332083
0.3902484019257115
0.3902565488803059
0.3902658270175388
0.3902772709067883
0.3902895805022044
0.3903055342765703
0.3903207419784678
0.3903347084452892
0.3903473890711036
0.3903588794399698
0.3903702725622901
0.3903830562066846
0.3903978814204088
0.3904126834862325
0.3904269080855996
0.3904412082533791
0.3904568299235437
0.3904749968547129
0.3904970850482642
0.3905206116344538
0.3905430247305001
0.3905643541178379
0.3905853952081397
0.3906077228543278
0.3906328065477427
0.3906629925077435
0.3906997208177382
0.3907400967352925
0.3907851219901861
0.3908378083828686
0.3909002377421061
0.3909798727320451
0.3910882182371352
0.3912499984920529
0.391464517369874
0.3917254831585411
0.3920258704268457
0.3923731316618015
0.3927776154006636
0.3932520074942385
0.3938110480630103
0.3944644345924171
0.3952315811839788
0.3961376691561203
0.3972177988828469
0.398500539304241
0.3999
0.3999048249102813
0.3999144747308439
0.3999251852388727
0.399935571135446
0.3999474075799742
0.3999640312983609
0.3999796982685602
0.3999898491342801
0.4
0.4000048249102813
0.4000104482018733
0.4000182036311367
0.4000271807587268
0.4000355556028599
0.4000449091022021
0.4000579693695294
0.4000699194641287
0.4000803940343532
0.4000911971564476
0.4001031285259812
0.4001176833213678
0.4001376119032363
0.4001650870881521
0.4002007297560422
0.4002347163139355
0.4002626302970194
0.4002901671276614
0.4003179224624625
0.4003464088385134
0.4003709927709209
0.4003962254323246
0.4004253751580158
0.4004527254243688
0.4004808904996183
0.400518693736778
0.4005511323020809
0.400574059743279
0.4005944337532956
0.4006140859990296
0.4006350119035769
0.4006620408489745
0.4006876472844583
0.4007136820034561
0.4007386231050468
0.400764742154061
0.4007942456377795
0.4008304107318853
0.4008762367255014
0.4009399062836119
0.4010362476303911
0.4012048117469119
0.4014307913685437
0.4016830584594616
0.4019678112864274
0.4022918123400185
0.4026636276635024
0.4030945944064155
0.4035964012830988
0.4041823028703792
0.4048683642397247
0.4056750950424678
0.4066297951315657
0.4077712203007326
0.4091182782711189
0.4099
0.4099029468938819
0.4099088406816457
0.4099206282571734
0.4099307439619156
0.4099437816675309
0.409955638155214
0.4099659933202395
0.4099761499694966
0.4099870008205735
0.41
0.4100029468938819
0.4100088406816458
0.4100136926034317
0.410018362981672
0.4100230135789759
0.4100277491367404
0.4100332918218149
0.4100385183483586
0.4100444477508703
0.4100496997738252
0.410054900645742
0.4100605334097679
0.410066952974038
0.4100748612358511
0.4100843967752564
0.4100930483958969
0.4101011371277239
0.4101093953967072
0.4101192714419001
0.4101290930980955
0.4101368808021448
0.4101433786299813
0.4101492806309972
0.4101549337112465
0.4101607819584932
0.4101675467895232
0.4101789867881439
0.410187332960057
0.4101942756721393
0.4102014319894481
0.410209141259641
0.4102185237423961
0.4102302547734399
0.4102461742038895
0.4102690606387436
0.4103041435395274
0.4103601997303552
0.4104382862982061
0.4105269233815882
0.4106282538214138
0.4107452723855749
0.4108812442278822
0.4110405763771857
0.4112277994980419
0.4114478590805812
0.4117064144892986
0.4120100704635022
0.4123666838832015
0.4127856863816543
0.4132785234017651
0.4138593500410097
0.4145461991690814
0.4153630124276014
0.4163468702650696
0.4175289596455245
0.4190229010392507
0.4199
0.4199047320669268
0.4199141962007804
0.4199241834694008
0.4199338560457186
0.4199455862609232
0.4199601888065004
0.419971402780462
0.4199821958123171
0.4199910979061585
0.42
0.4200047320669268
0.420009991993692
0.4200205118472224
0.4200315789822409
0.4200452994121691
0.4200627983812641
0.4200771566192914
0.4200914379617255
0.4201076577648157
0.4201272082502961
0.4201533394626268
0.420192439970695
0.4202392653219812
0.4202960738874169
0.4203560375566414
0.4204194749599553
0.420493440471392
0.420582012594395
0.4206986457626615
0.420875094411402
0.4212279917088829
0.4218046679874567
0.4226920427936029
0.4244667924058953
0.4275297382978402
0.4299
0.4299055560458938
0.4299166681376813
0.4299305294407558
0.4299432058499552
0.4299624300933522
0.4299784486737861
0.429989224336893
0.43
0.4300055560458937
0.4300120441035544
0.4300223309139623
0.4300358564893192
0.430052090093489
0.4300737050803243
0.4300919225287549
0.4301105097229245
0.4301318544015229
0.4301591690692101
0.430194551813208
0.4302370971533334
0.4302856517330559
0.4303414923194409
0.430406032823862
0.4304814277937274
0.4305705074918534
0.4306830198161773
0.4308063841148357
0.4309431391258158
0.4310989422396342
0.4312828332650296
0.4315290903305102
0.4318791111297993
0.4324921465657688
0.433718217437708
0.4355435118123873
0.4385538109210311
0.4399
0.4399074198221704
0.4399222594665112
0.4399342362349718
0.439946321153893
0.4399621318683942
0.4399818574223643
0.44
0.4400074198221704
0.4400172630519171
0.440025088153318
0.4400354570854779
0.4400451726661679
0.4400543562925976
0.4400637111043673
0.440074024230235
0.4400897291437318
0.4401023813621758
0.4401125081800743
0.4401226831915143
0.4401335470828495
0.4401462374916792
0.4401622205601952
0.4401789353212101
0.4401947125672663
0.4402103596815983
0.4402277403067383
0.440237967114602
0.4402515823694328
0.4402625330810493
0.4402717062278497
0.4402807568884937
0.440290524520248
0.4403041904318529
0.440318810305706
0.4403302073301522
0.4403415757754909
0.4403539847292493
0.4403685790083607
0.4403878723627251
0.4404124256103827
0.440445819376684
0.4404865654941017
0.4405170629269148
0.4405452255644901
0.4405744479212245
0.4406065069742314
0.4406444490800567
0.4406897570339014
0.4407476167202896
0.4408251441896999
0.440936556589985
0.4411163213464009
0.4413442333489998
0.4416041503605989
0.4419035363796029
0.4422502952764947
0.4426554849690997
0.4431325757011241
0.4436964298571868
0.4443649277749523
0.4451610936780174
0.4461205824316171
0.4472705082017386
0.448721878795578
0.4499
0.4499078846262561
0.4499236538787685
0.4499437784592971
0.4499633051597013
0.4499792875542292
0.4499896437771146
0.45
0.4500078846262562
0.4500161129314785
0.4500287595151977
0.4500458790830435
0.4500640433378304
0.4500837394844866
0.4501066692633447
0.4501307839390176
0.4501568407782486
0.4501847321624178
0.4502159524022609
0.4502547892570739
0.4502985109154947
0.4503453948985229
0.4504007621024538
0.4504715653433201
0.4505730801935855
0.450743543568342
0.450958022471524
0.4512236098998227
0.4515538299996355
0.4519677347667228
0.4524982100557254
0.4531987335031014
0.4541666865079768
0.4556125697692736
0.4581014601611237
0.4599
0.4599137568004297
0.4599412704012892
0.4599706352006446
0.4599853176003224
0.46
0.4600137568004298
0.4600277557275356
0.4600441208939187
0.4600681564454749
0.4600951456412924
0.4601245925544296
0.4601549122930871
0.4601893060532862
0.4602330026151021
0.4602885762198468
0.4603586174311526
0.4604525555443129
0.4605931396311429
0.4607992240960863
0.4610651351918343
0.4611372604286227
0.4611733230470169
0.4612454482838052
0.4612582539612254
0.4612821097933804
0.4613030359024601
0.4613196122352739
0.461338274394604
0.4613540400081506
0.4613680300818619
0.4613836846931765
0.4614032277347941
0.4614131490783287
0.4614225944249512
0.4614340849909483
0.461445324191021
0.4614555095586966
0.4614680240006871
0.4614883290623355
0.4615227038887152
0.4615635572315515
0.4616093243111937
0.4616614570869424
0.4617211682634612
0.4617903251929195
0.4618707699510468
0.4619645923446395
0.4620741138240863
0.462201273409902
0.462348201033419
0.4625033387996414
0.4626250250108515
0.4627770643275422
0.4629074832326786
0.462933973043868
0.4629869526662468
0.4629969882556773
0.4630020060503925
0.463012041639823
0.4630200227509303
0.4630286750394733
0.463036107013662
0.4630423947560497
0.4630474792959969
0.4630543931567095
0.4630609233995012
0.4630674525981583
0.4630710137033943
0.4630745037471161
0.46307828257213
0.4630824304825846
0.463086101662795
0.4630902887000756
0.4630966042391736
0.4631076041109883
0.4631279801777885
0.4631495876655652
0.463173046712185
0.4631995360617753
0.4632295953147311
0.4632643919053082
0.4633050156147928
0.463352343645181
0.463407356791379
0.4634713510622175
0.4635458364151819
0.4636325848625281
0.4637331604908591
0.4638494892222303
0.4639841553234625
0.4641401594579658
0.4643209892292099
0.4645306771700906
0.4647738803465154
0.465056016709073
0.4653834385625735
0.4657636567567812
0.4662055952362087
0.4667196877210881
0.4673170679006947
0.4676921921135067
0.4679309141139775
0.4681878701287434
0.4683756069124373
0.4685506376343453
0.4687411580232839
0.4689286506311091
0.4690968336104064
0.4692684039203767
0.4694549687494303
0.4696642998787487
0.4699
0.469906523279937
0.4699195698398111
0.4699435672374304
0.4699635029734228
0.4699798414066078
0.4699899207033039
0.47
0.4700065232799371
0.4700135086565437
0.4700269374392692
0.4700441081322935
0.4700621010268057
0.4700808672316737
0.4701034369190972
0.4701259762588204
0.4701504860841307
0.4701810371248651
0.470212278075088
0.4702384721561648
0.470278852396889
0.4703121452519126
0.4703439619191508
0.4703844430307898
0.4704465142984585
0.4705175130655961
0.4705970493813492
0.4706866899689058
0.4707897300746307
0.4709110014491942
0.4710138895819908
0.4710978334013918
0.4711377330154284
0.4711699103952912
0.4711953041471365
0.4712235015135073
0.4712476943618568
0.4712800430846339
0.4713072174990583
0.4713308866771153
0.4713567915400771
0.4713885185341455
0.4714294592643276
0.4714611575056223
0.4714936410107666
0.4715233881808096
0.4715657876832978
0.4715967000087267
0.4716314212075801
0.4716822624512673
0.4717647075423766
0.4718597187390696
0.4718809909040064
0.47192353523388
0.4719336953959178
0.4719540157199934
0.4719583356714288
0.4719669755742995
0.47197696275745
0.4719846620370784
0.4719911823951789
0.4719994063823613
0.4720067502435508
0.4720147598735712
0.4720190729700154
0.4720236596550346
0.472027725407386
0.4720318280436596
0.472036006966113
0.4720404554908358
0.4720465819404353
0.4720556215065044
0.4720713825811928
0.4720875079026746
0.4721022998304134
0.4721106472040384
0.472119237132836
0.4721259007750528
0.4721317328352715
0.4721392384824242
0.4721473928566724
0.4721537326295787
0.4721602875138934
0.4721676686827455
0.4721771686690506
0.4721897480344681
0.4722000770310236
0.4722086809042965
0.4722166265255933
0.4722246728232281
0.4722350635292853
0.4722424841223181
0.4722499185378854
0.4722566087393075
0.4722626741430316
0.472268506334735
0.4722743541509622
0.4722807626695908
0.4722896447531146
0.472298820916137
0.4723058144051954
0.4723126671245821
0.4723200111670868
0.4723285176389004
0.4723394502109586
0.4723538749404166
0.4723748638783983
0.47240865852285
0.4724762478117535
0.4725620189221056
0.4726523891672161
0.4727506608162753
0.4728595847035673
0.4729727025331711
0.4730785749209617
0.4731532435612437
0.4732343895655687
0.4733141755343847
0.4733966349752012
0.4735196760064646
0.4736974356657215
0.473908361423368
0.4740774989260915
0.4741463843532884
0.4741783459946259
0.4742133303637064
0.4742262080315627
0.4742519633672754
0.4742642202489535
0.4742799634105967
0.4742936144938862
0.4743068453323629
0.4743200472415949
0.4743311362368471
0.4743428388269643
0.4743511491026962
0.4743603407493082
0.4743669742498257
0.4743766614575037
0.4743842397653278
0.47439160481383
0.4744009935525607
0.4744178139490666
0.4744466953655455
0.4744789974618085
0.4745151738494456
0.4745565368254069
0.4746038782375472
0.4746587212396901
0.4747226642512031
0.4747973094014451
0.4748836519323497
0.4749836801232566
0.4750996930317312
0.4752343445424818
0.4753907402370731
0.4755724770403335
0.475783695046705
0.476029247702739
0.476302310418016
0.4766218409969928
0.4769894429976489
0.4774346550239273
0.477867908235418
0.47833331338835
0.4788804536198148
0.4795035847769799
0.4799
0.479915235005163
0.4799457050154891
0.4799728525077446
0.48
0.480015235005163
0.4800321234673833
0.4800537493629931
0.4800834132200504
0.480112600857353
0.4801458285345481
0.4801936753022136
0.4802592117093926
0.4803297957306998
0.4804079393888076
0.4804978619529229
0.4806031804284198
0.4807312239050324
0.4808490230945259
0.4809719594205563
0.4811222121454663
0.4812914021416475
0.4814682567071456
0.4816446202516609
0.481853116917901
0.4820372206769357
0.4822224654319188
0.4824344275233238
0.4827332744448516
0.4831956149966088
0.4839865878666575
0.4850479773854334
0.4862962591413332
0.4877837458499245
0.4896613848155342
0.4899
0.4899019811525622
0.4899059434576867
0.4899138680679356
0.4899212642655304
0.4899306448759043
0.4899422458629077
0.4899575986530094
0.4899734423896445
0.4899784422480942
0.489984982255584
0.489988217631638
0.4899914569137432
0.4899944590867529
0.4899972645394284
0.49
0.4900011054662931
0.4900032162263699
0.4900050985668304
0.4900087419295551
0.4900118296380305
0.4900146619504494
0.4900174986765463
0.4900199111086689
0.4900217826917393
0.4900234545785864
0.4900253816164207
0.4900271740161919
0.4900290033596001
0.4900307919309893
0.4900327136393856
0.4900349467509587
0.4900377188996342
0.4900414168523066
0.4900467739645237
0.4900525429693615
0.4900568289214831
0.490060113355348
0.4900629555002279
0.4900657043549405
0.4900689562738852
0.4900724959497618
0.490075469887071
0.4900780683180839
0.4900804969575224
0.4900827709481903
0.4900849297241497
0.490087061354416
0.4900893507915849
0.4900924242962762
0.4900957425062645
0.4900982091110374
0.4901005989429099
0.490103150796491
0.490106092493764
0.4901097960278098
0.4901142955591313
0.4901185148449138
0.4901226489123043
0.4901271800098301
0.4901341845236014
0.490139273517832
0.4901431831241966
0.4901467867023512
0.4901500982319927
0.4901532651784408
0.4901564414393528
0.4901598689700664
0.4901643647360672
0.4901697510965522
0.4901735836497696
0.490177216376572
0.4901810677617621
0.4901854225212564
0.4901909080243911
0.4901979951896496
0.4902079405067039
0.4902230147382934
0.4902488632150424
0.490294676407173
0.4903391704124644
0.4903834954617494
0.4904354493869088
0.4904802720339323
0.4905280575422331
0.4905716502629349
0.4906145443967341
0.4906579142550967
0.4906967575511517
0.4907282981771838
0.4907567738221762
0.4907896679427186
0.4908202841082539
0.4908513410111859
0.4908818750357167
0.4909147792429165
0.4909544982876607
0.491003128740477
0.4910700517768659
0.4911247814994076
0.4911699301805192
0.4912121463779973
0.4912574213542963
0.4912869912335054
0.4913265525310687
0.4913599904714199
0.4913897520999838
0.4914198791263015
0.4914527181340095
0.4914969607032776
0.4915513982400912
0.4915913545037413
0.4916302970883089
0.4916723547396702
0.4917225141529471
0.491785541335598
0.4918740648466741
0.4920100851161913
0.4921630751320132
0.4923086215778963
0.492454770943288
0.4926008027500331
0.4927661384414628
0.4929972279154388
0.4933028308542986
0.4938900682643404
0.4943935027650014
0.4948240816481043
0.4952594001392269
0.4957205746247378
0.4962503862829961
0.4969050559733214
0.4977648036666064
0.4987930341099183
0.4996939066702671
0.4999
0.4999040682630795
0.4999122047892384
0.4999284778415563
0.4999410991053275
0.4999557026412941
0.4999721006605057
0.4999868534834019
0.4999934267417009
0.5
0.5000040682630794
0.5000094320163708
0.500015806302105
0.5000241714068421
0.5000376549965507
0.5000478686073151
0.5000561977279473
0.500063439495041
0.500069589167688
0.5000755889856616
0.5000832144368904
0.5000926813904443
0.5000996831101289
0.5001066880205958
0.5001144381388495
0.5001238635886819
0.5001369168919486
0.5001462206197446
0.5001540737426148
0.500161445846819
0.5001685017114379
0.5001758716058602
0.5001845589860473
0.500193572664412
0.5002035547398096
0.5002123052434586
0.5002210544527936
0.5002306077281771
0.5002416869085065
0.5002555612032009
0.5002741724523497
0.5002995564245575
0.500339446836724
0.5004138856349012
0.5005228609744775
0.5006463180915877
0.5007881383216644
0.500953991746565
0.5011439524395158
0.5013596025578146
0.501603611051554
0.501886329415761
0.5022164162871802
0.502627686796837
0.5031631286666051
0.5039453735278273
0.5049458965477679
0.5060777595917986
0.5073849519873712
0.5089434080066386
0.5099
0.5099025459077475
0.5099076377232425
0.5099178213542326
0.5099277351501796
0.5099385812454766
0.50995045323859
0.5099639144974172
0.5099804736526002
0.5099902368263001
0.50999511841315
0.51
0.5100025459077475
0.5100052264851374
0.510010587639917
0.5100200319214181
0.5100293184963985
0.5100399186141633
0.5100522204807941
0.5100661798562446
0.5100828988970079
0.5101020970583751
0.5101242859692251
0.5101508601551623
0.510186187770123
0.5102413523817554
0.5103056492733646
0.5103672720841589
0.5104270709951854
0.510492009680816
0.5105797554784751
0.5107004694427064
0.5107919431151168
0.5108880600460516
0.5109982295265427
0.5111417199770071
0.5113639467320108
0.5118084002420182
0.512483825145718
0.5134799715832347
0.515472264458268
0.5194568502083347
0.5199
0.5199051662206426
0.5199154986619279
0.5199361635444983
0.5199519078670863
0.5199703767877081
0.519985188393854
0.52
0.5200051662206426
0.5200132368502883
0.5200284594261276
0.5200432258439799
0.5200583373911768
0.5200773111550439
0.5200979892980003
0.5201219191738443
0.5201512542826393
0.5201916691467899
0.52026615117337
0.5203532235981356
0.5204534987280675
0.520571956703643
0.5207109640496757
0.5208856768853602
0.5210769570601784
0.521289935442852
0.5215366227887195
0.5218384109123094
0.522262214827873
0.5229355667703204
0.524282270655215
0.5263188911110004
0.5299
0.5299044506275545
0.5299133518826635
0.5299311543928815
0.5299471792051266
0.5299625857851336
0.5299809611498472
0.53
0.5300044506275545
0.5300133518826635
0.5300297391602937
0.5300452101212807
0.5300619899145503
0.5300811255597883
0.5301023985505561
0.5301308780069228
0.5301644784553912
0.5301912741330559
0.5302132204727618
0.5302327327079531
0.5302512673827547
0.5302711704488554
0.5302993886370707
0.5303249663397475
0.5303439576446735
0.5303607349828104
0.530375573503375
0.5303886922814959
0.5304008479696604
0.5304129359146206
0.5304266052394709
0.5304404549021884
0.5304558383456203
0.530469142507335
0.5304823284122474
0.5304966349491079
0.5305130817168354
0.5305336334495661
0.5305547725238381
0.5305747489327932
0.5305948209487351
0.5306184437322975
0.5306320904606983
0.5306471752151463
0.5306600220969985
0.5306714440240452
0.5306833638890903
0.5306978279769233
0.5307128787546117
0.530728158795763
0.5307425455103654
0.5307576906003039
0.5307749412396253
0.5307958255840051
0.5308235344125634
0.5308587193062654
0.5309063008628739
0.5309468763971432
0.5309829115551334
0.5310197152691473
0.531059434591536
0.5311050568421474
0.5311608226039226
0.5312302471994037
0.5313231458413266
0.5314512170600376
0.5316274341105208
0.5318982714908997
0.5322347721550634
0.532619637208328
0.5330641205544507
0.5335805244165234
0.534186697122029
0.5349052817441795
0.5357641576279342
0.53680490149846
0.5380402637156789
0.5394890584224072
0.5398999999999999
0.5399066826296971
0.5399200478890914
0.5399467784078801
0.5399666584697406
0.5399833292348704
0.54
0.5400066826296972
0.5400163233594782
0.540034228044547
0.5400558898133011
0.5400748938604912
0.5400964226306768
0.5401232143057478
0.5401543718421786
0.5401874908148131
0.5402255717533594
0.540276176727487
0.5403385014330225
0.5404107085984761
0.5404954646986996
0.540592423692797
0.5407014757974425
0.5408254411006688
0.5409648113167282
0.5411196458755982
0.5413050092545462
0.5415323793174442
0.5418348460026762
0.5422907510721977
0.5431506615941146
0.5447781769791267
0.5472601044243424
0.5498999999999999
0.5499070166117604
0.5499210498352815
0.5499491162823235
0.5499691402358352
0.5499845701179176
0.55
0.5500070166117605
0.5500167945805293
0.5500271667164401
0.5500465758391644
0.5500652921158886
0.550086976124472
0.5501083491134334
0.5501265397569418
0.5501434605134016
0.5501615938385586
0.5501819848732452
0.5502025522439755
0.5502195900134386
0.5502361883933452
0.5502534123705167
0.5502705875655253
0.5502849961778828
0.5502964603273475
0.5503073115014028
0.5503215900814942
0.5503359791972802
0.5503474925216479
0.5503593778125273
0.5503726530373237
0.5503891162497218
0.5504120243087254
0.5504421216768307
0.5504654886469298
0.5504840563698404
0.550500723957275
0.5505173381612622
0.5505394420380918
0.5505592252606576
0.5505733509329206
0.5505858403174553
0.5505976743937263
0.5506097562635501
0.5506239025917303
0.5506399999444369
0.5506569911556685
0.5506717117943539
0.5506865372839819
0.5507027098699485
0.5507220849911657
0.5507459877348708
0.55077846815692
0.5508260150155462
0.5509038046287928
0.5510593838552862
0.5512643110252198
0.5514933233463014
0.5517544700043543
0.552054282560254
0.5524022123552924
0.5528045669284387
0.5532713882647498
0.5538153024963507
0.554451191637372
0.5551979421519556
0.5560790240728871
0.5571189881670005
0.5583583784787299
0.559829427480601
0.5599
0.5599035930563746
0.5599107791691239
0.5599234598031626
0.5599357694453664
0.5599468098760484
0.5599589593804535
0.5599720119666904
0.5599847397472316
0.5599923698736158
0.56
0.5600035930563747
0.5600077730139077
0.5600149110449554
0.5600254079807631
0.5600345789776147
0.5600428318983661
0.5600514874352677
0.5600622046566859
0.5600741293229101
0.5600858760615796
0.5600973918283316
0.5601099695434448
0.5601250020916954
0.5601402800229941
0.5601567330895999
0.5601795236413019
0.5602008293276841
0.5602167370071521
0.5602311846062367
0.5602443786236009
0.5602561365568633
0.5602667502320267
0.5602767675541003
0.560287115379281
0.5603000461706298
0.5603112885119717
0.5603226089159833
0.5603333788913107
0.5603445141754093
0.5603569408319488
0.5603719849673554
0.5603904579090028
0.5604076768506816
0.5604239132152848
0.560440429296311
0.5604596409291813
0.5604708800458958
0.5604827932908751
0.5604930478050788
0.5605022796431244
0.5605120039042227
0.560524078262492
0.5605360983757576
0.560548208434995
0.5605597954007641
0.5605720590631048
0.5605861037815336
0.5606031702001134
0.5606258514529683
0.5606546753409593
0.5606936740884894
0.5607291782493944
0.5607590809262968
0.5607888913650231
0.5608207641781114
0.5608568029024483
0.5609005196312835
0.5609542806700017
0.5610253183873121
0.5611207673222961
0.5612450226814851
0.5614213011828444
0.5616726329191261
0.5619613440094787
0.5622932562662704
0.5626783067757533
0.5631270656166885
0.5636550867011543
0.5642798272000029
0.5650225134009887
0.5659112738771057
0.5669614286009808
0.5681944822378877
0.5696424553847801
0.5699
0.5699054927641836
0.5699164782925508
0.569937584388688
0.5699533182835458
0.5699709354752713
0.5699854677376357
0.5700000000000001
0.5700054927641837
0.5700133790634033
0.5700244068352551
0.5700398077214315
0.5700572836638789
0.5700759956133484
0.5700973574279795
0.5701221759232791
0.5701513537184724
0.5701858320926829
0.5702265228198671
0.5702744646682325
0.5703308865053773
0.570397259316847
0.5704752928791295
0.5705648973458576
0.570644251829809
0.5707007150529357
0.570744900158644
0.5707834200274888
0.570820780640952
0.5708644344273187
0.5708934780315301
0.5709292469587114
0.5709589837402447
0.5709838975877087
0.5710070833383953
0.5710298214158367
0.5710549508463675
0.5710931741452139
0.571125511364718
0.5711517553691051
0.5711784259198721
0.5712072136140368
0.5712422413928544
0.5712806600932954
0.5713212473022655
0.5713539530082756
0.5713896772733397
0.5714193732609611
0.5714462619038263
0.5714736236434433
0.5715043396730728
0.5715498240524913
0.5715942362435563
0.571630008495716
0.5716661640317442
0.5717054041956142
0.5717527438556166
0.5718121809733548
0.571894591021742
0.5720180425385586
0.5721874593028425
0.572372231737975
0.5725816976055864
0.5728190722509283
0.5731063393681146
0.5734750612142516
0.5739826779540439
0.5746123035391107
0.575346315781282
0.5762075654352539
0.5772344069940739
0.5784655822099809
0.5799
0.5799030141665505
0.5799090424996517
0.579921099165854
0.5799322529117759
0.5799450906287952
0.5799606298803135
0.5799797003200874
0.5799898501600437
0.58
0.5800030141665505
0.5800074021687195
0.5800148560991054
0.5800265276267837
0.5800374846854439
0.5800500347902974
0.580066501850093
0.5800813500062972
0.5800944100165166
0.5801073194463049
0.5801223409609589
0.5801349631542584
0.5801486805507932
0.580161381702817
0.5801740651711006
0.5801875546520954
0.5802011629971832
0.5802125734144491
0.5802214402380124
0.5802295871980115
0.5802397575994406
0.5802512238808937
0.5802599800988942
0.5802688615497784
0.5802787311539761
0.5802908412844394
0.5803076302810387
0.5803310478607223
0.5803498188600255
0.5803644211590643
0.5803772388544589
0.5803896152105584
0.580404402586279
0.5804153874196393
0.5804271084400341
0.5804374529925079
0.5804468324914946
0.5804559675538905
0.580465307676615
0.5804759451654318
0.5804933611159209
0.5805065607501804
0.5805175196755236
0.5805288564774342
0.5805412146838189
0.5805565124467191
0.5805761607214972
0.580604055068679
0.5806472192249313
0.5807241685418024
0.5808721413432983
0.5810385515341071
0.5812247126851307
0.5814384854122133
0.5816843341606941
0.5819711821605813
0.5823027483508837
0.5826875656725853
0.5831349258323667
0.5836563813257091
0.5842658911016749
0.5849790232069826
0.5858136126284078
0.5867973102323066
0.5879677163803096
0.5893878856219205
0.5899
0.5899031987130997
0.5899095961392992
0.5899223909916981
0.5899360676359656
0.5899497275691866
0.5899641185509176
0.5899782045566766
0.5899891022783383
0.59
0.5900031987130997
0.5900078975246867
0.5900151618523336
0.5900231024102323
0.5900329583795163
0.5900441734424712
0.5900555587272249
0.5900653898251671
0.590073802733239
0.59008216875347
0.590091950064285
0.5901096720575747
0.5901221923639345
0.5901336327559115
0.5901461790347787
0.5901609952239099
0.5901800292117818
0.5902067307787149
0.5902397999329472
0.590280146051538
0.5903216004299419
0.5903652503724728
0.5904129675946198
0.5904682531871546
0.5905330936425401
0.5906146359096474
0.5907226945349364
0.5908762521045687
0.5909966756911171
0.5910978988123379
0.5912301938981713
0.5913456796644527
0.5914522909575122
0.5915779231057282
0.591742201393508
0.5920249676454247
0.5925905001492581
0.5932980205165079
0.5942255842330146
0.5952927506379091
0.5965412114641865
0.5980015037224669
0.5998382038286216
0.5999
0.5999041782996081
0.5999125348988242
0.5999284028498834
0.5999457723261411
0.5999615781338185
0.5999786550684696
0.5999893275342347
0.5999946637671174
0.6
0.6000041782996081
0.6000077451196089
0.6000148787596105
0.6000279223805356
0.6000424004585836
0.6000580168321422
0.6000764020662674
0.6000958409183943
0.6001178366561761
0.600146165325367
0.6001841242609299
0.600230703040676
0.6002872446473179
0.6003614848520776
0.6004666992122036
0.6006207873478039
0.6008444031560846
0.6011706440994535
0.6016263720892027
0.6022325533038593
0.6030449706452721
0.6041563889146981
0.6059524805406808
0.6078291327416656
0.6088645663708327
0.6093822831854163
0.6096411415927081
0.6097705707963541
0.609835285398177
0.6098999999999999
0.6099099184670167
0.6099291409629795
0.6099597585918727
0.6099798792959363
0.61
0.6100099184670167
0.6100230378661446
0.6100419858627739
0.6100657833703451
0.6100915903225926
0.6101228224977145
0.6101714651384414
0.6102493456664642
0.6103838754855796
0.6105970320233877
0.6108979980169961
0.6113682456913876
0.6122689484362287
0.6140669057406726
0.6164016687851914
0.6195628306504958
0.6199
0.6199078849190693
0.619923654757208
0.6199551944334853
0.6199774930844696
0.62
0.6200078849190693
0.6200191078645645
0.6200390779573108
0.6200586763192254
0.6200798365066622
0.6201041029707185
0.6201329762749526
0.6201741085323196
0.6202244637625239
0.6202933282539649
0.6203941514995656
0.6205400204120047
0.6207798900122691
0.6212596292127978
0.6218741136775634
0.6226349858866211
0.623605629961898
0.6248680034520208
0.6266067358955701
0.6294758838005162
0.6299
0.6299020326252764
0.6299060978758293
0.629914228376935
0.6299249055280997
0.6299363304425402
0.6299499674988808
0.6299650544652361
0.6299840016837969
0.6299920008418984
0.63
0.6300020326252764
0.6300053765530691
0.6300120644086544
0.6300242324168118
0.6300367358604197
0.630050292548193
0.6300661148205101
0.6300846505007143
0.6301081571048482
0.6301347737688544
0.6301643394084621
0.6301976400250741
0.6302371922485036
0.6302852237557747
0.6303415881536272
0.6304071945571462
0.6304824288892377
0.6305674812326917
0.6306694468297096
0.6307878899236169
0.6309254418689064
0.6310850610090879
0.631268996623308
0.6314814903622469
0.6317272682951298
0.6319104212329766
0.6320629643342592
0.6322901309498855
0.6324497991712323
0.6326387663012749
0.6329126772169961
0.6334057460454269
0.6339702726631818
0.6346344310388418
0.6354082651354759
0.6363463872929178
0.6374814520745714
0.6389140917853625
0.6399
0.6399059287685754
0.6399177863057263
0.6399415013800279
0.6399547382433816
0.6399679277275095
0.6399804935077945
0.6399902467538973
0.64
0.6400059287685754
0.6400127693260586
0.6400200908725072
0.6400305666853441
0.6400391099580377
0.6400478822565027
0.6400595916714463
0.6400746922302286
0.6400861424916013
0.6400978944694534
0.6401105841705678
0.6401237016996421
0.6401393774902792
0.6401593645865271
0.6401788287291227
0.6401962762822635
0.6402146008656489
0.6402314757723954
0.6402460290696718
0.6402604686690433
0.6402767482805749
0.6403013240223373
0.6403251160913386
0.6403449473183415
0.6403655038163043
0.6403883173639688
0.6404162454692935
0.6404539445287684
0.6405010735922148
0.6405553220376462
0.6406209907397129
0.6407011760522971
0.6407835601893528
0.6408710660876692
0.6409676078223212
0.6410804155389651
0.641214491461472
0.6413856671550394
0.6416172344791148
0.6419574364133914
0.6425318320088425
0.6436806231997445
0.6446625784232412
0.6453904447400248
0.6461432813313851
0.6468872212733977
0.6475870963059991
0.6484465112776169
0.6495220075042966
0.6499
0.649907078850427
0.6499212365512809
0.6499455430868116
0.649963994966274
0.6499788166220546
0.6499894083110274
0.65
0.650007078850427
0.65001506907143
0.650025126698455
0.6500371826694575
0.6500506828724261
0.6500664236200886
0.6500838054823951
0.6500997203042997
0.6501171324202141
0.6501384838335685
0.6501663685072472
0.6502048009282261
0.6502476519553219
0.6502990952347573
0.6503621937438758
0.6504390038410485
0.6505282245458966
0.6506321319534853
0.6507489481100285
0.6508791954619422
0.6510287011312941
0.6512006148240514
0.6514098057247661
0.6516602577069155
0.651929729606781
0.6521201909902238
0.6523861126014375
0.6525861208284882
0.6527868046069873
0.6530883382521084
0.6535107203910114
0.6543113796441329
0.6553013824716832
0.6565871735445135
0.658116410288197
0.6599
0.6599133386867378
0.6599400160602135
0.6599700080301067
0.66
0.6600133386867378
0.6600286597908906
0.66005456903366
0.660083097473537
0.6601125491775967
0.6601453304695093
0.6601844888541922
0.6602428801621179
0.6603349010721669
0.6604308571947511
0.6605395722725125
0.6606691871199509
0.6608297797765272
0.6609946040046792
0.6611783746422419
0.6614145914526502
0.6617479517225483
0.6621738544309096
0.662715659659813
0.6634034571379702
0.6643927275125154
0.66603611133771
0.6693228789880992
0.6698999999999999
0.669909015833417
0.6699270475002511
0.6699510581400564
0.6699742524086327
0.6699871262043164
0.67
0.6700090158334171
0.670019170661631
0.6700356635941594
0.6700595110161862
0.6700816881348093
0.6701058183004596
0.6701352153811354
0.6701678496894289
0.6702018672148309
0.6702432216508782
0.6702945253721792
0.6703629229918698
0.6704704034017268
0.6706296385491024
0.6708152918662301
0.6710160709802311
0.6712657282918737
0.6716313222005441
0.6721202946968444
0.6727692395132097
0.6736918085072364
0.6752175012321804
0.6778217570477303
0.6799
0.6799052562270769
0.6799157686812307
0.6799367935895384
0.679954974044728
0.6799736419456652
0.6799868209728326
0.68
0.680005256227077
0.6800114422679475
0.6800211851753888
0.6800331103386908
0.6800460309515152
0.6800625199590966
0.6800805738880125
0.6800954472972638
0.6801089962194531
0.6801233490244882
0.6801422859162316
0.6801683092232386
0.6801878937336423
0.6802078961993886
0.6802306861438447
0.6802592135167431
0.6803000949037281
0.680352265651743
0.6804134993697472
0.6804791488936914
0.6805511597220494
0.6806348291002136
0.6807333191614123
0.6808582812081704
0.681026728187232
0.6812735489386806
0.68152309312325
0.6817771014650846
0.6819930456323432
0.6822454987746144
0.6825036605977638
0.6827206900443505
0.6829749444008525
0.6832869163806151
0.6838150604947986
0.684828903231797
0.6859555385661005
0.6872788591861605
0.6889104211542358
0.6899
0.6899028964326668
0.6899086892980004
0.6899202750286677
0.6899325776108954
0.6899480545799118
0.6899647974864893
0.6899789989427232
0.6899894994713616
0.6899947497356809
0.6900000000000001
0.6900028964326669
0.6900056119983289
0.6900110431296529
0.6900207343769813
0.690032545516502
0.69004515487336
0.6900586965608702
0.6900736675024994
0.6900887408156388
0.6901061185736062
0.6901287175751227
0.6901587764893057
0.6901934716799484
0.6902329282284679
0.6902803697363633
0.6903401491804497
0.6904207227366989
0.6905398822205318
0.690745424592475
0.6910272926850995
0.6913953707588778
0.6918828617019654
0.6925311362256648
0.6934003156951396
0.6945839467387582
0.6963598443920805
0.6991320836203717
0.6999
0.6999024284395222
0.6999072853185667
0.6999169990766557
0.6999293269020308
0.6999409537011612
0.6999553153873564
0.6999726794060448
0.6999863397030224
0.6999931698515112
0.7
0.7000024284395223
0.7000055146355262
0.7000116870275339
0.7000225470891783
0.7000352940978033
0.7000491829201346
0.7000651447587606
0.700084030105991
0.7001052983437447
0.7001295497299017
0.7001575947573441
0.7001911512367296
0.7002274121299439
0.7002673819168027
0.7003159910979607
0.7003778267951879
0.7004527773867978
0.7005415548662984
0.7006453815919809
0.7007665426641264
0.7009083291429156
0.7010745845458006
0.7012448698875215
0.7013751376071123
0.7015063788076473
0.701636724955956
0.7017841864518701
0.70196853768587
0.702214615660036
0.7024348719460624
0.7026337008765503
0.7028309037538673
0.7030641633717517
0.703199446303839
0.7033447615760057
0.7034700743641981
0.7035823742739608
0.7036994207504464
0.7038407729985352
0.7040311225662225
0.7041802901450993
0.7043172385774052
0.7044625015762416
0.7046261775018873
0.7047654863546432
0.704894865884736
0.7050344267957516
0.7052228659346813
0.7054371857780781
0.7056211251456875
0.705809615080644
0.7060215912702386
0.7062677620099144
0.7065436961023607
0.706864192583935
0.7072324178519018
0.7076623104766234
0.7082032764520276
0.7089311673161155
0.7099
0.7099168399807548
0.7099505199422645
0.71
0.7100168399807548
0.7100371531494079
0.7100655850481923
0.7101006216289777
0.7101397332017023
0.710181614415055
0.7102366344314158
0.7103198768825146
0.7104099698294132
0.7105256347419296
0.7106801492545376
0.71082896818224
0.7109829267161216
0.7111775683489496
0.7113985105974002
0.7115580167076536
0.7117112387770942
0.7118712043937782
0.7120262666998647
0.7121612905422391
0.71228260012618
0.7124160133414879
0.7125374735393335
0.7126706472799367
0.7127978124226149
0.7129324508761937
0.7130949332761799
0.7132473341396952
0.7134001797825616
0.7135332902191951
0.7136821773599337
0.7137965800139062
0.7139006953778055
0.71401269617132
0.7141595289120685
0.7143644798606079
0.7145121732115873
0.7146581859058924
0.7148198553926589
0.7150175581133883
0.7152764824760753
0.7156618585105106
0.7163257064370545
0.7174820162932587
0.7188098677040506
0.7199
0.719909414113898
0.719928242341694
0.7199658987972859
0.72
0.720009414113898
0.7200239192194353
0.7200459618265799
0.7200763546252549
0.7201128819095427
0.7201544672576163
0.7202021413994472
0.7202526377943042
0.7202968635395686
0.7203370365339449
0.7203765927986181
0.7204205421280034
0.720463603617241
0.7205113657386404
0.7205494101528818
0.7205820507813437
0.7206112087981387
0.7206374964185597
0.7206627157649751
0.7206892805711952
0.7207232623714329
0.720752896305956
0.720782165726733
0.7208102724013699
0.7208395415314137
0.7208724331490935
0.7209125711139657
0.7209560286208592
0.7210021300005235
0.7210327698601738
0.7210684856903402
0.7210979633366921
0.7211242084841685
0.7211517103197592
0.7211854794556264
0.7212355103931251
0.7212719339481934
0.7213063867709082
0.7213440500011836
0.7213877770333408
0.7214463821937648
0.72152045908896
0.7216025520720675
0.7216783336506236
0.7217552708046782
0.7218384757945341
0.7219333970957302
0.7220487238109992
0.7221923360091445
0.7223857458575532
0.7226671912365503
0.7229819544332837
0.7233399052020519
0.7237090717388561
0.7240330881406236
0.7243931135492098
0.7250619911688878
0.7260222083676516
0.7271579077882613
0.7284929473357391
0.7299
0.7299146614444025
0.7299439843332076
0.7299719921666038
0.73
0.7300146614444025
0.7300294438633768
0.7300513720902192
0.7300819426217452
0.730111478786655
0.7301434827018469
0.7301812212696901
0.7302239412931399
0.7302726629906713
0.7303290488961062
0.7303906791476679
0.7304558385578248
0.7305348007805834
0.7306200456244534
0.7307223927383861
0.7308572740134814
0.7310608790732417
0.731440987405942
0.732015548623145
0.7328036823417926
0.7339935247157262
0.7361743052379811
0.7394328426681089
0.7399
0.7399150527056096
0.7399451581168289
0.7399725790584144
0.7399862895292072
0.74
0.7400099018864338
0.7400205433347556
0.7400346396459758
0.7400560007628791
0.7400747382322892
0.7400963472874555
0.7401222137245858
0.7401494006998028
0.7401761237779438
0.7402059388887412
0.7402438441846422
0.7402999247991082
0.7403833172934412
0.7404788396479199
0.7405875724927171
0.7407151030409765
0.7408648539422904
0.7410274613940613
0.7412116745684155
0.7414260939469618
0.7416864590833098
0.7420121127634544
0.7424061057287918
0.7428782305327112
0.7434531214294656
0.7442146536879186
0.7452486241697794
0.7467923873657548
0.7494990949419795
0.7499
0.7499234727761181
0.7499617363880591
0.75
0.7500234727761181
0.7500438967794064
0.7500718067530773
0.750109977875113
0.7501484453472841
0.7501872210564203
0.7502335750632008
0.7503004569067755
0.7503738072094025
0.7504487269083482
0.7505376584396881
0.7506442379247258
0.7507676554611656
0.7508863105200695
0.7510210845454837
0.751194874089889
0.751429349775021
0.7517287358704295
0.752080237342213
0.7525112366367549
0.7530675755606585
0.7538431702200878
0.7550662833157523
0.7575125095070813
0.7599
0.7599104603448773
0.7599313810346319
0.759965690517316
0.759982845258658
0.76
0.7600104603448773
0.7600205193706228
0.7600350186466145
0.7600562077854484
0.7600775237804644
0.7601048484802825
0.7601355315666409
0.7601612394857897
0.7601868583472926
0.760217263885237
0.7602571260698163
0.7602951686979078
0.7603328508841913
0.7603742099578488
0.7604256182445309
0.7604982868707858
0.7605960305396893
0.7607043743398904
0.7608279733867753
0.7609685882031825
0.7611396238732298
0.761360255282386
0.7616411861589939
0.7620220946418551
0.7626140147828262
0.7636136469253358
0.7649355796554784
0.7667793962487068
0.7699
0.7699150211626424
0.7699450634879272
0.7699769676345195
0.77
0.7700150211626424
0.7700287342572832
0.7700497537349957
0.7700799707209534
0.7701070452449161
0.7701359488226726
0.7701710020658855
0.7702146711952359
0.7702587949314815
0.7703101548913535
0.7703725889252511
0.7704528488984247
0.7705691346924394
0.7706901119548714
0.7708278908792796
0.7709920367113829
0.7711800434589778
0.77141782125117
0.7717083919730376
0.7720656965024008
0.7725213445403907
0.7732005747698008
0.7743622296932261
0.7760940354278875
0.7782202857448187
0.7799
0.7799100032642108
0.7799300097926323
0.7799700228494753
0.78
0.7800100032642108
0.7800239778910556
0.7800456241872402
0.7800728895547155
0.7801019187205855
0.7801327805497726
0.7801691655075915
0.7802071167200302
0.7802524050677975
0.7803148541068405
0.7804002296435244
0.7804962978289816
0.7806032244449748
0.7807212537337074
0.7808476641684264
0.7809781789285212
0.7811099891216978
0.7812465994324914
0.7814042561334976
0.7815581382142733
0.7817214421585353
0.7818677471266638
0.7820155462008669
0.7821688111115122
0.7823115904226664
0.7824335017708973
0.7825465832367566
0.7826801425193691
0.7828029742009968
0.7829237435288313
0.7830439251413733
0.7831747575958679
0.7833328345379268
0.7834776802078289
0.783623476856214
0.7837461115347678
0.7838863987474239
0.783995227091063
0.784094097320988
0.78420015367132
0.7843372271893198
0.7844776982895971
0.7846155693154635
0.7847519072081941
0.7848994262875791
0.7850762588210084
0.7852953348061301
0.7856005516722957
0.7860691054178107
0.7869107668233116
0.7881050601867509
0.7894658636373177
0.7899
0.7899178896865716
0.7899536690597148
0.79
0.7900178896865716
0.7900421629460233
0.7900727791937942
0.7901218327064892
0.7901707442185556
0.790225985567479
0.7902938833179574
0.7903797347449679
0.7904682547837185
0.7905471181814713
0.7906217937533275
0.7906997515219604
0.7908021748453592
0.7908700573103419
0.7909392272280671
0.7909995494168113
0.7910515913375968
0.7910998975037637
0.7911472741732809
0.7911988587460086
0.7912720611040482
0.7913425221453239
0.7913974263066781
0.7914518494562135
0.7915103296864701
0.7915785089561852
0.7916663779012546
0.7917541751623574
0.7918156624849108
0.7918692712832719
0.7919238192508098
0.7919902316709326
0.7920816401417697
0.7921557656344369
0.7922270299935965
0.7923056561333149
0.7923975722216592
0.7925180092282709
0.7926650293100032
0.7928062128416408
0.7929530247434565
0.7931154531331098
0.7933056416409618
0.7935342017476379
0.7938341805332112
0.7942606949664786
0.7949465503346727
0.7958103261643311
0.7968190910981708
0.7979963235580299
0.7994488655512223
0.7998999999999999
0.7999090150384118
0.7999270451152356
0.7999631052688831
0.7999815526344416
0.8
0.8000090150384119
0.8000195922397167
0.8000359503114993
0.8000623878597588
0.80008511115721
0.800108496393467
0.8001371219333198
0.800171949994041
0.8002036531321337
0.800232912942099
0.8002643660381321
0.8003024659143181
0.8003442134194256
0.8003874172479276
0.8004322550452122
0.8004851164566821
0.8005462537538908
0.8006095548803608
0.8006816794314404
0.800765578321094
0.8008723731016589
0.8010205882597902
0.8012251924654329
0.8014567657273076
0.8017224017411534
0.8020267391231646
0.8023984272526471
0.8028686661047283
0.8035272218460421
0.8046334558364767
0.806845923817346
0.8099
0.8099080798938028
0.8099242396814084
0.8099565592566196
0.8099782796283098
0.81
0.8100080798938029
0.8100184263240849
0.8100357321690053
0.8100580047661395
0.8100787008964033
0.8101016813179334
0.8101281222152134
0.8101570777538999
0.8101871387429563
0.8102234927767531
0.8102714268304194
0.8103374889426169
0.810414781292877
0.8105005595867671
0.810600007682504
0.8107170957182134
0.8108530313673326
0.8109882157334113
0.8111327579652566
0.811306713289436
0.811524874209246
0.8117704229528407
0.812062290872371
0.8124139892432194
0.8128662278729947
0.8135131332826716
0.8146406820046099
0.8168957794484866
0.8199
0.8199087953201433
0.8199263859604299
0.8199615672410031
0.8199807836205015
0.8200000000000001
0.8200087953201434
0.8200181325533573
0.8200347311207878
0.8200633520216731
0.8200871092087209
0.820109562737519
0.8201342089575525
0.8201657841201146
0.8202028908851076
0.8202351320795236
0.8202642294343365
0.8202948135512242
0.8203332033922286
0.8203742559219914
0.820416649719725
0.8204599647290244
0.8205106782959826
0.8205696288532737
0.8206317428307692
0.8206990105293075
0.8207771451655156
0.8208703581124197
0.8209922045860636
0.821165922368337
0.8214220087560056
0.8217175055340558
0.822049634761543
0.8222887584716805
0.8224651097765235
0.8226128212646797
0.8227473415638451
0.8228907228623688
0.8229751147007768
0.8231004911563888
0.8232000243512491
0.8232821583938973
0.8233618635557252
0.8234447210712446
0.8235487632284052
0.8236463782103599
0.8237467632603255
0.8238424030082723
0.823942127920048
0.82405410106152
0.824191625288007
0.8243623960769766
0.8245181812807515
0.8246596345310988
0.824804662255636
0.824970248206472
0.825139229291699
0.8253435922464635
0.8255643382969255
0.8257804302369538
0.8260125199668077
0.8262823900692966
0.8266054098863348
0.8270304780308575
0.8276353848580754
0.828606551868868
0.8298958747460019
0.8299
0.8299082505079961
0.8299155017037632
0.8299300040952973
0.8299559894347698
0.8299904383223051
0.8300000000000001
0.8300145023915341
0.8300257947846096
0.8300455571521095
0.8300747802960179
0.8301107848981948
0.8301463985932779
0.8301876919901123
0.8302332258818779
0.8302906976209795
0.8303474624411824
0.8304147249078883
0.8304892372656302
0.8305790807254411
0.8307012760353206
0.8309011532500084
0.8311472460689974
0.831452953697556
0.8318327253446715
0.8322492175494827
0.8327037206589005
0.8332619542534699
0.8340765604679342
0.8353042908552505
0.8368597812106456
0.8388114360890045
0.8399
0.839921727760797
0.839965183282391
0.84
0.840021727760797
0.8400499667781992
0.8400851813030166
0.8401342044219627
0.8401867651245749
0.8402428230689356
0.8403106056498567
0.8403864018513653
0.8404737050871371
0.8405837854641505
0.8407516207631107
0.8409473785469148
0.8411648691858861
0.8414123720198009
0.8416964857184678
0.8420270765038667
0.8424152948984368
0.8428733862365677
0.8434161392118021
0.8440303277745036
0.8447343688666871
0.8455494835179993
0.846500038778401
0.8476640552553814
0.8490892418822158
0.8499
0.8499065347067618
0.8499196041202854
0.8499457429473327
0.8499675925998075
0.8499837962999037
0.85
0.8500065347067618
0.8500152468381976
0.8500297333312705
0.8500474287308858
0.8500646134439758
0.850081913257018
0.8501024033863748
0.8501267506479271
0.8501515605743751
0.8501764515873841
0.8502051747063419
0.8502426321542597
0.8502961536489017
0.8503601129072484
0.8504316703607829
0.850516140509962
0.850616014226194
0.85071840775417
0.8508297761458495
0.8509711026786666
0.8511878406297207
0.8513482262070233
0.8515036291940722
0.8516668211410827
0.8518412680962539
0.852072115465194
0.8524324225378408
0.852688914778262
0.852950137501328
0.8532401991985695
0.853598164718061
0.8541101711518005
0.8550161354300726
0.8567279965666306
0.8588300313851884
0.8599
0.8599094476870348
0.8599283430611044
0.8599661338092437
0.8599830669046218
0.86
0.8600094476870348
0.8600182412811724
0.8600356833152087
0.8600580620349927
0.86008652334816
0.8601134992945557
0.8601432864861303
0.8601770710387284
0.8602184429337807
0.8602600819072028
0.8603067853555171
0.860359462515108
0.860416387771709
0.8604779603910467
0.8605417247764335
0.8606154872526106
0.860724873174347
0.8608460858024848
0.860946178539355
0.8610525291951621
0.8611706145634088
0.8613183791757433
0.861526763942266
0.8618765717402723
0.8623307209793754
0.8628376559395503
0.8634631576430574
0.864265429821177
0.8654895584311598
0.8670288946689663
0.8689486501171058
0.8699
0.869915404947902
0.8699462148437059
0.87
0.870015404947902
0.8700400292531607
0.8700686547050085
0.8701085998109984
0.8701537303900287
0.870198517956819
0.8702495027482958
0.8703118049831838
0.8703778009538229
0.870459410626186
0.8705784602113559
0.8707284082181003
0.8709171907654601
0.8711640757712893
0.8715093170812999
0.8720540173484204
0.8726512107767573
0.87308711332794
0.8735181369115049
0.8739401559225225
0.8743555433395284
0.8748992091673727
0.8759865408230615
0.8774922580617321
0.8793041441613708
0.8799
0.8799531872222585
0.88
0.8800531872222584
0.8801009337428505
0.880158759059378
0.8802454323424788
0.8803358470796354
0.8804442149513159
0.8805671010655896
0.8807449936059968
0.8809835508238432
0.8813323088624538
0.8819082633468178
0.8827464833382783
0.8839699349058331
0.8859854391345164
0.8897281193170914
0.8899
0.889924486627103
0.8899622433135514
0.89
0.890024486627103
0.8900564339443926
0.8900972342727623
0.8901533683573977
0.8902143434445914
0.8902805660154176
0.8903606791613882
0.8904535338097491
0.8905626673079236
0.8907020262364351
0.8908943090934498
0.8911100690310019
0.8913416930486204
0.8916177272879906
0.8919870746528861
0.8925894746817056
0.8936422190743155
0.8949756909191346
0.8966133367251018
0.89869806906579
0.8999
0.8999303474203001
0.8999651737101501
0.9
0.9000303474203001
0.9000593921652789
0.9000934994217857
0.9001464160714631
0.9002095308581134
0.9002890838223641
0.9003722245431863
0.9004558944225365
0.9005549102537833
0.900676399823462
0.9008210146849864
0.9009617702236894
0.9011224780269448
0.9013289123797482
0.9016411964738127
0.9022657646619416
0.9031566410910821
0.9045774402193633
0.9063266427460349
0.908633006260397
0.9099
0.9099098812013227
0.9099296436039679
0.9099691684092583
0.91
0.9100098812013226
0.9100234521320109
0.910043497047558
0.9100722268699108
0.9100999123671601
0.9101310884171055
0.9101649409949868
0.9102073592983025
0.9102497291278945
0.9102994808562147
0.9103552054190307
0.9104245247049368
0.9105063819819991
0.9105898606651799
0.9106865231008652
0.9108041057864942
0.9109486136959191
0.9110962951250701
0.9113024833924632
0.9114510730403362
0.9116183055252463
0.9118594185689988
0.9123244246612676
0.91315781302769
0.9141723349119416
0.9154940332558815
0.9171082080379599
0.9191197643064585
0.9199
0.9199252731012785
0.9199626365506393
0.92
0.9200252731012785
0.9200507842806771
0.920085190203984
0.9201391649527273
0.9201951994105294
0.9202559903733707
0.9203222690148559
0.9204012180937996
0.9204914791345828
0.9205926946924514
0.9207231116824869
0.920905639241502
0.9211393056152342
0.9214351332051448
0.9218269930881353
0.9223880232799254
0.9233119642936868
0.9251598463212095
0.928855610376255
0.9299
0.929911104833457
0.929933314500371
0.9299666572501855
0.93
0.9300111048334571
0.9300259206945476
0.9300487185574012
0.9300828644061954
0.9301261363194794
0.9301698572470916
0.9302211417808828
0.930281626945813
0.9303497569314013
0.9304256724091641
0.9305137498040612
0.9306159147146806
0.930742703766116
0.9308882657032554
0.9310439584433086
0.9312163047656489
0.9314121893783935
0.9316446547678584
0.9319582630602523
0.9324115262631735
0.9332427708788721
0.9346805443317259
0.9367828422434115
0.9399
0.9400000000000001
0.940097359427917
0.9401947188558338
0.9403107725631553
0.9405026611717712
0.9407193953783638
0.9409610570168847
0.941260495184091
0.9416672943871953
0.9421024586154799
0.942692834597423
0.9437961159588992
0.9456712052123399
0.9484668694701573
0.9499
0.9499102453974325
0.9499307361922976
0.9499717177820278
0.9500000000000001
0.9500102453974326
0.950023087935901
0.9500427403761306
0.9500698926442918
0.9500945744000976
0.9501227134928077
0.9501656524578277
0.9502092840039277
0.9502469998315775
0.950287308160154
0.950330142064366
0.9503836832315379
0.9504695317794305
0.9505376356359231
0.9506024753911071
0.9506758960318007
0.9507614130104479
0.9508776420848788
0.9510610304801828
0.9514278072707907
0.9519799486675059
0.9527373919157276
0.9537781341417468
0.9554186651395149
0.9583461787248062
0.9599
0.9599145344074015
0.9599436032222045
0.96
0.9600145344074015
0.9600404161310598
0.9600691605697
0.9601055729955433
0.9601445276183873
0.9601889542590658
0.960240219009064
0.9602995049048628
0.9603690499692344
0.9604528105795688
0.9605426025609923
0.9606465162881304
0.9607863846028841
0.9609724076598878
0.9611946493543388
0.9614787793263503
0.961842783588141
0.9623403072662606
0.9630924817403477
0.9644592695801955
0.967192845259891
0.9699
0.9699125292012087
0.9699375876036263
0.9699687938018131
0.97
0.9700125292012087
0.9700274767136908
0.9700473056394056
0.9700726557185294
0.970105057598005
0.9701355383970707
0.9701664614055848
0.9702034321668432
0.9702482891997168
0.9702941667264555
0.9703409315894003
0.9703958489477982
0.9704683655503737
0.970572321605108
0.9706954960650435
0.9708382787258515
0.9710120138459765
0.9712345591836485
0.9715427213802508
0.9720216597994835
0.9729511066926233
0.9747675506225941
0.9780230977063215
0.9799
0.9799390304925161
0.98
0.9800390304925161
0.9800785913824022
0.9801290016463412
0.9801953387614866
0.9802652528986746
0.9803473625188953
0.980438247850981
0.9805533533945926
0.9806838083813656
0.9808458354792158
0.9810903064149888
0.9815246003615455
0.9822076823632281
0.983384538238124
0.9854765806089774
0.9895862441494618
0.9899
0.9899411654445556
0.99
0.9900411654445556
0.9900817593369462
0.9901343189191587
0.9902066529086833
0.9902808193687662
0.9903697668495184
0.9904703729523233
0.990615865465818
0.990815209845111
0.9910992160444605
0.9915488975388909
0.9924268777950661
0.9941078633205376
0.9974585541184476
0.9999
0.9999420871748499
1.0
