0.0
0.001
0.003
0.007
0.015
0.025
0.0299
0.03
0.03009323061467704
0.03018646122935408
0.03028983105165728
0.03047523851150139
0.0306870404288136
0.03095378534991303
0.03142499383911856
0.03227981215585119
0.03381458035290569
0.0368841167470147
0.0399
0.03990323159420169
0.03990969478260508
0.03991592478324717
0.03992183567024607
0.0399309478687421
0.03994501120916024
0.03996184615759554
0.03998301997795311
0.03999150998897655
0.04
0.04000323159420169
0.04000734861164319
0.04001249352917836
0.04002278336424872
0.04004107608978588
0.04006445239431336
0.04008575289775367
0.04010833244581859
0.04013335165871277
0.04016506413101661
0.04020276412495549
0.0402412129858571
0.04028523272989995
0.04033714394334392
0.0403798755637917
0.04041444588975368
0.04044738502696851
0.040487589142981
0.04050870319801184
0.04052971913841426
0.04055326297729647
0.04057895226860007
0.04061102262041892
0.04062244031141013
0.04064527569339255
0.04068093541268514
0.04071410150685899
0.04075086847503529
0.04079179042796077
0.04083805956182656
0.04088548920101005
0.04092404342977916
0.04095668111134473
0.04098978844968088
0.04103915988515746
0.04107940279081696
0.0411133246531372
0.04114905361049603
0.04118898982848803
0.04123908167033272
0.04129337882845483
0.04133901716099306
0.04137831780651054
0.04141394485450757
0.04144793536256768
0.04148334150037741
0.04152674375765804
0.04155922439682606
0.04159498397907729
0.04162622929404573
0.04165462294721203
0.04168277103716515
0.04171191963575204
0.04174441159174743
0.04178643458137929
0.04182572808314484
0.04186768654447624
0.04190674377973912
0.04194627240013833
0.04198931049213543
0.0420398497934083
0.04210002996502965
0.04217747657637928
0.0422823195070596
0.04243470766037515
0.04267869570233241
0.04312055812089399
0.04361406909095283
0.04416120021596149
0.04478296340086733
0.0454930623554311
0.04632020631502713
0.04729698284637021
0.04847353127365171
0.04985175144528642
0.0499
0.04990373749141335
0.04991121247424005
0.04991697041197001
0.04992283645428115
0.04993132576017734
0.04994497073746772
0.04996017258523815
0.04997473405606329
0.04998892732276286
0.05
0.05000373749141335
0.05000903103625769
0.05001462738556749
0.05002582008418707
0.05004003187442159
0.05005136431262749
0.05006195667399136
0.05007310232231387
0.05008675220365424
0.05010859894061508
0.05012487785207737
0.05014037855648342
0.05015751763570744
0.05017786525880233
0.05020503407143215
0.05022907555277593
0.05027145599517951
0.05030415740280497
0.05034019558777737
0.05038062178715631
0.05041879064669796
0.05045697286071483
0.0504986597173897
0.05053510620555322
0.05056472801135718
0.05059040552749593
0.05061223130041355
0.05064047336778024
0.05066834537699109
0.05069608625181493
0.05071440343670393
0.05073185541025076
0.05074943692452074
0.0507715948226056
0.05079261244693054
0.05083464769558042
0.0508605332234783
0.05088803203163006
0.05092208180564934
0.05095132954552924
0.05098275087770477
0.05101937066735453
0.05106377543786524
0.051106497610895
0.05114483061972927
0.05118378415138594
0.05122665156642855
0.05127257019071957
0.05131609911203817
0.05136224702399898
0.0514074957358388
0.05144812832381222
0.05148637170569222
0.05152460783667159
0.05156686484875509
0.05161030471160812
0.05165138487853276
0.05168758780808696
0.05171986874911763
0.05175076551723679
0.05178214083443887
0.05181614223204647
0.05185468897964019
0.05188971550467535
0.05192291268979626
0.05195606895487712
0.05196472259384703
0.05198202987178683
0.05201041360009313
0.05203677315445471
0.05208938139508386
0.05213913351245873
0.05218499847261329
0.0522247137615799
0.05226226595618665
0.05229693940927915
0.05233390009419057
0.0523769553977506
0.05241162217942254
0.05244467839941257
0.05247711879050806
0.0525117489473468
0.05255372062715225
0.05261234853527529
0.05266755188133086
0.05271276581551918
0.05275789266022324
0.05280391765937927
0.05285011611285496
0.05290254084162313
0.05295897668897752
0.05300739259655063
0.05304602688037036
0.05308141048755732
0.05311660919245037
0.05315505586528958
0.05320027318928146
0.053254581257779
0.05330808601848232
0.05335693069312309
0.05340714251343057
0.0534620054963587
0.05352263937234897
0.05359128154896125
0.05366687834491349
0.05375488558306153
0.0538578859299741
0.05397530538462036
0.05410210682741133
0.05424256499472935
0.05440620591741518
0.05459941646912416
0.05484261847366665
0.05503167737322343
0.05521091976798474
0.05539072825760626
0.05555169899914325
0.05575251717846863
0.05600565409573387
0.0562852896024491
0.05665624277340953
0.05728879860331761
0.05809612056702829
0.05934691632310429
0.0599
0.0599035657230657
0.05991069716919711
0.05992496006145991
0.05993679899691012
0.05994894400068589
0.05996004686389068
0.05997024411811071
0.05998031217313787
0.05999029667233786
0.05999514833616893
0.06
0.0600035657230657
0.06000713124873077
0.0600117622525268
0.06002102426011886
0.06002773690459344
0.06003398587084434
0.06004106386795195
0.06005111279241025
0.06006164526809217
0.06007035793862269
0.06007937369080538
0.06008946058590118
0.06010187227681209
0.06011867427627067
0.06014278760339554
0.06016339160589214
0.06018359376965547
0.06020569262519424
0.06023162542109287
0.06026540278530357
0.06030863247585608
0.06036169527953004
0.06044686215417395
0.06051019518728101
0.06058975152768456
0.06071691869977729
0.0608160821233406
0.06094958076594843
0.06111136081038197
0.0613053644569342
0.06153995163457899
0.06181874308779497
0.06219112455593255
0.06264855526968956
0.0632591524912213
0.06416690904981458
0.06535746030937264
0.0669725250444359
0.06923362206122727
0.0699
0.0699050533546184
0.06991516006385519
0.06993537348232877
0.06995037846857001
0.06996413626598082
0.06997905198873146
0.06998952599436573
0.07
0.0700050533546184
0.07001123924005753
0.07001863573148989
0.07003069844881774
0.07004429207398974
0.07005950346642129
0.0700736926587148
0.07008607080704711
0.07009770012139026
0.07010990619360255
0.07012619027905864
0.07014198736457512
0.07015386757149372
0.07016517427676447
0.0701768690361379
0.07018940765033682
0.07020214742272426
0.07021284154312199
0.07022124422687541
0.07022884252592536
0.07023750790288606
0.07024540983046085
0.07025376090383657
0.07026177107766879
0.07027014783072823
0.07027994872653731
0.07029140358239723
0.07030628472153247
0.07032699172592313
0.07034643627785121
0.07036157939004911
0.07037429650391508
0.07038584069774109
0.07039749967209685
0.07041217492757358
0.0704228044825431
0.07043376833798297
0.07044352549546998
0.07045237921819109
0.07046094963822895
0.07046953029747227
0.0704787158463065
0.07048998948393984
0.0705001274676667
0.07051164065635461
0.07052218002142017
0.07053273039332157
0.07054423332421626
0.0705573980823092
0.07057362878779319
0.07059407909424951
0.07062193208200533
0.0706626426010685
0.07072972632777884
0.0708023690270463
0.07086747499050523
0.0709976869174231
0.07117876347968101
0.07138097724995839
0.07157291311333565
0.07182659465225551
0.0720450425219722
0.07220637221873741
0.0723717619157225
0.07253598879086189
0.07272879679281868
0.0729702425283296
0.07344644997515977
0.0740202525121229
0.07468027225301647
0.07543179774537434
0.07629064811404142
0.07730000510827618
0.07847682138973872
0.07987808933772941
0.07990000000000001
0.0799046828963091
0.07991404868892728
0.0799272409732401
0.0799423023776619
0.07995545474553784
0.07996944020809486
0.07998589153775648
0.08
0.08000468289630909
0.08001148800381695
0.08002352298571662
0.08003725030871012
0.08005101917085938
0.08006740556547867
0.08008362143349017
0.08010225640947205
0.08012621505972518
0.08015958037510754
0.08020085213508425
0.08024840736651016
0.08030322521152698
0.08036656100754537
0.08044010409598093
0.08052591577642347
0.08061619121168447
0.08069282864899431
0.08075980440591699
0.08082241310394524
0.08088574750607634
0.08096089642210823
0.08102047095076051
0.0810877387857892
0.08114383280531556
0.08119163571029057
0.08123498865260592
0.08127521131211542
0.081315107362006
0.08135895641832665
0.08142115435060156
0.08148107100400741
0.0815273053329754
0.08157258254954794
0.08162063311586731
0.08167559844032468
0.08174470588674139
0.081832067731755
0.08190097997932232
0.08195050701303887
0.08199475334769925
0.08203949828004181
0.08207870973368041
0.08212702920004684
0.08217894636445526
0.0822353186345199
0.08229447226591777
0.0823456416949129
0.08239943780567437
0.08245772272136695
0.08253486753436236
0.08264313446633283
0.08276042615920694
0.08287928244585799
0.08300638324637834
0.0831476072448445
0.08331348177691802
0.08351259393990676
0.08377016552111238
0.08412604218176278
0.08466712667315861
0.08538868583169007
0.0862188309571
0.08718732280080177
0.08831947289259537
0.08970108164346308
0.08990000000000001
0.08990448790927368
0.08991346372782101
0.08993141536491568
0.08994642660890823
0.08996197167150198
0.08998176004112443
0.09
0.09000448790927366
0.09001298854721362
0.0900233527506197
0.09003816239168813
0.0900550731144647
0.09007363567557819
0.09009474679073377
0.09011910130396074
0.0901475165710278
0.09018083842900024
0.090219937372631
0.09026318880816972
0.09029873606221957
0.0903287074135562
0.0903561070340881
0.09038313788164924
0.09041385382487158
0.09044025552141344
0.09047312143084371
0.09049980402019152
0.09052262110322262
0.09054317353900049
0.09056160913773596
0.09057899093162365
0.0905966744948388
0.09061719776350716
0.09063666417626545
0.0906588000577623
0.09067833311916249
0.09069766170243528
0.09071859448959274
0.09074245674834856
0.0907719472994515
0.09080126566371124
0.09083286881822802
0.09086237251431328
0.09089370640033745
0.09091764659844405
0.09093854219617742
0.09095897536603152
0.09098054463847394
0.0910072052472092
0.09102622748742539
0.0910467645451251
0.09107308453666611
0.09109482649451121
0.09112279154211393
0.09115358983934477
0.09118282027784609
0.0912150580267807
0.09125206511023291
0.09129796303702588
0.09135967706522503
0.09145058913048419
0.09159278174220792
0.09173336209150373
0.09184634171839957
0.09194179471071756
0.09203575799170376
0.09216678322371101
0.09228429420166025
0.09238103282550886
0.09248187005318635
0.09259435660140103
0.09272267464920315
0.09284041871831947
0.09295678630558023
0.09310417571568896
0.09319305265103171
0.09328098600305755
0.09336273709325148
0.09344342534178922
0.09353699674120163
0.09368197457188089
0.0938129742269741
0.09392216034251763
0.09403495323577554
0.09415835996862408
0.09430864046866647
0.09449989414711955
0.09476922261222534
0.09518506401257208
0.0959292525649221
0.09685573888383213
0.09797729153575918
0.09926827448061878
0.0999
0.09991287218031968
0.09993861654095902
0.0999693082704795
0.1
0.1000128721803197
0.1000292956514195
0.1000556067965565
0.1000843065264427
0.1001155320650829
0.1001511954131274
0.100196919944259
0.1002482593263812
0.1003144428998844
0.1003896780413328
0.1004536316352199
0.100552977577421
0.1006538670146616
0.1007665008692763
0.1009040918723139
0.1010870097070329
0.1013227820788495
0.1015965072225035
0.1019135943560217
0.1022827295249191
0.1027161164980611
0.1032119854381155
0.1037798713198117
0.1044313368644394
0.105177434619981
0.1060792271249276
0.1071695276405547
0.1084210734781821
0.1098624348374222
0.1099
0.1099037158622778
0.1099111475868335
0.1099242199561345
0.1099372895631663
0.1099516677132267
0.1099700962020005
0.1099907267988579
0.11
0.1100037158622778
0.1100080455500845
0.1100166175934905
0.1100309001583704
0.1100438408894795
0.1100581291162801
0.1100757135486849
0.1100922497405823
0.1101070590546448
0.1101227247765663
0.1101429275722837
0.1101626892582176
0.1101826766690852
0.1102036900215754
0.110223882385436
0.110239316581114
0.110253240779619
0.1102672922786243
0.1102831605305523
0.1103072467861279
0.1103300785949345
0.1103486855709559
0.110367554733968
0.1103879897989138
0.1104124973407635
0.1104430815150795
0.1104800179178048
0.1105196916114475
0.1105556707241846
0.1105834777855987
0.1106064804117959
0.1106300731983977
0.110654466994389
0.1106804683861188
0.1107039723337606
0.1107285578138023
0.1107564218615326
0.1107908583550584
0.1108377054811182
0.1108844174621034
0.1109226703885621
0.11095622063335
0.1109885335104137
0.1110254717663577
0.1110512551752636
0.1110808814685578
0.1111065057796011
0.111129648751936
0.1111528317333981
0.1111776055615589
0.111208472891943
0.1112367345054878
0.1112684891730737
0.1112980501174262
0.111328190067201
0.1113614619535254
0.1114011980604364
0.1114497279122674
0.1115145460390679
0.1116070267806759
0.1117532545852898
0.1120227221393774
0.1123620957605632
0.112740852860164
0.1131709553732124
0.1136624332097405
0.114231063448541
0.1148961997686531
0.1156787954331917
0.1166040850208094
0.117704067866277
0.1190212357453303
0.1199
0.1199067026810931
0.1199201080432792
0.1199469187676515
0.1199679167040208
0.1199835228029165
0.1199917614014583
0.12
0.1200067026810931
0.1200140893947513
0.1200231720968894
0.1200382931022063
0.120050517786612
0.1200633109105158
0.1200804059372256
0.1201015739050178
0.120118328744858
0.120136092221255
0.1201562337483118
0.1201822770771844
0.1202216649803567
0.1202755245319561
0.1203375963031285
0.1204089952990707
0.1204918301464506
0.1205883866002908
0.1206973358943557
0.1208207224914005
0.1209596359191648
0.1211191626953705
0.1213021599822147
0.121525288665385
0.1218041816868899
0.122183603501577
0.1227799506491127
0.1239726449441842
0.1260060112192321
0.1294398282411326
0.1299
0.1299039040190989
0.1299117120572968
0.1299273281336924
0.1299423697435955
0.1299587135760937
0.1299724967557915
0.1299839166422965
0.1299919583211483
0.13
0.1300039040190989
0.1300091148307652
0.1300176114869701
0.1300255288072176
0.1300352728072818
0.1300450095613899
0.1300523680233866
0.1300588445190251
0.1300653284684637
0.1300727066043783
0.1300848600496939
0.1300950462398879
0.1301037662206553
0.1301129236007886
0.1301230664299483
0.1301355282209136
0.1301522691297058
0.130175128127288
0.1302117978858077
0.1302595640364428
0.1303122083426999
0.1303743983713131
0.130450446636785
0.1305510370691178
0.130703345795106
0.1310079632470824
0.1315478121552284
0.1324131954099602
0.1341439619194238
0.1376054949383511
0.1399
0.1399103552552838
0.1399310657658514
0.1399655328829257
0.1399827664414629
0.14
0.1400103552552838
0.1400223079856186
0.1400414404149674
0.1400693161962124
0.1400976966431458
0.1401283323315795
0.1401645235636749
0.1402063580701297
0.140255457019611
0.1403132391773778
0.1403810853300757
0.1404606938970089
0.1405540339337579
0.1406634396439012
0.1407916767135002
0.1409419951655463
0.1411182055961058
0.1413247665665888
0.1415666743173639
0.1418493259502172
0.1421796453578775
0.1425554556130702
0.1429158256257063
0.1432619469933271
0.1436037352943481
0.1439594569916557
0.1443815542277858
0.1449813778114427
0.1454198628706264
0.1458032499770119
0.1462038106325766
0.1466603573816033
0.1471199349928783
0.1476113411402551
0.1481985986278243
0.148875810129997
0.1495719264516699
0.1499
0.1499039522346139
0.1499118567038417
0.1499276656422974
0.1499443495047025
0.1499597764596611
0.1499757256192675
0.1499878628096338
0.1499939314048169
0.15
0.1500039522346139
0.150007650823767
0.1500150480020733
0.1500259544469443
0.1500393324463629
0.1500540434738933
0.1500688546847376
0.1500822078820635
0.1500925432025403
0.150101285416417
0.1501088001345609
0.1501154694456106
0.1501216505624896
0.1501275486963827
0.1501333005158692
0.1501389943298182
0.15014477900305
0.1501508800012614
0.1501575292012114
0.1501652421447524
0.1501757093799913
0.1501895487218061
0.1502006325026576
0.1502085998523927
0.1502145587831441
0.1502188906934308
0.150223319682956
0.1502267723703337
0.1502301189620665
0.1502330075278928
0.1502362603868993
0.1502388197648573
0.150241765939869
0.150244554381562
0.1502472713102154
0.1502500493579283
0.1502529260606319
0.1502559644211687
0.150259264616987
0.1502630769638545
0.1502686787285169
0.1502736784080836
0.1502773525108526
0.1502808441938333
0.1502846567758447
0.1502892929694338
0.1502952904543184
0.1503030465016876
0.1503130936358768
0.150325266892005
0.1503364598237397
0.1503467961204034
0.1503567311849863
0.1503666799838927
0.1503760176166477
0.1503839369494281
0.1503916861379355
0.1504016264426781
0.1504103472847622
0.150418022142109
0.1504253035423797
0.1504325032397745
0.1504402562217683
0.1504500112582961
0.1504610796170508
0.1504710037189042
0.150479644441489
0.1504877530004315
0.1504960967843674
0.1505057555991554
0.1505193146096643
0.1505338164441676
0.1505474778753328
0.1505604293795339
0.1505736060440308
0.1505878247526766
0.1505970073859903
0.1506037118451028
0.1506109989612422
0.1506169390893425
0.1506232989840564
0.1506295297122953
0.1506358577980363
0.1506443824980158
0.1506557018165678
0.1506701830951382
0.1506886200525835
0.1507073926913438
0.1507226562170721
0.150737090210022
0.1507532750746287
0.1507672143183332
0.1507806842023417
0.1507970803009577
0.1508172422121417
0.1508347262489006
0.1508506770221998
0.1508662694624769
0.1508821745220194
0.1508993466735372
0.1509189053677726
0.1509428672608631
0.150973873600718
0.1510102494513902
0.1510418460832262
0.1510721976048205
0.1511004492233433
0.1511315117720539
0.1511644391671018
0.1512008844432232
0.1512430249622103
0.1512936420294266
0.1513574265149224
0.1514426153930089
0.1515415139126033
0.1516246908890144
0.1517038041578022
0.1517609224806557
0.1518186572758617
0.1518736508748557
0.151940107157949
0.1520476442896379
0.1521320962745554
0.1522184006072637
0.1523120881110002
0.1524319476447327
0.1526085101207885
0.1529316740879937
0.1535780020224042
0.1542180485532146
0.1547749170628482
0.1555009021492264
0.1561428103998395
0.1567056633987142
0.1573833470975864
0.1581971592651986
0.1596490632193318
0.1599
0.1599068260436941
0.1599204781310824
0.1599369765998359
0.1599531335413685
0.1599680788893765
0.1599829024734814
0.1599914512367407
0.16
0.1600047196588554
0.1600119675594422
0.1600195878527658
0.1600294765648197
0.160040781651895
0.1600530830583626
0.1600638704720451
0.1600780560462703
0.1600921644394389
0.1601075924161461
0.1601239856374987
0.1601415724303305
0.1601611775310582
0.1601810184999578
0.1602024160952965
0.160227038701555
0.1602567353137136
0.1602899420039052
0.1603292549465084
0.1603781651570421
0.160435455373036
0.160485325213383
0.1605269676623153
0.1605593369920716
0.1606001299757667
0.1606287678995361
0.1606562567730164
0.1606794174451713
0.1607006858532529
0.1607186098900598
0.1607341635777449
0.1607486082774943
0.1607629461571159
0.1607765297717426
0.1607940302111312
0.1608139857581273
0.1608279655102191
0.1608397293058216
0.1608507180885696
0.1608615639559272
0.1608736721183431
0.1608907512020971
0.1609094576269475
0.1609239102134129
0.1609382464220259
0.1609540289716663
0.1609732365281485
0.160995990087215
0.1610197243844727
0.1610436866015766
0.161070141045821
0.1611031932215147
0.1611363112337491
0.161166214550972
0.1611967471835017
0.1612298665092588
0.1612671227471589
0.1613078190281601
0.1613552019447338
0.1614101087333236
0.1614690458667445
0.1615385701096372
0.1616298256275799
0.161723122862908
0.1618054499860742
0.1618871608560025
0.1619894287545741
0.162109809694647
0.1621992801440585
0.1622904610378286
0.162393640543688
0.1625257732859745
0.1627239796057217
0.1630927263518839
0.1637335092004921
0.1643780599214109
0.164500066093331
0.1647440784371712
0.1648305211861955
0.1649194761988712
0.1650141806422262
0.1651219982666948
0.1652070812272732
0.1653022249344273
0.1654266600920857
0.1655897574578375
0.1658513291199162
0.1663524686144314
0.1671065268153023
0.1683433948397901
0.1699
0.1699098921497227
0.1699296764491682
0.1699488190201269
0.1699676005302186
0.1699865040865194
0.17
0.1700098921497228
0.1700194423755575
0.1700302941976128
0.1700463512084905
0.1700645347921639
0.1700810431351091
0.1701049448977527
0.1701274752362439
0.1701477132660933
0.1701743032509156
0.1702003606382912
0.1702307095619049
0.1702713475689443
0.1703361432320614
0.1704175169320464
0.170477542959922
0.1705224640007587
0.1705598493360446
0.1705930895551942
0.1706262038134601
0.1706650101418157
0.170714227557021
0.1707509040492296
0.1707798704586866
0.1708048778903705
0.1708266428097004
0.170846926478597
0.1708676766279683
0.1708924691149
0.1709142515438941
0.1709389564385546
0.1709617177954691
0.1709847425448435
0.171010166481879
0.1710397293927804
0.1710769139383131
0.1711137478168327
0.1711484758709538
0.1711806704680578
0.1712206908519722
0.1712515368259509
0.1712886939195257
0.1713298493301521
0.1713710196929892
0.1714120679168186
0.1714605517736904
0.1715123968811185
0.1715683225009426
0.1716332582775108
0.1716953407431091
0.1717569763444702
0.1718232033316895
0.1718980331056038
0.1719891337088538
0.1721031343103876
0.1722574597557643
0.1724327342883583
0.1726231093200107
0.1727951680542107
0.1729205107486096
0.1730603574880477
0.1732512565951156
0.1734246943654563
0.1736203443970082
0.1739217422246855
0.1742895316153712
0.1750251103967426
0.1759002576452957
0.1769196201876426
0.1781087308503922
0.1795055848996023
0.1799
0.1799098921497227
0.1799296764491682
0.1799692450480592
0.1799846225240296
0.18
0.1800098921497227
0.1800203856397423
0.1800375045360633
0.1800580173476709
0.1800849475011361
0.1801136190672614
0.1801405957638401
0.1801714065821305
0.1802116717652787
0.1802608900679796
0.1803090439529731
0.1803522510216478
0.18040951538705
0.1804754220054948
0.1805568922976986
0.1806532070409038
0.1807652267961215
0.1808975094113745
0.18100508169163
0.1811054704205863
0.1812313446172912
0.181435788210047
0.1816192578281323
0.181788035571736
0.1819628921277377
0.1821520091657101
0.1823767818768211
0.1825848462822506
0.1827546839491946
0.1829133503669519
0.1831118387238201
0.1833268104838959
0.1834925052110238
0.1836624406799865
0.1838367880270681
0.1840135752066905
0.1841479580076097
0.1843126426767855
0.1844439101605494
0.1845632168209036
0.1846916731806744
0.1848563769893565
0.1850255780505222
0.185194880264665
0.1853608856039004
0.1855392345461839
0.1857513267176611
0.1860112246807249
0.1863682117706928
0.1869042943297426
0.1878243829835167
0.1892879501721648
0.1899
0.18990537242035
0.18991611726105
0.1899376069424499
0.1899542939374351
0.189973309941629
0.1899866549708145
0.19
0.19000537242035
0.190013675498496
0.190024558968501
0.1900417684716788
0.1900579277150368
0.1900753810149679
0.1900962984844832
0.1901210445788396
0.1901484683569125
0.1901776049536047
0.1902115179466229
0.1902549905603746
0.1903088700004639
0.1903630333537922
0.1904138378334544
0.1904689124699347
0.1905541225425922
0.1906140123702499
0.1906635049635615
0.1907141206760306
0.1907684106884359
0.1908343475771078
0.1909164912109568
0.1909830438082993
0.1910526671964843
0.1911133443844259
0.1911701865036407
0.1912301512227889
0.1912910094078878
0.1913497840096136
0.1914103509943892
0.191469500323267
0.191515925026414
0.1915791628858192
0.1916476337476808
0.191714484369255
0.1917861119505619
0.1918662692601943
0.1919635791358203
0.1920834720525194
0.1922005148504898
0.1923012152697358
0.1924125136179558
0.1925249416574056
0.1926487892767343
0.1928022342602373
0.1929775456355826
0.1931625953468167
0.1933346182100326
0.193514138060556
0.1937152813089077
0.1939581834947736
0.1942781063467852
0.1947078319453704
0.1953858307906572
0.1963027053866283
0.1973534444646935
0.1986176144441696
0.1996714155522503
0.1999
0.199906121469895
0.199918364409685
0.1999301532832949
0.1999421910875424
0.1999552732475656
0.1999721070206269
0.1999873905628296
0.2
0.200006121469895
0.2000125217529503
0.2000239747475696
0.2000357962481674
0.2000523203433828
0.2000694519433579
0.2000928259193707
0.2001141250453663
0.2001342130827388
0.2001564269949122
0.2001811939322145
0.2002088446813133
0.2002363724608649
0.2002643119099218
0.2002943115232518
0.2003349443543767
0.2003788067169896
0.2004247911093314
0.2004724578270332
0.2004857076645439
0.2005086360582214
0.2005335801868176
0.2005630885487463
0.2006033334402433
0.2006594100210677
0.2007253268197612
0.2007957462018874
0.2008571202400355
0.2009243662279674
0.2010142600313401
0.201109426669756
0.2012141364070721
0.2013209340495248
0.2014109241046199
0.2014847168170253
0.2015558299688113
0.2016522442474713
0.2017413916242714
0.2018156473896662
0.2018934545502394
0.2019811530723155
0.2020924445627203
0.2021939060501638
0.2022851608845726
0.202378419988202
0.2024629922934232
0.2025558383536311
0.2026265411760903
0.2026896887400823
0.2027546608465263
0.2028304100529727
0.2029237203985962
0.2030196839630821
0.2031045173405842
0.2031919880300934
0.20328906531406
0.2034074520963005
0.203557569911023
0.2037686137991558
0.2040925898415499
0.2042199038008361
0.204404351601294
0.2044828514544356
0.2045597191822409
0.2046421869567474
0.2047415245859767
0.2048226450784743
0.2049026001420924
0.2049848711552787
0.2050733827818634
0.2051754606969117
0.2053036050996852
0.205465586979012
0.2056563928134354
0.2058043080729919
0.205972340743703
0.2061541403489911
0.2063362707270013
0.20656062752782
0.2067343167964938
0.2069284788836711
0.2072160750510139
0.2075778182763159
0.2079964069458481
0.2084776480616377
0.2090305006867888
0.2096718199831432
0.2099
0.2099026574357485
0.2099079723072454
0.2099186020502394
0.2099271719251667
0.2099361378025023
0.2099457864178317
0.209955862928066
0.2099672859986492
0.2099807452923445
0.2099903726461723
0.21
0.2100026574357485
0.2100067523656072
0.2100117132459002
0.2100177505384519
0.2100227029534934
0.2100268374575496
0.2100307960322186
0.2100356123145813
0.2100414305209783
0.210045685719945
0.210049927136719
0.2100546098057434
0.2100603191670381
0.2100680954185785
0.2100796457026516
0.21008885621323
0.2100961402767577
0.2101025990740614
0.2101087503634019
0.2101156188856435
0.210121291595374
0.2101283291640504
0.2101342226773441
0.2101394618024454
0.2101444314442483
0.2101491641440625
0.2101538828220038
0.2101589523458497
0.2101654003159019
0.2101710761538705
0.2101768353166776
0.2101822844494555
0.2101878821244124
0.2101940850500601
0.2102015132766929
0.2102105822497007
0.2102225682215481
0.2102393875901696
0.2102639401810877
0.2102854745798435
0.2103047203018111
0.2103222197996672
0.2103375621435724
0.2103500641081515
0.2103596673606541
0.2103678918069307
0.2103759935846622
0.2103862503338251
0.2103934908657565
0.2104007639983358
0.2104072976274368
0.2104132522586264
0.2104190954991374
0.2104251655078198
0.2104322591463901
0.2104398664443597
0.2104481654139501
0.2104553620107108
0.2104625328946558
0.2104703317875051
0.2104793285324487
0.2104907092569488
0.2105052535621494
0.2105228428748829
0.210538795111329
0.2105547841276582
0.2105730910932928
0.2105895928802049
0.2106148168046485
0.2106339508401012
0.210657103917007
0.2106819503897376
0.2107083184534015
0.2107358956183742
0.2107654288209663
0.2107923266614848
0.2108269268631218
0.2108661081277664
0.2109099953868477
0.210949298190392
0.2109884692822542
0.2110306487471212
0.211078515864416
0.2111372032050187
0.2112109667346812
0.2113111379524671
0.2114450868557412
0.2115463550568305
0.2116247269878737
0.2116871737736719
0.2117501416285065
0.2117806804147977
0.2118142390935767
0.2118413657909018
0.2118683449124723
0.2118941683834831
0.2119234276822269
0.2119597064889075
0.2120063723488743
0.212065359916232
0.2121415308667319
0.2122420523843682
0.2123766511403146
0.2125650631380164
0.212880916829703
0.2134307153037261
0.2140546355562975
0.2147621621328767
0.2155827071265564
0.2165383576394832
0.2176674289886658
0.2189962126060731
0.2199
0.2199067984551493
0.2199203953654479
0.2199329265039649
0.2199456374550326
0.2199594999374186
0.2199750285936596
0.2199875142968298
0.22
0.2200067984551493
0.2200135063983504
0.220022867738492
0.2200337912124052
0.2200450140603404
0.2200554311438425
0.2200699165259365
0.2200849098553722
0.2200989837397965
0.2201141422863844
0.2201294347108754
0.2201455858900498
0.2201641218179111
0.2201870297696928
0.2202097442320276
0.2202470802660711
0.2202878682406717
0.2203331609824097
0.2203877858155033
0.2204534906581711
0.2205391309824791
0.220655310811395
0.2208171219886756
0.2210647174435893
0.2215149126665414
0.2224153031124455
0.2241828818063575
0.2266320506413837
0.2297480637201942
0.2299
0.2299064018618752
0.2299192055856256
0.2299309595589576
0.2299426714721968
0.2299559425621118
0.2299735684235062
0.229987686631934
0.23
0.2300064018618752
0.230014025857346
0.2300243512242718
0.2300359768302085
0.2300518551295555
0.2300692081244767
0.2300874734078092
0.2301052581643314
0.2301237790955112
0.2301412135611698
0.2301620013616301
0.2301876584748145
0.2302206597666356
0.2302638388732401
0.2303195449563266
0.2303754206286762
0.2304296472755544
0.230491647339072
0.2305481812452412
0.2306071946189656
0.2306598615573083
0.2307122222321024
0.2307689021017448
0.2308335730755898
0.2309128979236998
0.2310123031625939
0.231092151448319
0.2311534255035331
0.2312097192066916
0.23126775580803
0.2313254864437001
0.2314137206869273
0.2314939680467643
0.2315684468952735
0.231648890292386
0.2317398045985875
0.2318535504169039
0.2319933696467983
0.2321414842456985
0.232292334671242
0.2324535298045009
0.2326382609055784
0.2328511308999467
0.2331154191243939
0.2334614083262452
0.2339474778009902
0.2346434791919995
0.2354528401394475
0.2363998735292554
0.2375061689842003
0.2388729633911682
0.2399
0.2399080815225765
0.2399242445677295
0.2399403696407791
0.239956269263731
0.2399752067775724
0.2399876033887862
0.24
0.2400080815225765
0.2400161165239766
0.2400291069963674
0.2400434890523121
0.2400644988461281
0.2400882196995001
0.240112466006933
0.2401360593323369
0.2401615916099524
0.2401862856160979
0.2402177153600254
0.240255171858205
0.2402820022552213
0.2403156178507615
0.2403629769284905
0.2404133117607285
0.2404576949998574
0.2405048675584327
0.2405585995192557
0.2406243355056364
0.2407082455351382
0.2408069254858253
0.2409275875699234
0.2410761742682364
0.2412788655793996
0.2415851888847765
0.2419979271615387
0.2426945506288792
0.2437861877001126
0.2456978809593962
0.2483619998027679
0.2499
0.2499084491110534
0.2499253473331602
0.2499416282952551
0.2499576066931884
0.2499757665976833
0.2499878832988416
0.25
0.2500084491110534
0.2500165238508155
0.2500259194126254
0.2500388223530711
0.2500506489038101
0.2500651252664993
0.2500780677864898
0.2500947057086754
0.2501107176270413
0.2501269516586529
0.2501432034149437
0.250163513918937
0.2501846563727442
0.2502087777415047
0.2502332275287429
0.2502598104914005
0.2502904791595023
0.2503286644888076
0.250377198206285
0.250440747267221
0.2505264599053485
0.2506047058638253
0.2506906206089622
0.2507828413124349
0.2508506079008504
0.2509123115682949
0.2509723411911419
0.2510437840222811
0.2510914721495736
0.2511403950110911
0.2511843907726055
0.2512261292689174
0.2512709704777287
0.2513260548218709
0.2513809553282075
0.2514412497495986
0.251497098509514
0.2515545639896111
0.2516185203610604
0.2516956459668911
0.2517919423027335
0.251923617637805
0.2521183261988151
0.2524444188939188
0.2528746516610715
0.253355427548755
0.2538984109802384
0.2545160662522578
0.2552299208453127
0.2560657430059781
0.2570549041112336
0.2582473100477404
0.2596523219341747
0.2599
0.2599027463568732
0.2599082390706196
0.2599192244981123
0.2599291260385964
0.2599440319413474
0.2599616758390619
0.259982043282572
0.259991021641286
0.259995510820643
0.26
0.2600027463568732
0.2600055808397037
0.2600104169751172
0.2600160208855008
0.2600216176878647
0.2600270142054308
0.2600325423736564
0.2600393272960916
0.2600449773613102
0.2600505676725624
0.2600558716968503
0.2600612689075792
0.2600671152864644
0.2600732652690997
0.2600786351201937
0.2600826529366846
0.2600861026942377
0.2600899935718073
0.260093626648437
0.2600973317960988
0.2601009675568248
0.2601048835668627
0.2601095862143082
0.2601153381540489
0.2601232459820306
0.2601341221590368
0.2601422754936084
0.2601484787253676
0.2601538655623998
0.2601589461356372
0.2601646345613804
0.2601693267238669
0.2601751056409805
0.2601800058764926
0.2601843953340683
0.2601885594745503
0.2601925098123951
0.2601964179136766
0.2602005828057717
0.2602058250201346
0.2602104515350824
0.260215193016013
0.260219670756119
0.2602242729853659
0.260229380546486
0.2602355124804943
0.2602430233544726
0.2602530218360494
0.2602671958614668
0.2602893305538177
0.2603299381981684
0.2603908634428974
0.2604614067592773
0.2605427990769443
0.2605669947683137
0.2606020233185706
0.2606364951078269
0.2606737648346776
0.2607295993018203
0.2608412682361057
0.2610174000137835
0.2612140290876499
0.2614343748890927
0.2616847641609734
0.2619709105723337
0.2623020584273852
0.262687028144803
0.2631337180082252
0.2635760976668264
0.2640786824947769
0.2645643124816489
0.2649868867484922
0.2654441708189844
0.2662476169777516
0.2673961180624717
0.2686904760803002
0.2699
0.2699037042170062
0.2699111126510185
0.2699259295190433
0.2699372528617171
0.2699496877212001
0.269964015896742
0.2699793547396667
0.2699896773698334
0.27
0.2700037042170062
0.270008682027324
0.2700173547636703
0.2700300175639714
0.2700425300279314
0.2700571833939543
0.2700746869093913
0.2700962763298682
0.2701192342495923
0.2701414277136157
0.2701677829638861
0.2701926751759994
0.2702257082785929
0.2702649538793284
0.2703093224125213
0.2703504172007642
0.270407788233565
0.270479978783206
0.2705634548282901
0.2706656358007757
0.2707854037040438
0.2709249556829262
0.2709615263039977
0.2709847641589819
0.2710029314136401
0.2710203631124899
0.2710408829308256
0.2710622591247143
0.2710789690343575
0.2710962693092991
0.2711148516581612
0.271135069710766
0.2711652084782639
0.271199336826006
0.271229222645912
0.2712624029510282
0.271290330950527
0.2713176148482361
0.2713524343231219
0.2713803022169767
0.2714112541388227
0.2714575328106476
0.2715330035838687
0.2716201887866007
0.2717189986672431
0.2718320532542304
0.2719616615794834
0.2721118723050905
0.2722864658963618
0.2724394587429351
0.272572741208523
0.2727091398497049
0.2728405454258874
0.2729850845664439
0.2732328764970622
0.2735922518277696
0.2740299706489981
0.2745279356291297
0.2750952911201673
0.2757480442222427
0.2765133054154561
0.2774056260278143
0.2784478826583633
0.2795854561526013
0.2799
0.2799037203265993
0.279911160979798
0.2799260422861954
0.2799383487827785
0.279950583862955
0.2799647530905929
0.2799811949622203
0.2799905974811102
0.28
0.2800037203265994
0.2800083532749875
0.2800176191717637
0.2800285107823682
0.280040837024839
0.2800540753835003
0.280067123301915
0.2800820137992703
0.2801012430484451
0.2801315141497019
0.2801657692382023
0.280208533857596
0.2802602078727512
0.2803146093081196
0.2803661644430639
0.2804144341237352
0.2804725016704279
0.2805652367888453
0.2806532946621977
0.2807365748650644
0.2808241288168139
0.2809308703233223
0.2811006866195165
0.2813364316886446
0.2818079218269008
0.282434661631951
0.2832368880176887
0.2843053534939716
0.2860155192905167
0.2882949928054125
0.2899
0.2899100280363858
0.2899300841091575
0.2899538823165302
0.2899768923042227
0.29
0.2900100280363858
0.2900240802507311
0.2900428527194031
0.2900666769710482
0.2900869460336075
0.2901086267272816
0.2901307875226786
0.2901556955841297
0.2901852950780023
0.2902152926656951
0.2902490111851113
0.2902831629869749
0.2903210699139272
0.2903627367603024
0.2904108530508977
0.2904906973277665
0.2905577918340347
0.2906223410623585
0.2906894976882352
0.2907754910912979
0.2908926572420263
0.291093132751249
0.2914940837696944
0.2920697241394979
0.2930705806067128
0.2945222973540932
0.2962437709462462
0.2983657284745641
0.2999
0.2999088431790606
0.2999265295371817
0.2999619022534241
0.299980951126712
0.3
0.3000088431790606
0.3000216798751479
0.3000424683946946
0.3000657571833901
0.3000933375634782
0.3001204880819517
0.3001514694563525
0.3001939278039096
0.3002788444990238
0.3003959795676553
0.3005751111495096
0.3008570194516297
0.3013188730284869
0.3022425801822014
0.3040899944896304
0.3077848231044883
0.3099
0.3099030282697554
0.309909084809266
0.3099211978882874
0.3099326822284683
0.3099448642979242
0.3099610954042686
0.3099785802637331
0.3099892901318666
0.3099946450659333
0.31
0.3100030282697553
0.3100061655991467
0.3100122071430449
0.3100194805767348
0.3100308400341195
0.3100430429948947
0.3100567779054814
0.3100729954314699
0.3100922214246559
0.3101166237772101
0.3101421104977465
0.3101731689961927
0.3102085943925004
0.3102425437837761
0.3102754213401155
0.3103077112535916
0.3103437523505136
0.3103805458448915
0.3104182520810094
0.3104507897135423
0.3104829032270966
0.310517221680766
0.310556846409712
0.3106038960826162
0.3106635474939639
0.3107214429489039
0.3107639078822245
0.3108115884984029
0.3108543575283357
0.310895198766885
0.3109388323816997
0.3109909609017554
0.3110494080755317
0.3110795965264872
0.3111043235739068
0.3111320858321479
0.3111537702865821
0.3111756275488682
0.3111994877844529
0.3112204274238088
0.3112433212155943
0.3112716686313771
0.3113032209257162
0.3113357495112892
0.3113606531658561
0.3113893960430856
0.3114165483548989
0.3114365481316723
0.3114515771991528
0.3114648503864131
0.3114801979545544
0.3114946887952039
0.3115089535145181
0.3115231778827653
0.3115386767988227
0.3115579131257156
0.3115814781420437
0.3116047808392594
0.3116245031352718
0.3116422911604942
0.3116600289686813
0.3116819365554803
0.3116966577160881
0.3117117722158796
0.3117252435684698
0.3117376367174217
0.3117502379765699
0.3117641328340313
0.3117829828890366
0.3118053886502821
0.3118218238322638
0.3118376898975607
0.3118547001160791
0.3118742170092528
0.3118993123201137
0.3119323271438828
0.3119805387174109
0.3120414000231076
0.3121101104416876
0.3121962309125196
0.3122656819859674
0.3123413292219464
0.3124565981041196
0.3126316896580486
0.3128777689926233
0.3131602354232617
0.3134841252651426
0.3138089701139058
0.3141444521939015
0.3145327285091086
0.3148478468143374
0.3151988817370031
0.3158929419627619
0.3167241548838573
0.317699354187827
0.3187706139484445
0.3199
0.3199032812514438
0.3199098437543316
0.3199229687601072
0.3199356665589187
0.3199486769121323
0.3199623052343612
0.3199771473826871
0.3199885736913435
0.3199942868456718
0.32
0.3200032812514439
0.3200066796572267
0.3200134764687922
0.3200243272932033
0.320036338353191
0.3200494563000529
0.3200646089384677
0.3200799152611402
0.320096341087074
0.3201167284519383
0.3201402542757599
0.3201605234954135
0.3201788586882219
0.3201973131066137
0.3202194472934745
0.3202385157790767
0.320257533964711
0.3202754491251265
0.3202934359903384
0.3203118699782632
0.3203285898622283
0.3203420758385114
0.3203541031786
0.3203678562036464
0.3203807524525009
0.3203938878741092
0.3204067727090707
0.3204206657578871
0.3204374018641461
0.3204579704231917
0.3204865003883762
0.3205177943654582
0.3205419018664942
0.3205615828478021
0.3205794393247893
0.3205976468412721
0.3206234763436124
0.3206437888770878
0.3206586798835022
0.3206721043811622
0.3206848384496687
0.320698010419268
0.3207135678879492
0.3207306242342792
0.3207491086740725
0.320765173837154
0.3207812413635171
0.3207987525723325
0.3208190527921959
0.3208444857667883
0.3208786838120479
0.320925131771546
0.3209980880517067
0.3211348703824116
0.3213982430327869
0.321687657229008
0.322006205815945
0.3223679737613266
0.322780468427735
0.3232597112601028
0.3238217723283284
0.3244828218935156
0.3252626078945517
0.3261861377186321
0.3272875496278877
0.3286123347413402
0.3299
0.3299123792429839
0.3299371377289519
0.329968568864476
0.329984284432238
0.33
0.330012379242984
0.3300250086405906
0.3300415549959253
0.3300635285325951
0.330087595336683
0.3301155749698909
0.3301455093672078
0.3301764290094574
0.3302141777960784
0.3302674641683191
0.3303357499106075
0.3304293051080202
0.3305785841890447
0.3308771423510936
0.3314052669729001
0.3323844524930556
0.3343428235333668
0.3376358583651561
0.3399
0.3399051157658178
0.3399153472974534
0.3399358103607246
0.339953580995487
0.3399677904506641
0.3399823221034628
0.3399911610517314
0.34
0.3400051157658178
0.340010910606481
0.3400210921077678
0.3400327941208537
0.3400459198761206
0.3400607937285075
0.3400770447009276
0.3400928259334287
0.340109948053525
0.3401312447554284
0.3401613715259518
0.3401984781940668
0.3402454268767726
0.3403108392309191
0.3404113227968706
0.3405990042071519
0.3409436358180825
0.3415829071410273
0.3428614497869168
0.345418535078696
0.3499
0.3499127125205101
0.3499381375615305
0.3499690687807653
0.35
0.3500127125205102
0.3500277003893991
0.3500506971890935
0.3500839592499231
0.3501135466257518
0.350145614738238
0.3501833417500816
0.3502287992397789
0.3502852139965934
0.3503452930746567
0.3504112298570057
0.3504912194449704
0.3505923663847162
0.35073812663721
0.3510047413917146
0.3515379709007236
0.3522633182458587
0.353714012936129
0.3566154023166695
0.3599
0.3599047076262847
0.3599141228788542
0.3599329533839932
0.3599491332778333
0.359963358196046
0.3599769648225787
0.3599904402754627
0.36
0.3600047076262847
0.3600103576370145
0.3600186850463339
0.3600304904599959
0.360040517421667
0.3600512920256473
0.3600657691896225
0.3600822744743016
0.3600958908362731
0.3601105032822793
0.3601270251229135
0.3601484633892257
0.3601805848856298
0.3602194855178705
0.360265548770441
0.3603261644992086
0.3604098739188544
0.3605487450109545
0.3608264871951546
0.3612937939788863
0.3622176992369967
0.3640655097532174
0.3677611307856589
0.3699
0.3699051239070792
0.3699153717212377
0.3699358673495547
0.3699516312289551
0.3699657450030926
0.3699816437033349
0.37
0.3700051239070792
0.370014053883593
0.3700274926920818
0.370042341583244
0.3700575233453491
0.3700739225394444
0.3700909712473655
0.3701112711671916
0.370139651375528
0.3701781424406269
0.3702233705522347
0.3702762991558569
0.3703390348988839
0.3704115421698114
0.3704922335333558
0.370582183715962
0.3706851702384792
0.3708042141766401
0.3709515008595667
0.3711418472735509
0.3714166365088309
0.3719098272180821
0.3728962086365845
0.3743396118609841
0.3772264183097834
0.3799
0.3799104860501474
0.3799314581504424
0.3799657290752212
0.3799828645376106
0.38
0.3800104860501475
0.3800232472604982
0.3800415707498964
0.3800678290672986
0.3800940547419387
0.380124262111457
0.3801579334217399
0.380201965753119
0.3802651621567741
0.38033861706085
0.3804235853121323
0.3805222702570749
0.380636964369149
0.3807711249891227
0.380928469869811
0.3811131270562838
0.381329870077772
0.3815843952930265
0.3818293702139075
0.3820086069925874
0.3821484267331252
0.3822685820573247
0.382380964182836
0.3825021160626388
0.3825868459911496
0.3827043466121476
0.3827945503051384
0.3828681672050341
0.3829374190723511
0.3830059491283475
0.3830828653686112
0.3832020135129012
0.3833026700509292
0.3833844511939796
0.383467249251088
0.3835564650398975
0.3836612794299806
0.3837710440665845
0.3838565491487043
0.3839339226820374
0.3840138251665657
0.3841106454633764
0.3841953881510151
0.3843056428984558
0.3844113816415526
0.3845226690520138
0.3846494792401752
0.3847999757880566
0.3849922541029998
0.3851881217579021
0.3853917915729847
0.3856159624761573
0.3858777791475066
0.3861913492142543
0.3865986381617045
0.3871678350366163
0.3880566503615143
0.3892578066194871
0.3899
0.3899087903197015
0.3899263709591045
0.3899504779843656
0.3899734898124369
0.3899867449062184
0.39
0.3900087903197015
0.3900192291970658
0.3900355494585055
0.390058868338668
0.3900807337515214
0.3901058306820243
0.3901375949962531
0.3901707636202127
0.3902082786498069
0.390255991719263
0.3903266257282181
0.3904388111077037
0.3905728198481029
0.3907258658249769
0.3909150917055416
0.3911288881226301
0.3913675897633621
0.3916398019953642
0.3919535026430754
0.3923183564787917
0.3927449515114168
0.3932450237067506
0.3938286689196492
0.3945018217608358
0.3952733002455432
0.3961690967702355
0.3972258667144193
0.3984736389585096
0.3999
0.3999135217030245
0.3999405651090736
0.3999702825545368
0.4
0.4000135217030246
0.4000331989516804
0.4000596774285433
0.4000940615276333
0.4001309060630966
0.400177685443453
0.4002461349911571
0.4003142633485014
0.4003885216004803
0.4004392126563152
0.4004987586707219
0.4005475884035053
0.4005912370384048
0.4006368733442842
0.4006912967952175
0.4007592535587226
0.4008238549406806
0.4008829883305159
0.4009448644756342
0.4009949500716757
0.4010419036561391
0.4010935710757122
0.4011639043026411
0.4012135281020638
0.4012770571256655
0.4013439341195715
0.4014175764897084
0.401498944383528
0.4015907909242839
0.4017010500228703
0.4018136553280358
0.4019347948924175
0.4020733876527544
0.4022321872468765
0.4024298771641148
0.4026916900337177
0.403068816803727
0.4036903128674108
0.4048967433023585
0.407309604172254
0.4099
0.409905434753958
0.4099163042618741
0.4099380432777062
0.4099569676699233
0.4099758473443362
0.41
0.4100054347539581
0.4100151339662219
0.4100271706144119
0.4100512439107919
0.4100717440920416
0.410093499057833
0.4101187131298577
0.4101478140735025
0.410182301167715
0.4102213354994013
0.4102548608857625
0.4102852949800807
0.4103161908123783
0.4103538570129122
0.410385781048801
0.4104181565536744
0.4104485339479761
0.4104788940955871
0.410510247591246
0.4105396048818092
0.4105634771697875
0.4105835930841527
0.4106039205453358
0.4106345687515859
0.4106592403860327
0.4106800858650763
0.4107020684399512
0.4107266286238894
0.4107507752355716
0.4107908774825408
0.4108401297770525
0.4108793513706251
0.4109121692743137
0.4109423832951955
0.4109735586671666
0.4110030143383526
0.411035607720936
0.4110606878222879
0.411082681977068
0.4111041148159787
0.4111264240155965
0.4111532224977416
0.4111812273786475
0.4112119369805736
0.4112393863891102
0.4112671233962066
0.411297476479573
0.4113336643083718
0.4113779404011038
0.4114373604932923
0.4115226738953717
0.4116586803195991
0.4119138278915447
0.4121787917044288
0.4124407003444149
0.4127222199622513
0.4130738964296667
0.4133774552714516
0.4136860170664909
0.4139774556941345
0.4142764956125072
0.4146077817437168
0.4149685886884854
0.4153556104340115
0.4158482071612975
0.4166572423927004
0.4172292454231432
0.4177864022767223
0.4184266147171617
0.4192080883469704
0.4199
0.4199046629289074
0.4199139887867223
0.4199326405023521
0.4199489805109572
0.4199662421291283
0.4199831210645641
0.42
0.4200046629289074
0.4200132442870712
0.4200224602102511
0.4200335509054262
0.4200480609996269
0.4200649000675541
0.4200812032347293
0.4200944115834864
0.4201064678638374
0.4201174404705191
0.4201268077763782
0.4201351894368463
0.4201439978327091
0.4201579057550709
0.4201687461526685
0.4201779914908089
0.4201877963107532
0.4201987860597541
0.4202126180629442
0.4202283258166432
0.4202425216292329
0.4202560376532769
0.4202703931706347
0.4202911670286892
0.4203070097042126
0.4203186917488018
0.4203292364780517
0.4203391335587281
0.4203491778548344
0.4203605242199218
0.4203770246483907
0.4203928466456495
0.4204052608219302
0.4204175594256195
0.4204307260263175
0.4204459835777254
0.4204652381683361
0.4204912366055462
0.4205267511895847
0.4205823058466655
0.4206839902455971
0.4208873590434601
0.4212170977565327
0.4216814068307183
0.4223651789410277
0.423057786116864
0.4237392170526912
0.4244800745570141
0.4253180569808074
0.4263038167166832
0.4274917983284565
0.4289410837885138
0.4299
0.4299062499742833
0.42991874992285
0.4299437498199833
0.4299648517077706
0.4299824258538853
0.4299912129269426
0.43
0.4300062499742833
0.4300128397571409
0.430026019322856
0.4300474630929296
0.4300687795888002
0.4300914812497472
0.4301174316840157
0.4301474065454541
0.4301826864946274
0.430224335456469
0.4302733758429791
0.4303309992132882
0.4303986107034427
0.4304779005968914
0.4305708854829453
0.4306799431591272
0.4308068322890019
0.4309542625575616
0.4311244270549019
0.4312294617054474
0.4313359135884009
0.431425812897295
0.4315066146224248
0.4316047049435492
0.4316566374678733
0.431709551405935
0.4317574742481736
0.4318032905504292
0.4318564026010212
0.4319403702301008
0.4320054210695498
0.4320615228049048
0.4321204096694328
0.4321853877387207
0.4322668217602625
0.432326301507134
0.4323748699355137
0.4324218915840762
0.4324717492161747
0.4325367399689432
0.4326052276247195
0.432670852697416
0.4327340819307563
0.4328010946283248
0.4328772029040446
0.4329718226354606
0.4330913484365149
0.4332548726241542
0.4334956801882184
0.4337956292627796
0.4341350661171745
0.4345174062980339
0.4349732211155151
0.4355454868525491
0.4363137533675269
0.4373068244316663
0.4385149904053385
0.4399
0.439905600901671
0.4399168027050129
0.4399392063116967
0.4399586624455019
0.4399781635654754
0.44
0.440005600901671
0.4400154394930438
0.4400276825570834
0.4400466493615383
0.4400676026114492
0.4400899026627991
0.4401153767430743
0.4401448362242662
0.4401793617098675
0.4402200287801299
0.4402678605476994
0.4403240289939798
0.4403899148132625
0.440467166494922
0.4405577647453857
0.440661306270371
0.4407746736731287
0.4408745838857311
0.4409647635410225
0.4410522338930605
0.4411456751134578
0.4412781820734219
0.4413870041319117
0.4414634298280746
0.4415281205987808
0.441585476128374
0.4416397632684019
0.4416966948418051
0.4417661373217593
0.4418331365033127
0.4419025846812752
0.4419660513637598
0.4420302053640068
0.4421004556006083
0.4421817072449868
0.4422832606700828
0.4423763443395822
0.4424464669861964
0.4425095872749472
0.4425740340804862
0.442652102391119
0.4427366479979614
0.4428257122925107
0.4429101321654483
0.4430001136608747
0.4431029275684971
0.4432268444848137
0.4433861151123342
0.4435496846416606
0.443715621741366
0.4438944457620548
0.4441006515719728
0.444341286721782
0.444646296224144
0.445057988753755
0.4456637341834376
0.4464919976140713
0.447479964280784
0.4485844506290092
0.4498914535027563
0.4499
0.44990686518726
0.44991373037452
0.4499247694172558
0.4499429964505784
0.4499612960159831
0.4499825508552475
0.45
0.45000686518726
0.4500159669879761
0.4500311160508448
0.4500503422862157
0.4500701441735554
0.4500890946964489
0.4501090283352808
0.4501327499367947
0.4501616992264471
0.4501867457320299
0.4502121293399893
0.4502360977949634
0.450258534373004
0.45028301139593
0.4503006322448391
0.4503252698494714
0.4503473309695383
0.4503810109004988
0.4504056878605301
0.4504440633936455
0.4504749587972561
0.4505079797250692
0.450548495731042
0.4506000775317833
0.450663147389391
0.4507236721810743
0.4507848055651273
0.4508659821692642
0.4509488140580949
0.4510130836090399
0.4510783715551484
0.4511504567809347
0.4512354153105857
0.4513361942936435
0.4514041587519559
0.451477863777379
0.4515423924879671
0.4516025633302343
0.4516667040801026
0.451744944434407
0.4518269726546735
0.4519158110308612
0.4519977014949503
0.452082324444823
0.4521768000870227
0.4522914060148806
0.4524357831256736
0.4526355984728386
0.4529359304745334
0.453450123146984
0.4543902381158095
0.4554221496519488
0.4565618918486143
0.4578690342624721
0.4593993291572596
0.4599
0.45990510483435
0.45991531450305
0.4599357338404501
0.459954010661942
0.4599766137636008
0.4599883068818004
0.4599941534409002
0.46
0.46000510483435
0.4600094866564359
0.4600182503006077
0.4600347621336971
0.4600513206378143
0.460069007028506
0.4600919566793863
0.4601138266640277
0.460139606654997
0.4601627395390017
0.4601838268033474
0.4602051903137381
0.4602302835287824
0.4602579220317501
0.4602824104423339
0.4603042794322572
0.4603263330191802
0.4603495781889148
0.4603729417119238
0.4603925304486134
0.4604078555497771
0.4604217792259221
0.4604381178001949
0.4604565068676009
0.460471732731346
0.4604865484797767
0.4605025633243193
0.460521724378716
0.4605453848116157
0.4605707542876207
0.460594278981506
0.4606164419944573
0.460638464425534
0.4606598035743608
0.460680869498819
0.4607052234428557
0.4607307417957855
0.4607511577190536
0.4607680383212891
0.4607835662243045
0.4607987424399645
0.4608149750314479
0.460835205597601
0.4608543088921206
0.4608748195921583
0.4608938783722478
0.4609133635296859
0.4609348857301802
0.4609606716303226
0.4609910657177568
0.461018462969584
0.4610442469300394
0.4610701841832802
0.4610982585215195
0.461134208326291
0.4611609633958494
0.4611931911583634
0.4612267618285022
0.4612610465663758
0.4612989748001739
0.4613408215421851
0.4613872250948117
0.4614420418147193
0.4615117642071365
0.4616097802682016
0.4617690950326159
0.4619538145271194
0.4621630059548528
0.4624009284322987
0.4626871003381761
0.4630521196431968
0.4635410410654474
0.4641028618083241
0.4647467153265566
0.4654902404006888
0.466355667090217
0.4673774928697214
0.468609719677364
0.4699
0.4699061885602902
0.4699185656808706
0.4699433199220315
0.4699618976931397
0.4699844759500956
0.47
0.4700061885602903
0.4700148607734528
0.470024409827757
0.4700412031982916
0.470060806102611
0.4700799727825317
0.4700969371971342
0.4701127496976061
0.4701292225839017
0.47015224242368
0.4701731973467407
0.4701893049001826
0.4702050755925481
0.4702217042560964
0.4702397415469405
0.4702573308012347
0.4702710842092294
0.4702820795286669
0.4702928870198381
0.4703088174800297
0.4703218168263656
0.4703328341440065
0.4703445041052416
0.4703576408657449
0.4703742544937264
0.4703975262994916
0.4704242188685301
0.4704453384859608
0.4704627732680675
0.4704786563314092
0.4704947368824593
0.4705162186657697
0.4705356544326028
0.4705494682592082
0.4705616295503012
0.4705730781834761
0.4705845685717044
0.4705974676246254
0.470615792438862
0.4706344819632202
0.4706489012145316
0.4706630667523727
0.4706782198438118
0.470695698017555
0.470717920182396
0.4707443726015583
0.4707697632906671
0.4707956976867673
0.4708237361256432
0.4708553917390722
0.47089389866433
0.470933327663707
0.4709772432539315
0.4710096160151664
0.4710432672737669
0.4710702625869171
0.4710940336551209
0.4711182875687636
0.471143473694814
0.4711732263041208
0.471196329197929
0.47122527606916
0.4712545627316492
0.4712881499614059
0.4713226737318106
0.4713576728670591
0.4713964285410302
0.4714437896588912
0.471502987430943
0.4715715015468306
0.47163925437587
0.4717098893087853
0.4717869264096702
0.4718756458456299
0.4719784464253549
0.4721067092624721
0.4722752242920542
0.4725121801443835
0.472879859529163
0.473359650274516
0.4739074586565833
0.4745376481910186
0.4752699418227389
0.4761373698923292
0.4771604340239826
0.4783751312809875
0.479817376372515
0.4799
0.4799085837161066
0.4799257511483197
0.4799526172634083
0.4799739479502252
0.4799869739751126
0.48
0.4800085837161066
0.4800179405794822
0.4800320933557103
0.4800504466022515
0.4800721403605012
0.4800962962379388
0.4801232332288754
0.4801449809594608
0.4801650755423536
0.4801863400683614
0.4802044854330434
0.4802317982179098
0.4802648798365049
0.4802950092442233
0.480320399643919
0.4803541196562567
0.4803869244361508
0.4804252941230631
0.4804760838415214
0.4805489528945689
0.4806461209561331
0.4807771068699632
0.4809433152055533
0.4811833534292053
0.481602539174256
0.482406806389119
0.4838571391990685
0.4866497346802192
0.4897822217215013
0.4899
0.4899056535176515
0.4899169605529546
0.4899395746235607
0.4899593372133282
0.489980150677888
0.49
0.4900056535176515
0.4900141901503092
0.4900299248056343
0.4900489210629876
0.4900632069070703
0.4900866860079834
0.4901076487182207
0.4901325881496974
0.4901591323612665
0.4901965245670302
0.4902413328890636
0.4902776286895628
0.4903290848085112
0.4903718652291594
0.490385806381145
0.4904136886851162
0.4904694532930586
0.4905482167549808
0.4906356996195488
0.4907322058980427
0.49084072012043
0.4909240370429699
0.4909989058920128
0.491123571819749
0.4913057658492984
0.4915166697864116
0.4917745880780146
0.492090559400552
0.4925076619219567
0.4931310177901572
0.4942666560961677
0.4965379327081887
0.4999
0.4999112426226544
0.4999337278679632
0.4999668639339816
0.4999834319669908
0.5
0.5000112426226544
0.500025593636
0.5000437079346525
0.5000708573813588
0.5000979175656781
0.5001267688913804
0.5001632910961037
0.5002071759087791
0.5002447567229256
0.5002806862846516
0.5003184221045825
0.5003500985721056
0.5003880754439765
0.5004413368467688
0.5004991683113578
0.5005458282867162
0.5005962990900369
0.5006561348648827
0.5007338371883866
0.5008296946870195
0.5009479302121835
0.5011012687015953
0.5013158331419372
0.5016485362393158
0.5022096050331251
0.5033317426207435
0.5054763152874943
0.5087427327777307
0.5099
0.5099148110043202
0.5099444330129607
0.51
0.5100148110043202
0.5100352517844285
0.5100636655377475
0.5100972150903955
0.5101331708501229
0.5101729554579073
0.5102097298122985
0.5102638832252347
0.5103231914748935
0.5103967301546507
0.5104846178754009
0.5105517973014755
0.5106548977130447
0.5107657574371675
0.5108878716761532
0.511038280760049
0.5112207183740162
0.5114421241981475
0.5117306161849661
0.5121493901625543
0.5129027647079466
0.5144095137987311
0.5167538245546281
0.5199
0.519909724163727
0.5199291724911811
0.5199680691460892
0.5199840345730447
0.52
0.520009724163727
0.5200208970126093
0.520039093124503
0.5200754853482904
0.5201036560853705
0.5201333851729676
0.52016783872829
0.5202076034094688
0.5202550477416855
0.5203114766222809
0.5203644347705071
0.5204168139064514
0.5204980845450609
0.5206007786255444
0.5207197570928302
0.5208569931661875
0.5210145693674669
0.5211958436678815
0.5214045426820042
0.5216440498099982
0.5219184488037634
0.5221215349300916
0.522409659341236
0.522800934601582
0.5232606494119895
0.5237823864911346
0.5244011700251974
0.525132535409871
0.5260400883855042
0.5272551097273414
0.5290985367541245
0.5299
0.5299048396508054
0.529914518952416
0.5299338775556374
0.5299519446276214
0.529972722480396
0.529986361240198
0.529993180620099
0.53
0.5300048396508054
0.5300089914809725
0.5300172951413067
0.5300306492755835
0.5300480469010671
0.5300673550387398
0.5300856322989301
0.5301032351103401
0.5301186611129409
0.530133377238462
0.5301489846348386
0.5301682796359418
0.5301915033700236
0.5302130023259105
0.5302330353721294
0.5302525346620354
0.5302708109537144
0.5302869418430567
0.5303029598233239
0.530321295186837
0.5303370043296517
0.5303507035639392
0.5303636992355426
0.5303807497776704
0.5303977540463326
0.5304185229934402
0.5304417041199471
0.5304617063453342
0.5304823654609772
0.5305029154707691
0.5305411887054455
0.5305759070881924
0.5306156380920248
0.5306606877969685
0.5307115749313931
0.5307700245883761
0.5308417529331084
0.5309345196775527
0.531041994257291
0.5311850145823849
0.5313912745703948
0.5317436497192767
0.5324484000170404
0.5337004594111517
0.5357203300327182
0.538270679054686
0.5398999999999999
0.5399064018819579
0.5399192056458739
0.5399448131737059
0.5399648382943899
0.5399824191471949
0.54
0.540006401881958
0.5400168272632248
0.5400354264697379
0.5400542640815805
0.5400731944249837
0.5400975733075023
0.5401202822813234
0.5401498441767635
0.5401815661090386
0.5402305916809118
0.5402861397505897
0.5403306124758999
0.5403807920001624
0.5404537358388087
0.5405077256464244
0.5405931691080764
0.5406801295794054
0.5407823820984011
0.5409072501715678
0.541061644410882
0.5412496041553375
0.5414936619510439
0.5418435405072995
0.5424468562151904
0.5436534876309721
0.545652363172351
0.5490166156263779
0.5498999999999999
0.5499074098346663
0.5499222295039992
0.5499518688426648
0.549972623746761
0.5499863118733805
0.55
0.5500074098346664
0.5500175842758329
0.550028121024177
0.5500491945208651
0.5500729847469824
0.5500993807239584
0.5501288060004942
0.5501519372557285
0.5501708236336234
0.5501884414065291
0.5502071475158398
0.5502365502831285
0.5502585518512738
0.5502760357973638
0.5502934969900984
0.5503113653730821
0.550328955955745
0.5503436327844617
0.5503555167794157
0.5503668697477352
0.5503814734428626
0.5503951102303354
0.550407122317545
0.5504193012761456
0.5504326215890956
0.5504488295466808
0.5504691514015795
0.5504975552924348
0.5505257614770709
0.5505478752475254
0.5505665522290156
0.5505838837107286
0.5506022671316431
0.5506186156977432
0.5506377770655911
0.5506529662594986
0.5506662429586848
0.5506789706596924
0.5506916961995395
0.5507057287305845
0.5507247317151818
0.5507469498588848
0.5507632081656356
0.5507788531905148
0.5507955638422312
0.5508146780087321
0.5508390048440063
0.5508709292981042
0.5509168484014514
0.5509666497280574
0.551017855667296
0.5510596386981788
0.5510952843939803
0.5511279737918583
0.5511600417984367
0.5511953118810109
0.5512462715442735
0.5512945069500306
0.5513325053621216
0.5513702158962033
0.5514106168973393
0.5514574338360402
0.5515142277796342
0.5515828155737721
0.5516370277028769
0.5516782511296174
0.5517160112538376
0.5517540244177749
0.5517981036246651
0.5518515546164118
0.5519107826746042
0.5519613679890748
0.5520122263645505
0.5520675741388593
0.5521333789781344
0.5522139530910058
0.5523196180428176
0.5524656413470399
0.552696401007974
0.552966268049323
0.5532644525080685
0.5536119535716056
0.5540383586567111
0.5545729030503763
0.5552889975496772
0.5561320217160338
0.5571317760410415
0.5583170128169664
0.5597213386300248
0.5599
0.5599056318248777
0.5599168954746333
0.5599360272578551
0.5599537311762692
0.5599727279092728
0.5599863639546364
0.5599931819773183
0.56
0.5600056318248778
0.5600110920078514
0.5600197819262981
0.5600371617631915
0.560054149285845
0.5600721569124958
0.5600927083432533
0.5601110329606769
0.5601284044253949
0.5601472290251985
0.5601772456088436
0.5601985077028072
0.5602155768581615
0.560232900784639
0.5602511404047017
0.5602705100685215
0.5602877426469902
0.5603010866824891
0.5603127643792714
0.5603258046191042
0.5603376225795411
0.5603503015517031
0.5603625312407261
0.5603754689047473
0.5603908262339706
0.5604091366323595
0.5604337067440507
0.5604637337659686
0.5604875312801489
0.5605069887604767
0.5605246630592641
0.5605424089471599
0.5605656370644578
0.560587501322025
0.5606028149918466
0.5606162080837008
0.5606288580181963
0.5606415898408754
0.5606560151342829
0.5606772483441939
0.5606972953049426
0.5607131675263015
0.5607289795561837
0.560745879087224
0.560765994043231
0.5607907228169121
0.5608240681435873
0.5608720459305248
0.560947789995973
0.5610874164372008
0.5612868414961303
0.5615087678194365
0.5617587187386863
0.5620434289228318
0.5623702630790043
0.5627497385646123
0.5631923836690612
0.5637096899906361
0.564315143667435
0.5650251360152645
0.5658604973109611
0.5668482825658746
0.5680242883728249
0.5694481203654927
0.5699
0.5699095284127158
0.5699285852381475
0.5699617663651141
0.569980883182557
0.5700000000000001
0.5700095284127159
0.5700210954245192
0.57003837285903
0.5700595468363069
0.5700821789423668
0.5701086262195918
0.5701380845991357
0.5701679303949062
0.5702039085725998
0.5702517088127613
0.570308624008269
0.5703763888514528
0.570456713372676
0.5705469927262702
0.5706488479624209
0.5707640838774954
0.5708934004888692
0.5710414453770968
0.5712103421075175
0.571416041289113
0.5716729906592034
0.5720228517820349
0.5725739892069267
0.5736762640567102
0.5756269378766973
0.5791176478300566
0.5799
0.5799122135619238
0.5799366406857714
0.5799683203428857
0.5799841601714428
0.58
0.5800122135619238
0.5800253139501574
0.5800421600477167
0.5800659195915743
0.5800913509653894
0.5801207191764325
0.5801508963670319
0.580186971486003
0.5802380739404679
0.5803147767427731
0.5804037389495992
0.5805061533496626
0.580625004692639
0.5807394443982379
0.5808442860897428
0.5809508566363834
0.5810292030848179
0.581128142601007
0.5811987398092687
0.5812554006665914
0.5813093685291195
0.5813652601439296
0.5814376290796185
0.5815039706088462
0.5815692272966558
0.5816323193693002
0.5816985526331678
0.581773292669486
0.5818658047578841
0.5819513427187231
0.5820166103174466
0.5820762436267529
0.5821371999652687
0.5822090179871803
0.5823046047238036
0.5823956063156523
0.5824763891449206
0.5825606732081389
0.5826540584840258
0.5827680102236398
0.582912172453756
0.5831130083415603
0.5834144686102042
0.5838238940108217
0.5842907137366183
0.5848465514931968
0.5855062448690331
0.5863677731708031
0.5874127703521905
0.5886975869068093
0.5899
0.5899070780247763
0.5899212340743288
0.5899409277819483
0.5899591379864145
0.5899829069773612
0.5899914534886805
0.59
0.5900070780247763
0.5900138972869278
0.5900231053905094
0.5900415215976726
0.5900610730381148
0.5900817041826278
0.5900999341653389
0.5901164423773176
0.590133405847925
0.590155447532085
0.5901781782620449
0.5901949099523705
0.5902107591548031
0.5902271809747381
0.5902444417290639
0.5902607389390758
0.5902737560485009
0.5902847441839556
0.5902961645449428
0.5903080778792953
0.5903208029077955
0.5903322472951918
0.590344153148832
0.590357566313517
0.5903739656078842
0.5903960602917555
0.5904256137180965
0.5904505629202229
0.5904702639722265
0.5904874631283827
0.5905038762763479
0.5905225452207026
0.5905356156910821
0.5905519696380463
0.5905660420227067
0.5905785368148903
0.5905906752895562
0.5906028846444911
0.590616330421146
0.5906345177674144
0.5906556460726672
0.5906711037179448
0.5906859645134656
0.5907018165602316
0.5907199198874981
0.5907429014345501
0.5907729562032782
0.5908159378963095
0.5908828447879683
0.5910037486567964
0.5912047137810371
0.5914275701053888
0.5916757712490448
0.591957788016187
0.5922797063218781
0.5926524221695583
0.5930867275438517
0.5935940221125574
0.5941876593506044
0.5948835108672434
0.5957017703599683
0.5966686032224741
0.5978185851083223
0.5991982981856975
0.5999
0.5999078243931482
0.5999234731794445
0.5999547707520372
0.5999771914557985
0.6
0.6000078243931481
0.6000187957300291
0.6000330349659551
0.6000532940925577
0.6000744982682127
0.600099458668827
0.6001277683582138
0.6001593842939001
0.6001942922455448
0.6002251898567267
0.6002534852797669
0.6002816599335743
0.6003132642169319
0.6003428186270345
0.6003776495669851
0.6004058063449249
0.6004302377116973
0.6004523058386859
0.6004720531611973
0.6004904825856802
0.6005088857429254
0.6005294911097213
0.6005636038275185
0.6005879876676216
0.6006080344502126
0.6006285944993827
0.6006506509347753
0.600677561229561
0.6007079465744214
0.6007394277266372
0.6007740212979353
0.6007993909590871
0.600826206073725
0.6008494515462455
0.6008707800983213
0.6008925146794132
0.6009166511860562
0.6009499158089132
0.6009739220808888
0.6010020510026068
0.6010299991655887
0.6010591781517448
0.6010921904977796
0.601127387371714
0.6011659991928472
0.6012117076775889
0.601269868505131
0.6013528746651241
0.6014868363640689
0.6016441392236894
0.6018223798010022
0.6020253302251293
0.6022692876364607
0.602580672683481
0.6030017525204411
0.6034914003536719
0.6040589797125995
0.6047208814364277
0.6054980553967146
0.6064272343447599
0.6075355039533262
0.6088391501996343
0.6099
0.6099078243931482
0.6099234731794445
0.6099547707520372
0.6099768071580615
0.61
0.6100078243931482
0.610018687219745
0.6100348024975084
0.6100586698873571
0.6100793892460699
0.6101020086544793
0.6101288372770276
0.610161797425067
0.610197022387898
0.610237959188249
0.6102845357754789
0.6103368931828786
0.6103905184569677
0.610447814360431
0.6105191087298159
0.6106060693407984
0.6106685634787451
0.6107270860163091
0.6107889778517311
0.61085887031503
0.6109469968076269
0.6110327288131354
0.611097190671478
0.6111505102994488
0.6112058622873465
0.6112581769191047
0.6113155933442866
0.611368961449751
0.6114248458108527
0.6114915604475553
0.6115706611213538
0.6116551898507605
0.6117293973014983
0.6117988254482284
0.611874135427346
0.6119216117086963
0.6119859310081169
0.6120401740319193
0.6120885756246047
0.6121383358656505
0.6121940344321646
0.6122754476137309
0.612357285278531
0.6124227925329665
0.6124888381356268
0.6125607694308896
0.612647397318355
0.6127560140975117
0.6129068088286422
0.613135548250252
0.6135323998020911
0.6141242394373639
0.614790837440898
0.615545547382806
0.6164139418887684
0.6174263314582165
0.6186302160672041
0.6199
0.6199097001739191
0.6199291005217573
0.6199526434651791
0.619975450732473
0.62
0.6200097001739191
0.6200215770874303
0.6200408050791043
0.6200651125159059
0.6200870333771156
0.6201126904150895
0.6201439202726791
0.6201775443910333
0.6202176977816264
0.620257078599616
0.6202928918218629
0.6203279001013581
0.6203656919605227
0.6204196658337677
0.6204648854986309
0.6204973363779992
0.6205249652954173
0.620549066541408
0.6205711017114636
0.6205930060201894
0.6206172513845364
0.6206536770949255
0.6206846617956816
0.620709424320148
0.6207342298067301
0.6207607541264488
0.620791649217843
0.6208282259207697
0.6208676575850368
0.6209092122549127
0.6209503278983666
0.6209805486035836
0.6210070103470147
0.6210330074726959
0.6210610314777624
0.6210978004614643
0.6211244411717509
0.6211595453533387
0.621193756145067
0.6212288536574145
0.6212680059671949
0.62131245770496
0.621362461373395
0.6214224079923087
0.6214996922289946
0.6216116883003098
0.6217903725416959
0.6219865997106288
0.6222102725243964
0.6224689822546826
0.6227856021833378
0.6232003399506068
0.6237296986067853
0.6243461801346555
0.6250651294033982
0.6259108110895528
0.6269217188368448
0.6281319582795972
0.6295470115539241
0.6299
0.6299097001739191
0.6299291005217573
0.629962255243685
0.6299811276218426
0.63
0.6300097001739191
0.6300212733407581
0.630037333233965
0.6300638137374365
0.6300876587081452
0.6301135542931434
0.6301438534712317
0.6301799413124821
0.630222206069732
0.6302676380049845
0.6303202920328727
0.6303732063967028
0.6304284506667844
0.6304949989796901
0.6305527015936648
0.630613716678973
0.6306695140613073
0.6307274937463623
0.6307917104777291
0.6308685638847398
0.6309548609191133
0.631025732824347
0.6310802081689671
0.6311301243261814
0.6311916007106968
0.6312595138438916
0.6313113249468312
0.6313639447038109
0.6314224539966999
0.6314949686307522
0.6315796110213682
0.6316531333831991
0.631720142535566
0.6317893890512839
0.6318510221959368
0.6319201678859142
0.6319732136317991
0.6320201480313081
0.6320675365380519
0.6321203870503249
0.6321978444062532
0.6322759824994602
0.6323385920235635
0.6324017135289272
0.6324704190615907
0.6325530990449298
0.6326566104549987
0.6327999788514018
0.6330165143083104
0.6333891790165352
0.6339611890794219
0.6346037794752565
0.6353297018585775
0.6361641151562344
0.637134729510748
0.6382863733232371
0.6396865899389478
0.6399
0.6399090122034631
0.6399270366103892
0.6399496958366294
0.6399760078366192
0.6399880039183097
0.64
0.6400090122034631
0.6400177723624872
0.6400299336974085
0.6400487324413122
0.640066289739407
0.6400806004671137
0.640094894519041
0.6401115457667083
0.6401373051700839
0.6401586091313624
0.6401784328676392
0.6402009285724791
0.6402268168397827
0.6402620036073139
0.640316878750291
0.640390046903867
0.6404740067441628
0.6405706812324574
0.6406622298898674
0.6407337946954413
0.6407929191733597
0.6408456768576538
0.6408967081234889
0.6409528022207756
0.6410410528524382
0.6411031367484343
0.6411485336728707
0.6411879747328517
0.6412224500009455
0.6412547748101125
0.6412878857025276
0.6413262967224835
0.6413644853750305
0.6414074945684783
0.6414449774959314
0.6414819168506732
0.641521742673685
0.6415670039870747
0.6416229293405844
0.64168681462981
0.6417521171500762
0.6418001221117727
0.6418379473751246
0.6418732261370929
0.6419105761903194
0.6419613786581719
0.6420002737461562
0.6420457023466581
0.6420920472177811
0.642142058996899
0.6421985326099354
0.6422602633215441
0.6423334300690585
0.6424287984634411
0.642526206439904
0.6426239441311268
0.6427285455300487
0.6428449820983683
0.6429822626087885
0.6431435131308425
0.643338828179427
0.6434506741890845
0.6435722751614091
0.643676020005791
0.6437678729360408
0.6438628951678071
0.6439761987869176
0.64408791613041
0.6442101163589105
0.6443229336380718
0.6444392298842744
0.6445696498580047
0.644725369829075
0.6449278542684921
0.6450986758875026
0.6452604755743919
0.6454353632787254
0.6456537532306033
0.6458477061435257
0.6460690809772872
0.6463147460395582
0.6465710141461293
0.6468665611020935
0.6472151785881038
0.6476653373351233
0.6482946038954802
0.6492783136106685
0.6499
0.649910488193227
0.6499314645796811
0.6499657322898406
0.6499828661449203
0.65
0.650010488193227
0.6500231966449836
0.6500419289968941
0.6500648786291786
0.6500890383612465
0.6501187086511561
0.6501479860795142
0.6501821482851794
0.6502288795719813
0.6502841195007574
0.6503305760725384
0.650371093283959
0.6504092866374593
0.6504482400881152
0.6504958361712764
0.6505296473057808
0.6505680993340592
0.6506006243020341
0.6506281391190809
0.650653141286835
0.6506766271852827
0.6507004809305024
0.6507281858014105
0.6507553168249679
0.6507859166556464
0.6508127721736614
0.6508393709033651
0.6508681877006407
0.6509011099513892
0.6509401905179478
0.6509820517837321
0.6510262825724477
0.6510709333092822
0.6511033488431996
0.651131609106132
0.6511593895409181
0.6511893450921148
0.6512264165334816
0.6512681604969854
0.6513014343907081
0.6513373668931245
0.6513753396862636
0.6514177395279307
0.6514649668326353
0.6515204902365217
0.6515903437674614
0.6516842307225176
0.6518275836372068
0.6520197546732267
0.6522374581109232
0.6524821646234708
0.6527723269593179
0.6531343006000662
0.6536170788157145
0.6542109235297011
0.6549026063244958
0.655712818823021
0.65667560745621
0.6578212810898968
0.6591858160413913
0.6599
0.6599104881932271
0.6599314645796811
0.6599657322898406
0.6599828661449203
0.66
0.660010488193227
0.6600235013010799
0.6600398052605986
0.6600673313120782
0.6600939266874981
0.6601245913019708
0.6601633341476508
0.6602043150599121
0.6602528705032603
0.6603049399230398
0.6603557056946006
0.6604082177979914
0.6604613901740134
0.6605341712798606
0.6605947123392331
0.6606484563895938
0.6607041848078714
0.6607652921780197
0.6608395640489941
0.6609175926343738
0.6609793495560888
0.6610281778495147
0.6610750789505764
0.6611405961993669
0.6611972552942639
0.6612445646312513
0.6612945016931737
0.6613508960315856
0.6614228839800169
0.661502255256713
0.6615708093573802
0.6616336348636156
0.6616988153800836
0.6617545152243529
0.6618189002356887
0.6618688414613078
0.6619129336716686
0.6619573547917721
0.6620064543368259
0.6620759055464103
0.6621521340594635
0.6622113378227968
0.6622701304768309
0.662333834563812
0.662409837807682
0.6625043788297984
0.6626345711958231
0.6628294553897073
0.6631597462091811
0.6635925884365311
0.664181326616182
0.6648517936257172
0.6656157567137007
0.6665013071412197
0.6675400557825596
0.6687785525263348
0.6698999999999999
0.6699129262215898
0.6699387786647696
0.6699693893323848
0.6699846946661925
0.67
0.6700129262215899
0.6700280157797205
0.6700450994474225
0.6700702727594867
0.6700967812556292
0.6701326190749773
0.6701609201241521
0.6701901360944811
0.6702188742597367
0.6702568343704877
0.6703009009275284
0.6703565170231288
0.6703977604646256
0.6704488221999092
0.6705045590917104
0.6705714147110975
0.6706176080002907
0.6706654258899709
0.6707060147326361
0.670740569137974
0.670772516569875
0.670803696419919
0.6708374146676019
0.6708836079863715
0.6709323955971567
0.6709691416514905
0.6710047534806861
0.6710426164276901
0.6710858372620429
0.6711394799368552
0.6712093895510911
0.6712518036333035
0.6712940753363675
0.6713325092431212
0.6713690291532646
0.6714087883638852
0.6714592582731239
0.6715210642184395
0.6715740246320081
0.6716234970444191
0.6716756745947801
0.6717341764084829
0.6718065033612786
0.6718945679457978
0.672000985879394
0.6721412054425058
0.6723527949021892
0.6726299138894338
0.6729478161278192
0.6733288679687622
0.6737841674478683
0.6743835769823984
0.6750989078551564
0.6759391852986311
0.6769407665399964
0.6781343412152346
0.6795488289342569
0.6799
0.6799038162009116
0.6799114486027348
0.6799267134063812
0.679943503677171
0.6799607650446234
0.6799782925385812
0.6799891462692906
0.6799945731346453
0.68
0.6800038162009117
0.6800076126935919
0.6800151152093457
0.6800260808118461
0.6800367942215998
0.6800494269144013
0.6800646602370531
0.6800812524490949
0.680094477276154
0.6801064918218346
0.6801191212672676
0.6801351350263188
0.6801521701365173
0.6801657121263521
0.6801805135781689
0.6801948207980146
0.6802152482280147
0.6802354678158444
0.6802584315127402
0.6802791258815905
0.6803016296565277
0.6803289151020209
0.6803655278495984
0.6804223290977297
0.6804867239273031
0.6805575450519669
0.6806394554964144
0.680734940557065
0.6808544088348599
0.6810138013684284
0.681244882598199
0.6815329640265526
0.6818639066406306
0.6822586662838334
0.6827668913790595
0.6835620888094973
0.6847107416619249
0.6862633719615062
0.6883430149867141
0.6899
0.6899041939679014
0.6899125819037042
0.6899293577753098
0.6899454624211754
0.6899610443408839
0.689981601073213
0.6900000000000001
0.6900041939679015
0.6900125819037043
0.690023119648601
0.6900425725058237
0.6900602537737189
0.6900791178168724
0.6901008906018935
0.6901218002586221
0.6901508585169304
0.6901853711448281
0.6902183269503862
0.6902467900752335
0.6902733058800083
0.6903010907298526
0.6903399216590489
0.6903751274550782
0.6904019568257889
0.6904277691158706
0.6904538026676598
0.6904788607440369
0.6904998911243626
0.6905174279512669
0.6905346804651975
0.6905582341826114
0.6905807504886846
0.6905989358861228
0.6906176329486645
0.690638304305656
0.6906635764844812
0.6906979242102727
0.6907437328160074
0.6907801575009282
0.6908095184689704
0.6908360117548039
0.6908624036099387
0.6908972938318583
0.6909279921544725
0.6909497333716411
0.6909690078943207
0.6909875218477145
0.6910069213889527
0.691030755804737
0.6910539891496914
0.6910797862329456
0.6911033933277506
0.6911273599355104
0.6911537067239301
0.6911851292624285
0.6912235265897203
0.6912748598623016
0.6913483411216016
0.6914645247819299
0.6916816927502778
0.6919806322450192
0.6923147908088858
0.6926928660601748
0.6931243474067809
0.6936154014296042
0.6940864113819343
0.6947290838460757
0.6951855877016511
0.6956736532600627
0.6963631009735229
0.6974034639520392
0.6986531512345879
0.6999
0.6999107270923896
0.6999321812771687
0.6999660906385844
0.6999830453192922
0.7000000000000001
0.7000107270923897
0.7000228839199334
0.7000394154164278
0.7000630442134728
0.7000849655088254
0.7001100452148735
0.7001407663908381
0.7001721227664944
0.7002037487546138
0.7002406038514984
0.7002850085076094
0.7003418709921291
0.7004275265289925
0.7005238457350393
0.7006388284769238
0.7007662715165388
0.7009354551066573
0.701160450247367
0.7014216738906409
0.7017249164200314
0.7020779020869743
0.7023516371164673
0.7025596307201281
0.7027331535222557
0.7028896886871351
0.7030609435750865
0.7031616843595299
0.7032710860476747
0.7033673617401498
0.7034607680255296
0.7035639523773065
0.7036723851213481
0.7037916282225374
0.7039193564768418
0.7040464787774144
0.7041807952325205
0.7043150733968279
0.7044092870069596
0.7044939248826068
0.7045851223581608
0.7046946698064346
0.7048148636718611
0.7049295714660968
0.7050462220230154
0.7051755811721172
0.7053222692489708
0.705488970288575
0.7056913899830162
0.705929885331058
0.7061302601401271
0.7063488559991858
0.7066018899041512
0.7069718886356918
0.7075546392988147
0.7084133063364948
0.7095398585091158
0.7099
0.7099076370547893
0.709922911164368
0.7099534593835254
0.7099767296917627
0.71
0.7100076370547893
0.710017958873837
0.7100367530735348
0.7100639689023975
0.7100864249263974
0.7101110175138302
0.7101410306403435
0.7101773772104117
0.7102124719320501
0.710253260676288
0.7103072821859667
0.7103804365388634
0.71047318590153
0.7105894349495222
0.710740111911538
0.7108210156284136
0.7109122806634782
0.7109843202529962
0.7110203400477552
0.7110867039033396
0.7111581171686542
0.7112616442077614
0.7114083953206471
0.7115567978532694
0.7116309991195806
0.7117660658946521
0.7119081302636137
0.7120950205074064
0.7123446459544414
0.7128158677430794
0.7133662572058749
0.7139928596655074
0.7147232526154077
0.7155806926372875
0.7165942185028553
0.7178319095633106
0.7193329179186607
0.7199
0.7199302419576216
0.7199651209788107
0.72
0.7200260137615103
0.720051913382926
0.7200758974437014
0.7201238655652522
0.7201786554696652
0.7202449172529414
0.7203190921699238
0.7204098209666345
0.7204914365674772
0.7205653306836833
0.7206400301178194
0.7207299783637285
0.7208436756030616
0.7209234504194847
0.7209958590298905
0.7210678384222617
0.7211345891466641
0.7211929654016942
0.7212481214935271
0.7213142676468829
0.7213754676511466
0.7214352567695294
0.7214948996473656
0.7215599511827927
0.7216393757274726
0.7217389526495717
0.7218342684165465
0.7219161335501258
0.7219931688601442
0.7220785464502546
0.7221357937887469
0.7222021375581603
0.7222597591237536
0.7223131433661272
0.7223696835311306
0.7224374217318915
0.7225115237842022
0.7225912290786722
0.7226634387652608
0.722737761101939
0.7228204637719768
0.7229208513615835
0.7230473433126492
0.7232233952619576
0.7234899082979545
0.7239555852008682
0.7247593235073813
0.725665580200066
0.7264314553674751
0.7272434900019361
0.7281790637380595
0.7294629681615575
0.7299
0.7299069231649591
0.7299207694948773
0.7299484621547137
0.7299763270004291
0.73
0.7300069231649591
0.7300175558186499
0.7300328325194201
0.7300563255869249
0.7300844892724048
0.7301142967987746
0.7301470426304155
0.7301830399721082
0.7302253669758879
0.7302733208505906
0.7303270206425915
0.7303905362150609
0.7304424003744117
0.7304956101463176
0.7305422781961793
0.7305899575309553
0.7306360360490973
0.7306869446527281
0.730759434611667
0.7309044145295449
0.7310898668476042
0.7312987603902983
0.7315366957547201
0.7318068344540665
0.7321160367322286
0.7324695858523043
0.7328824972020971
0.7333661609343767
0.7339672384459504
0.7347432697656118
0.735851001068222
0.7375502154430186
0.7396839537795324
0.7399
0.7399191426647459
0.7399574279942377
0.74
0.7400191426647459
0.740045503294643
0.7400770235449289
0.7401183696908687
0.7401622867368923
0.7402093042397652
0.7402671830599379
0.7403277174138536
0.7403994771932796
0.7404907514845411
0.7405905094128197
0.740714174750438
0.7408768337960879
0.7411285901629955
0.7414201375612118
0.741754750062306
0.7421424953071571
0.7425920327440464
0.7431174943121986
0.7437338107763857
0.7443669120849675
0.7449023569809615
0.7453637898908912
0.7458033633011009
0.7462885717562093
0.747000522586452
0.7475810010335836
0.7480209074392786
0.7484457177893845
0.7489504978648627
0.7495612949194805
0.7499
0.7499108777248974
0.7499326331746922
0.749966316587346
0.75
0.7500108777248974
0.7500257314374145
0.750048626912986
0.7500807069345823
0.7501171438789971
0.7501593725791437
0.7502017523756268
0.7502508897719008
0.7503107027109043
0.7503698057955837
0.7504250336783619
0.7504810764183555
0.7505441138645937
0.7506310506158524
0.7507132640337414
0.7507918921568871
0.7508599990461171
0.7509255942614362
0.7510003183943509
0.751090010312811
0.7511884385465761
0.7512816753435123
0.7513810512068639
0.7514942169755847
0.7516329219713608
0.7517739925366301
0.7519251965233547
0.7520997467793673
0.7523044621844529
0.752566368137217
0.7529271610839484
0.7534816411075372
0.7545337362449404
0.7563923503491072
0.7586833449503256
0.7599
0.7599111857851484
0.7599335573554451
0.7599667786777226
0.76
0.7600111857851484
0.7600279695940791
0.7600481585413961
0.7600807105473368
0.7601177182696284
0.7601579447589488
0.7602037109162616
0.7602564892110244
0.7603171644155434
0.7603868434575201
0.7604674817657414
0.7605630899684086
0.7606664894247442
0.7607806047759247
0.7609197007099358
0.7610951328142209
0.7613056298148069
0.7615482038297996
0.761826346963494
0.7621451898045294
0.7625076577850923
0.7629281289630274
0.763415209278484
0.7640138916630774
0.7647709716903265
0.7658208093234249
0.7675309719025767
0.7699
0.7699084121600039
0.7699252364800118
0.7699588851200274
0.7699794425600137
0.77
0.7700084121600039
0.770018068693334
0.7700330656654402
0.7700538651846706
0.770074098404444
0.770098732977632
0.7701277603060716
0.7701539593977698
0.7701788164025356
0.7702061220316633
0.7702420692389428
0.7702864274707364
0.7703231553886098
0.7703624519795804
0.7704076078290486
0.7704563547019182
0.7705067604661258
0.7705650674872703
0.7706571728758158
0.7707410238429444
0.7708127906088802
0.7708889034796642
0.77097736940822
0.771087018921543
0.7712444404876767
0.7715059118158639
0.7718087942348136
0.7721480742175539
0.7725288692260288
0.7729537711995812
0.7734334303137536
0.7739752290636938
0.7746225499336443
0.7754111057397598
0.776440309472399
0.7779418917728448
0.7799
0.779920156213997
0.779960468641991
0.78
0.780020156213997
0.7800481381025158
0.7800854046546705
0.7801352339982813
0.7801866182060336
0.7802466189753783
0.7803168662416116
0.7803963043346756
0.7804850578870445
0.7805966440808008
0.7807330381932501
0.7808506915066254
0.7809671327074521
0.7811023672766787
0.7812564692285702
0.7814456964632769
0.781621851995229
0.7818148775125005
0.7820430253393977
0.7822885293615347
0.7825719035173192
0.7829236150580806
0.7834031805816328
0.7841536792645069
0.7856387337450345
0.7881483685105858
0.7899
0.789907856766979
0.7899235703009371
0.7899549973688531
0.7899774986844266
0.79
0.790007856766979
0.7900179986549892
0.790035092457631
0.7900580656034181
0.7900799395588094
0.7901038738977487
0.7901303529733799
0.7901628247094808
0.7901947883832263
0.7902301353988707
0.7902748015056239
0.7903271884106166
0.7903842319203421
0.790454220548296
0.7905483021377336
0.7906774873553719
0.7908305281113864
0.7909842711140662
0.7911350597339389
0.7912848231921309
0.7914432305623594
0.7916442407263685
0.7918878832818528
0.7920600651247766
0.7922227526598091
0.7923880142673994
0.7925500716350261
0.7926954005876096
0.7928257516872179
0.7929621133663691
0.7931116541740499
0.7932660358639283
0.7934019327636879
0.7935428933049755
0.7937012156717729
0.7938609874161033
0.7940238509114185
0.7941655887629023
0.7943250906648202
0.7944473580095154
0.7945578919111599
0.7946754906491897
0.794824199332694
0.7949766361290854
0.795133366545887
0.7952857188404384
0.7954481623939218
0.795640076933618
0.7958725271158154
0.7961874210672226
0.7966521807746741
0.797424396351489
0.7986635451543671
0.7998999999999999
0.7999117666652455
0.7999352999957368
0.7999676499978684
0.8
0.8000117666652456
0.8000287371794419
0.8000538105195932
0.8000842176375776
0.8001147003954098
0.8001489556451801
0.8001888685581755
0.8002319183921707
0.8002785237601483
0.8003367678631094
0.8004160884955919
0.8004998693908585
0.8005961907387208
0.8007286304029382
0.8008709650627581
0.8009804367314831
0.8010901637011542
0.8011850408567641
0.8012563905847134
0.8013417890674083
0.8014531630421806
0.8015527059849693
0.8016630544105695
0.8018245666975133
0.8020187514727443
0.802404259246784
0.8031752747948636
0.8041454925526378
0.8052734752775798
0.8065920067614489
0.8081177464245142
0.8099
0.8099049364862879
0.8099148094588638
0.8099345554040157
0.809957433335258
0.8099814936406197
0.81
0.810004936486288
0.8100127507681776
0.8100283793319567
0.810048392083277
0.8100724152755568
0.8100999789810399
0.8101283642785284
0.8101589666157754
0.8101952828682478
0.8102359926714738
0.8102821312246321
0.8103357311710849
0.8104051886011282
0.8104970941604719
0.8105496874001861
0.8106020599431668
0.8106548793640093
0.8107138985292768
0.8107645287604295
0.8108213762206468
0.8109132399408979
0.8109965546818221
0.8110591232394172
0.8111130932041729
0.8111606977328095
0.8112043569396447
0.8112475825400642
0.8112947271569787
0.8113598454562013
0.8114271767588679
0.8114779935299378
0.8115272400358494
0.8115794600260244
0.8116389115317049
0.8117136847265732
0.8118091456619922
0.8118776072211892
0.8119297252862654
0.8119782149702242
0.8120287679087862
0.8120959136607515
0.8121803748245323
0.8122461065169116
0.8123111493478508
0.8123830092469541
0.8124674094442024
0.8125776249751673
0.8127133428871753
0.8128415056127458
0.8129726823878126
0.8131155163382989
0.813280301479219
0.8134729874325108
0.813717131927527
0.8140462113521164
0.8145297308630146
0.8152764286902918
0.8161418195075257
0.8171501002706086
0.8183309182834857
0.8197830534002771
0.8199
0.8199187094416942
0.8199561283250827
0.8200000000000001
0.8200187094416943
0.8200425050128269
0.8200723439737979
0.8201140512686973
0.8201544011379077
0.8202031750863154
0.8202590418530166
0.8203131989749235
0.8203708064388854
0.8204392696252681
0.8205174234803074
0.8206027167087574
0.8206920082973319
0.8207923094802912
0.8209064805028522
0.8210332358230077
0.8211868917289527
0.8213898377407763
0.8216929852602481
0.8222478061596074
0.8233574479583258
0.8250394815219876
0.8280048954779136
0.8299
0.8299171396687436
0.8299514190062308
0.8300000000000001
0.8300171396687437
0.8300360001688994
0.8300623323050073
0.8301031844098185
0.8301412237529381
0.8301817542260241
0.8302290277074086
0.8302847065472992
0.8303556342788826
0.8304348070278442
0.8305212165504715
0.8306188933236518
0.8307379311404227
0.8308926486927793
0.831103589642177
0.8313703007977952
0.8317034341184392
0.8321402952736646
0.8327601944851369
0.8337708135198172
0.8357920515891777
0.8394846330503677
0.8399
0.8399094945055265
0.8399284835165797
0.8399630305111448
0.8399815152555724
0.84
0.8400094945055265
0.8400219824494513
0.8400386591314015
0.84006010838057
0.840086130962844
0.8401101503947502
0.8401347729538132
0.8401626439830807
0.8401964254219796
0.8402339062423488
0.8402699396571607
0.8403102290386926
0.8403577728693028
0.8404197254456716
0.8405091570662877
0.8406137006016665
0.8407344080484491
0.8408748896182544
0.8410477074154659
0.8412740674923945
0.8415955366739393
0.8421118597699863
0.8431445059620802
0.8450909209627088
0.8483654797668544
0.8499
0.8499165171819464
0.8499495515458392
0.85
0.8500165171819464
0.8500449805684887
0.8500730405917075
0.8501084856746547
0.8501544868848464
0.8501976382314596
0.850246371932445
0.8503000118136419
0.8503662817755385
0.8504341895682468
0.8505105368543333
0.850596307482583
0.8506950149799979
0.8508191423087674
0.8509972666921216
0.851272013462606
0.8516712196082263
0.8522480668707617
0.8531926213504669
0.8550817303098773
0.8588599482286982
0.8599
0.859912742813775
0.8599382284413252
0.8599691142206626
0.86
0.860012742813775
0.8600273904913301
0.8600493433379204
0.8600787200418349
0.8601121383280921
0.860146644119539
0.8601854220782298
0.8602301726109886
0.860282847956743
0.860338679357786
0.8604021998761212
0.8604731170966393
0.8605580721465198
0.8606608696875849
0.8607827840631854
0.8609270982667634
0.861111327531388
0.8613393413439168
0.8616094129375741
0.8619318103359386
0.8623496354619058
0.8628964726933742
0.8636679293312259
0.864884787560093
0.8672903556259707
0.8699
0.8699119051980532
0.8699357155941595
0.8699678577970797
0.8699839288985398
0.87
0.8700119051980532
0.8700238067664146
0.8700407940594868
0.8700673472483166
0.8700942813823772
0.8701285519894216
0.8701652929111933
0.8701983346928968
0.8702331658393488
0.8702762256481121
0.8703304039287063
0.8703801478512593
0.8704316292737058
0.8704926736555051
0.87056863837986
0.8706793975905417
0.8708116823135497
0.8709642943655885
0.8711406738235351
0.8713557458097675
0.8716339567902178
0.8720222058077218
0.8726282498739207
0.8737980744334919
0.8761008854488647
0.8799
0.8799331437776383
0.8799665718888192
0.88
0.8800331437776383
0.8800691717794933
0.8801124546779829
0.8801754987324588
0.8802433739060007
0.8803153492507478
0.8804060588196656
0.8805012319389558
0.8806227985646077
0.880766535249609
0.8809446363848623
0.8812041159943185
0.8816142894234309
0.8822751497211093
0.8834490843472834
0.8857969535996316
0.8899
0.8899382756070302
0.89
0.8900382756070302
0.890083930473192
0.8901389031018117
0.890211588237976
0.8902936940417505
0.8903828986604643
0.8904939680031142
0.8906164208668061
0.8907828841471173
0.8909987485676423
0.8913110412969556
0.8917550547781075
0.8924550763218497
0.8938006117187451
0.896491682512536
0.8999
0.8999091810152109
0.8999275430456326
0.899964267106476
0.8999821335532381
0.9
0.9000091810152109
0.9000181968358685
0.9000354497997972
0.9000576360437073
0.9000861555657668
0.9001131684957224
0.9001428647716415
0.9001763932968687
0.9002170364152869
0.9002594829437068
0.9003043668123187
0.9003571091285208
0.9004146344844876
0.9004841255572205
0.9005766209654517
0.9006904497385058
0.9008175841876248
0.9009611578434416
0.9011223199199061
0.901320325882587
0.9015638762019581
0.9018462583240756
0.9021877885724523
0.9026000081107445
0.9031077269305473
0.903787909146592
0.9047243209251481
0.9061448184765618
0.9086890320004444
0.9099
0.909907066970132
0.909921200910396
0.9099494687909239
0.9099737554118071
0.9099868777059036
0.91
0.910007066970132
0.9100152680172672
0.9100278596540092
0.9100528634405659
0.9100709781893289
0.9100891940908075
0.9101118070915035
0.9101387803638106
0.910164941032466
0.9101874050174888
0.9102097775594695
0.9102358294714318
0.9102750429537022
0.9103094244528617
0.9103410092596864
0.9103764340501987
0.9104169837346973
0.9104711288343817
0.9105442036699104
0.9106372318170404
0.9107385294728896
0.9108490592204805
0.9109763527218347
0.9111240112025121
0.9113082293602933
0.911551554354805
0.9118980854390221
0.9124512551568226
0.9134070289765522
0.9148101090715329
0.9171454773242704
0.9199
0.92
0.9201537292270502
0.9202669717907764
0.9204026248190568
0.9206739308756174
0.9209627132956705
0.9213311505024269
0.9218424942117766
0.92278973300384
0.9245384122821434
0.9277313206141989
0.9299
0.92995
0.93
0.9300602685604237
0.9301167988096858
0.9301911880868873
0.9302954203622925
0.9304058409669907
0.9305440086589614
0.9307007354968097
0.930927951547394
0.9312446886827955
0.9317151189742894
0.9325159326244115
0.9339740857702867
0.9364843885261437
0.9399
0.9399285111721813
0.9399642555860908
0.9400000000000001
0.9400285111721814
0.9400573949875494
0.9400959628346032
0.940156828330705
0.9402198328354371
0.9402858757128166
0.9403620369441288
0.94045136887954
0.9405507186882981
0.9406720697316908
0.9408377844148078
0.9410650286167499
0.9413576594222436
0.9417521786460226
0.9423279775392701
0.9433086071634523
0.9452698664118168
0.9491519697430094
0.9499
0.949943698181223
0.9500000000000001
0.9500436981812231
0.9500910152094356
0.9501473816638252
0.9502269630088089
0.9503122645243269
0.9504045155962063
0.9505159643867861
0.9506400830802937
0.9508139402483247
0.9510560681950725
0.9513799904735074
0.9518430211310982
0.9525801301024506
0.9540543480451553
0.9570027839305648
0.9599
0.96
0.9601999999999999
0.9603841007020386
0.9605754568415307
0.9609496705314434
0.9613753110949003
0.961993388166571
0.9629387668651048
0.9648295242621725
0.9686110390563079
0.9699
0.97
0.9700725538074987
0.970193370625912
0.9702914477314446
0.9704243101065662
0.9705947504461616
0.9707930295129221
0.9710686629001362
0.9714835940240072
0.9723134562717493
0.9736327758092262
0.976006223433035
0.9799
0.97995
0.98
0.9800765843609036
0.980138479327668
0.9802159170246055
0.9803423083894194
0.980471563257821
0.9806276442800532
0.9808109389224123
0.9810936193082322
0.9814656931387282
0.9820573756998228
0.9831986187136763
0.9854811047413834
0.9897428147263292
0.9899
0.99
0.9900781382218725
0.9901426318444104
0.9902244914809286
0.990377925318049
0.9905453707837458
0.9907346346152859
0.9910044001847882
0.9913742753150454
0.9921140255755598
0.9933482099881658
0.9953302756309359
0.997665137815468
0.9999
1.0
