0.0
0.001
0.003
0.007
0.0099
0.009903227249971674
0.00990968174991502
0.00991468226011316
0.009919485507490633
0.009926530505683175
0.009936902532026018
0.00995137006851121
0.009965858872070134
0.009980370757393315
0.009990185378696658
0.01
0.01000322724997167
0.01000780317512803
0.01001293377068849
0.01002319496180943
0.0100340727939116
0.01004635708125983
0.01005944192791139
0.01007407915296027
0.01008955835571254
0.01010729837766803
0.01012798814801047
0.01015737248983565
0.01018654366172242
0.01021087842126896
0.01023673216549262
0.01026255596673352
0.01028739945960328
0.01031332908115131
0.01034436525817853
0.01037764612941736
0.01040837740332892
0.01043575582601053
0.01046326251664507
0.0104929430303789
0.01052698425981242
0.01056851064638594
0.01062217515515077
0.01067129174291291
0.01068006857474036
0.0106938831234463
0.01070910884327721
0.01072817663429632
0.01074385723068389
0.01075951780868586
0.01077676738676168
0.01079786299492065
0.01081252766507004
0.01082734847384252
0.01084209905316626
0.01086174717268972
0.01087696323325794
0.01089345609565229
0.01091837909825363
0.01095004314988463
0.01098573666354719
0.01102562628248784
0.01107277942295865
0.01112032087245925
0.01115773735041565
0.01118721440830245
0.01121424561785186
0.01124635225682258
0.01128900729478866
0.01131913741411315
0.01134920178660789
0.01138260070937828
0.01141749362901859
0.01144775307532423
0.01147459631913722
0.01149961830794873
0.01152421357552886
0.0115507199065218
0.01158605843742397
0.01161078869463674
0.01163547933790885
0.0116577680861506
0.01167831280898766
0.01169880034833373
0.01172019778394954
0.01174432508968506
0.0117768148123115
0.01180625260433859
0.01183517458616838
0.01186284454405411
0.01189139123392957
0.01192297731098483
0.01196091920184506
0.01200672511512201
0.01206700205084731
0.01215270371523896
0.01227379498499459
0.01248992132652964
0.01276827646296741
0.0131179072984551
0.01351712015955787
0.01397310973226996
0.01450019425950421
0.01511409025378283
0.015832733908627
0.01667896039282004
0.01763204537446341
0.01866587560702628
0.01979478225354095
0.0199
0.01990461433803717
0.01991183843988072
0.01991741309727672
0.01992185542161185
0.01992802155211819
0.01993677152113624
0.01995171227714089
0.01997403915194503
0.01998701957597251
0.02
0.02000461433803717
0.02001115372921985
0.0200168914132407
0.02002836678128239
0.02004013859723596
0.0200512475230367
0.02006844941617767
0.02008547150867762
0.02010340710593211
0.0201253937902964
0.02015325107054691
0.02017805424224488
0.02019995388131011
0.02022043829038261
0.02024067760317757
0.02026313685613246
0.02028381957062273
0.02030050918531118
0.02031443822243586
0.0203263525405659
0.02033680785324983
0.02034627515973361
0.02035505225031517
0.02036334318776987
0.02037130205114718
0.0203791522154455
0.0203871743177548
0.02039554654211068
0.02040451610249523
0.02041451190708617
0.02042650481380456
0.02044312960125238
0.02045860594823667
0.02047214941265768
0.02048478892922337
0.02049695294167022
0.02050881955399114
0.02052027358447267
0.02053109862258282
0.02054129860338053
0.02055116027218732
0.0205612500327043
0.02057275508708449
0.02058627823560138
0.02060003495821015
0.0206115012526774
0.02062277096300043
0.02063480505395632
0.02064847022325876
0.02066493795408106
0.02068043487704059
0.02069496231623412
0.02070910659487273
0.02072345957320838
0.0207396100348659
0.02075777009542066
0.02077258397522055
0.02078374991826085
0.02079357120844318
0.0208030119357317
0.02081314228151405
0.02082638161794365
0.0208416657401101
0.02085450258464936
0.0208667695420233
0.02087984989510059
0.02089479456858263
0.02091311886606063
0.02093746800859329
0.02096454434863052
0.02098521316416322
0.02100498149970819
0.02102581945954846
0.02104918393206133
0.02107797204218599
0.02111039699175713
0.02114593867906422
0.02118547087529853
0.02123169943003539
0.02128643148011143
0.02135218543145329
0.02142156882542577
0.02150187622737534
0.02158239921004752
0.02165251802748248
0.02173837394844115
0.02180397386691773
0.02185155785797956
0.02190340173454665
0.02199486235561433
0.02206253162591229
0.02213600888637255
0.02221968589557783
0.02232734527383377
0.02248795666881047
0.02277657012024565
0.02327436337470221
0.02383601416109483
0.02447022081266313
0.0252017932398841
0.02605866955437669
0.02706580790040506
0.02828101928557498
0.02968914995533522
0.0299
0.02993795334732214
0.02996897667366107
0.03
0.0300227937208864
0.03004363628100364
0.03007392625138666
0.03012307358201944
0.03016761966948391
0.03021626526317728
0.03027477795278864
0.03034989345918161
0.03042743342338839
0.03051410873256328
0.03062196435344402
0.03076379343345755
0.03096082428454001
0.03129501390395078
0.03187432733429788
0.03298960046032578
0.03517139444178964
0.03811530059774593
0.0399
0.03991607391173766
0.03994822173521299
0.04
0.04001607391173766
0.04003222075527778
0.04005116700597276
0.04008905950736273
0.04012507669411967
0.04016119156500236
0.04020224873463895
0.04024908916008576
0.04030381400536972
0.04036805095534022
0.04044313534303303
0.04053065907086575
0.04063250416623194
0.04075096428993769
0.04088882412960836
0.04104943706005515
0.04123688224345973
0.04145270303561321
0.04170112750405755
0.04198702728209584
0.04230929140449639
0.04264161421705794
0.0430049817272954
0.04348577136792903
0.04401973235572448
0.04440793549564129
0.04477716732822032
0.04516750587605708
0.0456095064289069
0.04612528408861304
0.04680421280584586
0.04776624484567659
0.04852423579864949
0.04929240472076925
0.0499
0.05
0.05010637471036661
0.05022143851479242
0.05033323813406193
0.0504685558191687
0.05069051021089116
0.05086502845198927
0.05105816753774848
0.05133637543986835
0.05167000285668065
0.05207997123405843
0.05260054063673102
0.05318059368902471
0.05379824012237285
0.05449118355994097
0.05530207702289142
0.05613217837949304
0.05699667302898522
0.05805101939859261
0.05972034407644185
0.0599
0.05990491190066719
0.05991473570200157
0.05993438330467033
0.05995478795664119
0.05997894201844525
0.06
0.06000491190066719
0.06001259030488906
0.06002794711333281
0.06004756293772996
0.06006355270164154
0.06007904569585306
0.06009886133633721
0.06012059262697608
0.06014783468212261
0.06017279903669004
0.06019360592799059
0.06021228522742413
0.0602303506591878
0.06025063337711659
0.06026360395568117
0.06028026927439354
0.06029405066051042
0.06030584555512369
0.06031735107090269
0.06032933123925251
0.06034395589005381
0.06035908783219945
0.0603744764637551
0.06038863563738105
0.06040317970999728
0.06041923899806678
0.06043808431453795
0.06045875554226734
0.06048002347672875
0.0605006754616904
0.06051632213637154
0.06053009834376608
0.06054355569741772
0.06055789726786036
0.06057604524246915
0.06059033433436035
0.060604889788494
0.06061884402829829
0.06063440707427153
0.06065078194841723
0.06067254182100279
0.06069460312089907
0.06071308659929363
0.0607399500561395
0.06076350135016709
0.06079061820071913
0.06082633632721925
0.06087667088970474
0.06095668409554462
0.06104134496142718
0.06113071077045756
0.06122850461367931
0.06134060282288756
0.06146760691882985
0.06162754614067426
0.06184020341226152
0.06213981119196702
0.06251224358400399
0.06293417684902529
0.06341403292243805
0.06396276602846049
0.06459631616941126
0.0653291295952363
0.06619353062380105
0.06721240733877745
0.06845386567291381
0.06989172336237265
0.0699
0.06990912915189244
0.0699173384929331
0.06993375717501443
0.06995675677520027
0.06998387948933758
0.07
0.07000912915189245
0.07001794460916595
0.07003319160122425
0.07005506424246777
0.07007984341780887
0.07010703347830613
0.07012875689512527
0.0701551906195471
0.07018595310471704
0.07021515265572764
0.07024683763715112
0.07029189881881533
0.07033511326716597
0.07037534066607076
0.07041526792986492
0.07046110734349485
0.07052438387030767
0.07059427909504686
0.07065070627508738
0.07070348195146615
0.0707494643862398
0.07079519052279833
0.07085046791637492
0.07089580344083445
0.0709375605245223
0.07099846866979626
0.07106367613375388
0.07113750895040638
0.0712113622358345
0.07129466312260357
0.07139438239916644
0.07150041806966702
0.07161841811675364
0.0717546964183327
0.07191713332112272
0.07212522272700764
0.07241109241835178
0.07284648211992935
0.07364863166205524
0.07517064262360414
0.07794505007414392
0.07990000000000001
0.07991497695837206
0.07994493087511616
0.07997797056989378
0.08
0.08001497695837205
0.080029317543253
0.08005040960813332
0.08008307840429728
0.08011206527575161
0.08014045824910378
0.08017393641154574
0.0802213268680341
0.08027452262140439
0.08032007919207582
0.08036750695918987
0.08041976548872896
0.08048148077740924
0.08056523451113307
0.08068913229973249
0.08082513115962119
0.08096373259057175
0.08113289202564462
0.08136620398578415
0.08170225455169126
0.08230237175582725
0.0830600492764991
0.08399268801219802
0.08515205218211908
0.08660951838429336
0.08849993855783711
0.08990000000000001
0.08992883724748943
0.08996441862374471
0.09
0.09002883724748942
0.09005865299395012
0.09009249071956739
0.09014151810420601
0.09020130465088504
0.0902588089517285
0.0903251658101187
0.09039358432161694
0.09048211055637921
0.09057402798729733
0.09067848577721248
0.09079796390668445
0.0909608168833201
0.09118802744560063
0.0914722891724374
0.09184125100716024
0.09234844806308073
0.09312519442926126
0.09454001389263136
0.09625487083232781
0.09831181766590563
0.0999
0.09991913110360663
0.09995739331081989
0.1
0.1000191311036066
0.1000434939030016
0.1000711727252823
0.100109724016066
0.1001511308605776
0.1001935874449254
0.1002398666284287
0.1002884677828058
0.1003501390704885
0.1004157677386043
0.1004811704135971
0.10055417542473
0.100651611991869
0.1008088934173761
0.100987895193744
0.1011815920178106
0.1014347265732398
0.1017806238218708
0.1022907298864657
0.1032519319668693
0.1045980626824751
0.1056620233395938
0.1067443651566496
0.1078101521387291
0.1090606693375818
0.1099
0.1099075177089719
0.1099225531269157
0.1099526239628033
0.109979229258575
0.11
0.1100075177089719
0.1100169471924375
0.1100326592944526
0.1100523144255077
0.1100735596322762
0.1100930674690215
0.1101130409163099
0.1101285434006973
0.1101460863895952
0.1101644570605005
0.1101943383149697
0.1102170042858594
0.1102380967879609
0.1102610242280096
0.1102871399488335
0.1103199149060519
0.1103655437020497
0.1104378119525133
0.1105355312828904
0.1106528870917544
0.110792122899645
0.1109452058023057
0.1111186459128561
0.1113296391182697
0.1114896553129623
0.1117625081100399
0.112084871347862
0.1124543764084338
0.1128815490230815
0.1133674245085684
0.1139252420631984
0.1145707810095318
0.1153240045397706
0.1162070212906211
0.1172467357449704
0.1185219279704538
0.1199
0.1199241096055699
0.119962054802785
0.12
0.1200241096055699
0.1200545495786625
0.120078775525404
0.1201166277366194
0.1201514054149454
0.1201915001151809
0.1202588258690218
0.1203149653716817
0.1203681898730825
0.12042839752205
0.1205028099038577
0.1206159181963039
0.1207331183479519
0.1208513087291062
0.1209820353376215
0.1211525591949013
0.1213357319835839
0.1214863228948304
0.1216331132256485
0.1218017443110374
0.1219951340803929
0.1222231352196211
0.1224369283198067
0.1226703589715467
0.1229393226009212
0.1232381843539033
0.1235714150674037
0.1239744240743662
0.1244975648907312
0.1252491066754075
0.1265295854838547
0.1288373917141876
0.1299
0.1299109040705902
0.1299327122117707
0.1299663561058854
0.1299831780529427
0.13
0.1300109040705902
0.1300210865236427
0.1300368391409783
0.130064219015094
0.1300905333057555
0.1301115154958215
0.1301481849084353
0.1301850079308055
0.1302317552225069
0.1302855465947819
0.1303371812950437
0.1303935420493945
0.1304561521185167
0.1305193502541254
0.1305823110985243
0.1306456740201715
0.1307160210006617
0.1308098072663619
0.130907008443333
0.1310074335752982
0.1311160481722708
0.131243889479358
0.1313929183359906
0.1315718680734957
0.1318003146304389
0.1321155938091905
0.1326085448159155
0.1335530900409228
0.1354421804909375
0.1382550938749136
0.1399
0.1399077470058503
0.139923241017551
0.1399542290409524
0.1399771145204762
0.14
0.1400077470058504
0.1400179578343084
0.1400362845196894
0.1400632116151206
0.1400881918436946
0.1401130145509503
0.1401371447554334
0.1401702575145748
0.1402068907128158
0.1402461473488634
0.1402879676382416
0.1403296532262352
0.1403744817991288
0.1404259902009653
0.1404874364436485
0.1405627031300542
0.1406431055093515
0.1407321710715495
0.1408391865090494
0.1409777323753435
0.141152520214402
0.1413611351416411
0.1416081257140772
0.1418887907260281
0.1422255855372071
0.1426295169439681
0.143129028164934
0.143765845353098
0.1446883720017626
0.1460504056703334
0.1484006727230112
0.1499
0.1499123883472326
0.1499371650416977
0.1499685825208488
0.1499842912604244
0.15
0.1500123883472325
0.1500230134904038
0.1500392208902828
0.1500716356900406
0.1500985031983798
0.1501263190386007
0.1501617024660118
0.1502025088324963
0.1502387620761386
0.1502738506262059
0.1503131879221777
0.1503651434098311
0.150418059219057
0.1504691455698991
0.1505249187815822
0.1505893019241291
0.1506662003308658
0.1507553228729094
0.1508802680356816
0.1510351432457732
0.1512075739728364
0.1514091883285277
0.151657081940174
0.151965346981997
0.1523934152900629
0.1530549025362086
0.154326214617922
0.1568688387813489
0.1599
0.1599126740018747
0.1599380220056241
0.159969011002812
0.16
0.1600126740018747
0.1600280876766599
0.1600486331509549
0.1600709016658565
0.160092581451888
0.1601221154147006
0.1601535330799197
0.1601891519108766
0.160218510471367
0.1602642980110395
0.1603111960359996
0.1603508221796764
0.1603926828271521
0.1604410649325296
0.1605051433166355
0.1606198131596504
0.1607548586315222
0.1608904433817113
0.1610419769670913
0.1612263109323043
0.1614487355636278
0.1617237843191946
0.1620822869273142
0.1626085461741159
0.163600030794838
0.1654453405642066
0.1682409809216384
0.1699
0.16995
0.17
0.1700811147416166
0.1701451455927765
0.1702118913098016
0.1703174164325905
0.170450419090559
0.1705849136378352
0.170719740212445
0.1708897636935348
0.1712176230051685
0.1715408262523733
0.1719434963835638
0.1725583732538173
0.1736206751151416
0.1755776661071329
0.1788912146299937
0.1799
0.1799110643877103
0.179933193163131
0.1799665965815655
0.1799832982907827
0.18
0.1800110643877103
0.1800218621243269
0.1800398161445759
0.1800654284642517
0.1800919842106277
0.1801178728489808
0.180137534558583
0.1801586692299285
0.1801959767284389
0.1802355150491899
0.1802634159351174
0.1802918613143343
0.1803241265927125
0.1803639582301892
0.1804224324893619
0.1805307045461708
0.180664410920359
0.1807018860563887
0.1807768363284481
0.180926736872567
0.1811176618028003
0.1813465532134381
0.1816088527522043
0.1819076836205507
0.1822388170378759
0.1826140243918885
0.1830373644400372
0.183522108092947
0.1840910375311748
0.1848355390925746
0.1858556799855673
0.1875120568699261
0.1899
0.1899087606301987
0.189926281890596
0.1899350425207947
0.1899476225793927
0.1899598027675657
0.1899799013837828
0.19
0.1900087606301987
0.190018380379004
0.190033505529327
0.1900555506244408
0.1900772464388669
0.190097725677274
0.1901239584369874
0.1901576817141409
0.1901953325444217
0.1902295886011497
0.1902712739109099
0.1903201154553462
0.1903765558807972
0.1904375162403211
0.1904883519310324
0.1905374779701582
0.1905930242580611
0.1906466697473739
0.1906992490180961
0.190769034154509
0.1908374175223345
0.1909142751361075
0.1909905908556725
0.1910736138968366
0.1911779747904773
0.1912992302514168
0.1914395154285074
0.191612656360811
0.1918393642520366
0.1921634250689555
0.1926969738390195
0.1937640713791475
0.1957268416573423
0.198241277629053
0.1999
0.1999238698118477
0.1999619349059238
0.2
0.2000238698118477
0.200054605178667
0.2000882510455981
0.200131096822032
0.2001761865102302
0.2002083819340079
0.2002675966251495
0.2003210525576527
0.2003672382189058
0.2004184014110336
0.2004798501655065
0.200569206662289
0.2007113130689254
0.2008502026790153
0.2010070186746653
0.2011878023638213
0.201412617660839
0.2016764756766303
0.2019943933696688
0.2024113686723501
0.2030354664195636
0.2042836619139907
0.2064782992703799
0.2099
0.2099326468189155
0.2099663234094578
0.21
0.2100326468189155
0.2100674965958164
0.2101022979620713
0.2101417582893943
0.2102029154076448
0.2102762157127951
0.210345964607795
0.2104160228534908
0.2104987486345018
0.2106082972614815
0.2107780485576035
0.2109791020432637
0.2111852117785571
0.2114210901360545
0.2117189685015552
0.2121008850726845
0.2126755921761743
0.213825006383154
0.2156888706730849
0.2187288967277495
0.2199
0.2199340374078183
0.22
0.2200340374078183
0.2200722664435218
0.2201137160808317
0.2201659256091955
0.2202337950147412
0.2203111581289034
0.2203817216582077
0.2204642366436498
0.2205745220429128
0.2207950928414389
0.2210385436119849
0.2213243297149062
0.2217105931574572
0.2222475885420591
0.2230988033179098
0.2248012328696113
0.2277214406156013
0.2299
0.2299252012455519
0.229962600622776
0.23
0.2300252012455519
0.2300558077454393
0.2300856691232655
0.2301231310875335
0.2301612989203568
0.2302147362579729
0.2302785263101832
0.2303303377153903
0.2303852132616872
0.230452775779083
0.2305476033964296
0.2307134078164816
0.230906876582244
0.2311109360376773
0.2313538964001469
0.2316553927996802
0.2320155224080463
0.2324977342414673
0.2332683791526604
0.2348096689750465
0.2371185150578109
0.2399
0.2399075827768159
0.2399227483304478
0.2399530794377115
0.2399765397188557
0.24
0.2400075827768159
0.2400179304628026
0.2400364346562994
0.2400618309298379
0.2400878173430213
0.24011351698107
0.2401383530495091
0.2401774635146852
0.2402212859578078
0.2402667445642437
0.2403140081283084
0.2403635753120721
0.2404132605731612
0.2404642114853767
0.2405199109761604
0.2405890651736851
0.2406728320960972
0.2407673244077637
0.2408651429288523
0.2409780380538596
0.2411237398321813
0.2413204085592409
0.2416201920579309
0.2420079793667964
0.242532193147197
0.2433010232726942
0.2446269613260079
0.2472788374326353
0.2499
0.2499064034448403
0.249919210334521
0.2499448241138822
0.2499659479169173
0.2499829739584586
0.2499914869792293
0.25
0.2500064034448403
0.2500121338277163
0.2500235945934681
0.2500388553982758
0.2500572420646353
0.2500782070242047
0.2500975761580778
0.2501163667536825
0.2501354931553564
0.2501542359777921
0.2501704693740187
0.2501890751981202
0.2502158210693531
0.2502379249000996
0.2502649600558028
0.2502878937891367
0.2503126416136471
0.2503431192677636
0.2503834730132133
0.2504474703927404
0.2505323916389451
0.2506299146972591
0.2507421923936358
0.2508269184024659
0.2509868144980039
0.2511712136282494
0.2513741442941188
0.2516118755061575
0.2518766314197164
0.2521737003461617
0.2525072749794802
0.2529058569263562
0.2533944148805312
0.2540398727893307
0.2549994370495143
0.2568311521795722
0.2599
0.2599174388954399
0.2599523166863197
0.26
0.2600174388954399
0.2600454152941696
0.26007786077837
0.2601072192851008
0.2601378865439588
0.2601732395453252
0.260223252960224
0.2602391228774859
0.2602669015895281
0.2602932047829808
0.2603270521610105
0.26039474691707
0.260461754850822
0.2605354281233496
0.2606177579747364
0.2607076406763696
0.2608147566339292
0.2609505905364137
0.2610824659122598
0.2612297382368936
0.261372352136863
0.2615517796588634
0.2617616591888239
0.2620242483905771
0.2623830072133096
0.2629384640886445
0.2640493778393143
0.2661285412547515
0.2693572755619899
0.2699
0.2699078890712131
0.2699236672136394
0.2699552234984919
0.2699776117492459
0.27
0.2700078890712131
0.2700179815118689
0.270036425552624
0.2700625608957322
0.270084145644411
0.2701126796631441
0.2701412580141889
0.2701784471944028
0.2702210877880861
0.2702621447817023
0.2703073329847675
0.2703526537929776
0.2703985043865823
0.2704489875913814
0.2705059515529421
0.2705756617076751
0.2706590983247552
0.2707487550536979
0.2708488876240557
0.2709697878312182
0.2711270325120063
0.2713543460563476
0.2716271549872514
0.2719572434294567
0.2723655090239344
0.2729297372198448
0.2737342855188529
0.2750574456457835
0.2777037658996449
0.2799
0.2799238695076926
0.2799619347538463
0.28
0.2800238695076926
0.2800496180209772
0.2800818733471
0.2801356146868639
0.2802037450242104
0.2802759569045899
0.2803550128733371
0.2804464612370309
0.2805519446617607
0.2806737186740689
0.2808105688298521
0.2809773546435794
0.2811566876404927
0.2813648451149607
0.281615890780576
0.2819330705632648
0.2823242985948977
0.2828001093754858
0.2833870144396655
0.2841401113409515
0.2851701979820129
0.2867269074130219
0.2895552982505488
0.2899
0.2899106605487738
0.2899319816463216
0.2899659908231608
0.2899829954115803
0.29
0.2900106605487738
0.2900207340845427
0.2900366788761079
0.2900685684592384
0.2900935466932925
0.2901177167483412
0.2901457839627818
0.2901813053847201
0.2902200156131712
0.2902522835451494
0.2902838677386732
0.2903199123832693
0.2903665978419864
0.2904111128213659
0.2904559218570479
0.2905051813810473
0.2905614991746582
0.2906269956080598
0.2906990070421615
0.290789932795572
0.2909200072215491
0.2910693913691436
0.2912347801613333
0.2914284345642676
0.2916668245505262
0.2919645487627621
0.2923799468623086
0.2930250197939684
0.2942750152644337
0.2967750062053643
0.2999
0.2999138024505259
0.2999414073515777
0.2999707036757888
0.3
0.3000138024505259
0.3000294658513201
0.3000510538236231
0.3000797403351838
0.3001135148703306
0.3001458966981211
0.3001733835071687
0.3002056728068941
0.3002474680889358
0.3002942875543438
0.3003358146249941
0.3003771092877844
0.3004238838120971
0.3004826000008788
0.3005777904181764
0.3007152531705096
0.3008459407871671
0.3009927146735867
0.3011683069568848
0.3013803301457072
0.3016410453605171
0.3019724275203961
0.3024369094502507
0.3032141305346805
0.3047685727035401
0.3072632449181085
0.3099
0.3099135961741664
0.3099407885224991
0.3099703942612495
0.31
0.3100135961741664
0.3100302942176182
0.310054462863661
0.3100883413339063
0.3101101988695894
0.3101311775443226
0.3101544885330729
0.3101823633799275
0.3102241556844411
0.3102570978862569
0.3102886525829464
0.3103235388168058
0.3103645615766142
0.3104209022289587
0.3105160716886875
0.3106534199240281
0.3108067648492912
0.3109796146606462
0.311175684687259
0.3114036646595009
0.3116711393757586
0.3119706430416271
0.312309127596676
0.3126860586500728
0.3131261650525896
0.313649078880042
0.3143141110447127
0.3152536233799381
0.3168733763877417
0.3199
0.3199056820012378
0.3199170460037133
0.3199397740086645
0.3199627351618297
0.3199819843269388
0.3199909921634694
0.32
0.3200056820012378
0.3200112346303441
0.320020235924291
0.3200324765459823
0.3200463131836336
0.3200578731976547
0.3200728538331011
0.3200836617093931
0.3200946439229027
0.3201084407550184
0.3201243899389661
0.3201388113444035
0.3201522718534338
0.3201732892802482
0.3201906632149629
0.3202096099708812
0.3202328249532667
0.3202625257272579
0.3203028505721486
0.320353773503766
0.3204064618689762
0.320454597945181
0.3205016951939546
0.3205542738725486
0.3206009332029963
0.3206543854298948
0.3207010738463381
0.32074549804557
0.3207896708311465
0.3208298922840128
0.3208635114823444
0.3208937349501009
0.3209267985692117
0.3209589199915935
0.3209940460234689
0.3210265975038143
0.3210605897790761
0.3210990165385755
0.3211459719137104
0.3212087305585063
0.3212751320505287
0.3213292957179019
0.3213761563935404
0.3214210353027436
0.3214721642301803
0.3215075257851404
0.3215471159912827
0.3215815849709619
0.3216131420753896
0.3216454755160784
0.3216814030136176
0.3217317705646988
0.3217872967031811
0.321829839290502
0.3218716029982069
0.3219163696158247
0.3219693087830549
0.3220346127492969
0.3221233289222517
0.3222526917504131
0.3224618781210796
0.3226995863409116
0.3229328225639997
0.323227559005733
0.3235422897657569
0.323890041977082
0.3242781059994312
0.3248677596758626
0.3257202852154162
0.3267076837991396
0.3278479715286126
0.3291821304156008
0.3299
0.3299047130939293
0.3299141392817879
0.3299329916575051
0.3299491785950881
0.329963592242595
0.3299785990633178
0.33
0.3300047130939293
0.3300141392817879
0.3300291357787147
0.3300432417101395
0.3300604067520617
0.3300749573741522
0.3300988646745106
0.3301206428827312
0.3301480060361746
0.3301805094728126
0.3302050421820671
0.3302317790254102
0.3302622580443906
0.3302959795683801
0.3303337410824537
0.3303772503219797
0.3304294339420788
0.3304951240525197
0.3305836295945612
0.3306970350476777
0.3308053007513867
0.3309119637977108
0.3310299245665723
0.3311437320109945
0.3312677094116928
0.3313622548625499
0.3314411553398197
0.3315123447776024
0.3315790671665145
0.3316474525110423
0.3317275328179592
0.3318156294258446
0.3319045926685415
0.3319824131299444
0.3320604259446323
0.3321451620190344
0.332243081253798
0.3323663032278913
0.3324599224445638
0.3325393929845596
0.3326183381415345
0.3327071405716603
0.3328193740140701
0.3329414054603525
0.3330484683025062
0.3331599628989941
0.3332863412883416
0.3334383520192764
0.3336361193702571
0.3338340377518915
0.3340411465834363
0.3342708069642702
0.3345407607646252
0.3348684406001605
0.3352938156156429
0.3358874071878515
0.3368227817793699
0.3379523679572838
0.3393059800422746
0.3399
0.3399062063194458
0.3399186189583374
0.3399434442361207
0.3399694517827949
0.3399847258913974
0.34
0.3400062063194458
0.3400133664621287
0.3400275054178734
0.3400497953490232
0.3400685999374946
0.3400928563445498
0.3401166914466619
0.3401402546216056
0.3401710633581686
0.3402131255717178
0.340259182751572
0.3402974054935556
0.340332865366467
0.3403708047246558
0.340416919509888
0.3404669019804619
0.3405170075308038
0.3405671478158518
0.3406223961131887
0.3406921860637011
0.3407661297474169
0.3408429924074289
0.3409272226480787
0.3410292826815134
0.3411651397726967
0.3413534017874272
0.3416147825647187
0.3419583629551207
0.3423854742896825
0.3429430660565342
0.3437313319229702
0.3450133378708409
0.3473354504555896
0.3499
0.3499123255860975
0.3499369767582924
0.3499684883791462
0.3499842441895731
0.35
0.3500123255860975
0.3500230477706407
0.350039907284713
0.3500658047958083
0.3500935479699243
0.3501279733694021
0.3501618413326212
0.350194314908899
0.3502309391964326
0.350275818610825
0.3503281903872182
0.3503777054998293
0.3504307930071934
0.3504858998188666
0.3505483124329539
0.3506301191199128
0.3507613637848288
0.3509122300932248
0.3510747273121427
0.351276277247606
0.3515343701378544
0.3518881301424641
0.3524247234785844
0.3534979101508252
0.3553929031714433
0.3586115006918768
0.3599
0.359909007295435
0.3599270218863049
0.3599630510680447
0.3599815255340224
0.36
0.3600090072954349
0.3600181678825725
0.3600364890568475
0.3600652442510898
0.3600958369394609
0.3601264325855228
0.3601614071954446
0.3602036619953287
0.3602477526929056
0.3602957215388164
0.3603425128616217
0.3603925681352286
0.3604536763033675
0.360525436031413
0.3606136372916033
0.3607061132490498
0.3608141693424353
0.360945432058325
0.361116847348489
0.3613271787041978
0.361578838600529
0.3618683721680782
0.362218228427876
0.3626435069355914
0.363180248661843
0.3638948880664334
0.3649234571937481
0.3666113263605418
0.3699
0.3699061611348757
0.3699184834046272
0.3699431279441301
0.3699624233608178
0.3699812116804089
0.37
0.3700061611348757
0.3700145122902677
0.3700245976517418
0.3700391725961341
0.3700577112474229
0.3700761662978265
0.3700935997264275
0.3701126172164741
0.370134152554535
0.3701534781138811
0.3701688579710066
0.3701844155776836
0.3701990973428734
0.3702187036724806
0.3702400800198589
0.3702661919102025
0.3702877206811584
0.3703097364987305
0.3703305587907498
0.3703517774073614
0.370375110448199
0.3703999731580748
0.3704220933481219
0.3704394383439378
0.3704547074865098
0.3704719439090144
0.370487883219087
0.3705043576499703
0.3705204191327069
0.370537620464686
0.3705582395284831
0.3705832869393944
0.3706176318481728
0.3706507097825125
0.3706770423311046
0.3706995316225515
0.3707203023758591
0.3707418084832009
0.3707720433292028
0.3707963949407558
0.3708140243129214
0.3708297906638887
0.3708446801020346
0.3708598446434277
0.3708770126989768
0.3709012839371519
0.3709268789998139
0.3709463107591372
0.3709651238815772
0.3709850230681371
0.3710075313860111
0.3710355044599364
0.3710709680941344
0.3711194425204139
0.3711900080562891
0.3713042726484844
0.3715235764863983
0.3717916574517845
0.372090147930035
0.3724297703314861
0.3728179149095155
0.3732673312503589
0.3737926635187704
0.3744093113393488
0.3751353445816394
0.3759928544033911
0.3770103943296307
0.3782261381663311
0.3797067869129317
0.3799
0.3799026697272774
0.3799080091818322
0.3799186880909419
0.3799318097906899
0.3799481534323809
0.3799657975266153
0.3799851974528809
0.3799925987264404
0.3799962993632202
0.38
0.3800026697272774
0.3800054486132519
0.3800110063852009
0.3800221219290989
0.3800390924319385
0.3800585234835999
0.3800801554597852
0.3801048488990184
0.380129135025819
0.380153394885966
0.380180214640688
0.3802123396999028
0.3802549136243525
0.380308916579102
0.3803706502639765
0.3804402179452621
0.3805159593012621
0.3805930272723756
0.3806616696135643
0.380739951229446
0.3808214581648198
0.3808927432864888
0.3809757144493959
0.3810762716172382
0.381163052304669
0.3812489408950003
0.3813397056792824
0.3814286544543399
0.3815049464354645
0.381568876448347
0.381630966593652
0.3817136612888133
0.3817955779172239
0.3818610604397621
0.3819284284063232
0.3820033190593093
0.3820972319682638
0.3821979213972244
0.382285829425706
0.3823641585859678
0.3824528432985635
0.3825086884686761
0.3825842078407245
0.3826481040426714
0.3827052581087743
0.3827643643634672
0.3828313331378701
0.3829340203377162
0.3830279830427912
0.383105443474897
0.3831848550965599
0.3832718684063001
0.3833777112901469
0.3835117100188971
0.383699204273791
0.3839872163545737
0.3845003596663922
0.3852431669291431
0.3860808025153897
0.3870307994700061
0.3881287416080139
0.389429414603128
0.3899
0.38990307836323
0.3899069066474125
0.3899089129538434
0.3899109164724658
0.3899135155406594
0.3899170811338842
0.3899235644200515
0.389933081331785
0.3899447394846813
0.3899569411981676
0.3899694731772337
0.3899826898104477
0.3899913449052239
0.39
0.39000307836323
0.3900073573998022
0.3900116749425062
0.3900163832243292
0.3900211303553604
0.3900258379375243
0.3900309699998772
0.3900380960851068
0.3900441087643126
0.3900487980558227
0.3900533110770664
0.3900577478389773
0.3900617832657164
0.3900650842820862
0.3900679929440435
0.390071161841208
0.3900742582997955
0.390077633205077
0.3900807739825403
0.3900840656869111
0.3900877974918419
0.390092363077987
0.3900984538202971
0.3901066687975238
0.3901150369094685
0.3901211690831715
0.3901258653308325
0.3901297744179987
0.3901332206455891
0.3901365134645644
0.3901399237737112
0.3901438481139894
0.390150074568022
0.3901549996235003
0.3901588616698585
0.3901625044622446
0.3901659749929258
0.3901693645460211
0.3901727292953944
0.3901761376743662
0.3901797988174634
0.3901843467818404
0.3901883780268834
0.3901927254456372
0.3901967624596321
0.3902008532417552
0.3902053585131001
0.3902105850248884
0.3902170607328634
0.3902256186082977
0.3902370325634188
0.3902543877123722
0.3902850380950688
0.390346338860462
0.3904454636684989
0.39054899044363
0.3906605298289449
0.390782692813417
0.3909249661118123
0.3911025993709926
0.3913470380209223
0.3917205519244962
0.3921176189579691
0.3925506154420188
0.3930371598980939
0.3935891969106098
0.3942277521250445
0.3949745955810047
0.3958549505894477
0.396901414495378
0.3981679606494422
0.3996669538991874
0.3999
0.3999088362696249
0.3999265088088746
0.3999539775911788
0.3999735770160563
0.3999867885080282
0.4
0.4000088362696249
0.4000189470168289
0.4000319924916469
0.4000497200140427
0.4000686500518977
0.4000904865767507
0.4001124092429479
0.4001359497560206
0.4001605917382544
0.4001897120700056
0.400234513275549
0.4002747685204721
0.4003107047327551
0.4003503606393946
0.400395112152701
0.4004535846694517
0.4005399845858175
0.4007008029713175
0.4010224397423176
0.4014436784577681
0.4022749003267177
0.403937344064617
0.4072622315404155
0.4099
0.409906698920532
0.409920096761596
0.4099380324282666
0.4099565464794809
0.4099714044106259
0.4099860821126157
0.41
0.410006698920532
0.4100150784011367
0.4100251860170241
0.4100372867227098
0.4100498710895548
0.4100651873674706
0.4100837718828094
0.4100999977629952
0.4101169411851391
0.4101360441941316
0.4101604915600598
0.4101968082255145
0.4102441363414376
0.4102994299608393
0.4103679539621384
0.4104606878487438
0.410606975448005
0.4108995506465273
0.4114090908580548
0.4123158588608177
0.4141293948663434
0.4177564668773948
0.4199
0.4199045377359958
0.4199136132079874
0.4199317641519705
0.4199449620281402
0.4199578717808038
0.4199734771580868
0.4199891789770623
0.42
0.4200045377359958
0.4200101425689441
0.4200213522348409
0.4200360891585114
0.420049912030398
0.4200656667719874
0.4200831815710392
0.4201060587070506
0.4201374189983982
0.4201737982958715
0.4202158131427579
0.4202644404559638
0.4203207739348928
0.4203863919627066
0.4204629975653524
0.4205524834469166
0.4206570158881346
0.4207790967336854
0.4209216555190822
0.4210879083260055
0.4212787615532809
0.4214489423193767
0.4215790340473523
0.4216837116632721
0.4217730996508773
0.4218553581332881
0.4219400782743011
0.4220249985194587
0.4220889237170871
0.4221389090003915
0.4221860740849585
0.422238612263124
0.4222881360591704
0.4223331047994441
0.4223775634029288
0.4224265380519687
0.4224954523199295
0.4225608318562499
0.4226140379594693
0.4226679824899598
0.4227273040701667
0.4227948864277696
0.4228581656976178
0.4229198138657703
0.4229682875722303
0.4230120353721128
0.423056838035366
0.4231085106062186
0.4231716549112133
0.4232384083005319
0.4232969771944743
0.4233568953297985
0.4234229111151754
0.4234967484360995
0.4235806487627401
0.4236754224695348
0.423788750497627
0.4239252995120874
0.424072531156864
0.4242357549548682
0.4244270859425981
0.4246544300131913
0.4249459820124734
0.4253216731676497
0.4257042925302363
0.4260223031843819
0.4263365747613963
0.4267059402294334
0.4271234149557409
0.4275994794524635
0.4283648275733596
0.429414042948668
0.4299
0.4299082018989044
0.4299246056967131
0.4299574132923307
0.4299816534463109
0.43
0.4300082018989044
0.4300184335509358
0.4300336660033172
0.4300553854309084
0.4300786675485881
0.4301093041700634
0.4301489617985367
0.43019126395008
0.4302402312988054
0.4303048134176385
0.4303644712361964
0.4304214346974904
0.4304827329338364
0.4305695745515652
0.430645991170794
0.4307059012353158
0.4307652617794961
0.4308282265512731
0.4309027446107447
0.4309937916631448
0.4310716619680559
0.4311296405451022
0.4311803970367394
0.4312378470500629
0.4312908264563693
0.4313441427558367
0.4313968483515582
0.4314539858242336
0.431524039318379
0.4316100590378092
0.4316838246325742
0.4317489543483017
0.4318131134722977
0.4318902408751555
0.4319407003684971
0.4319924700842314
0.4320389851868689
0.4320829398321454
0.4321299874625945
0.4321870721678451
0.4322464780154501
0.4323113635813958
0.4323703754639888
0.4324306000828129
0.4324970026977892
0.432576725274644
0.4326749752875436
0.4328082142172062
0.4330060123579748
0.4333076836479053
0.4338725635290834
0.4345132134091217
0.4352294692663215
0.4360515181600044
0.4370026770912013
0.4381297336578284
0.4394794822852603
0.4399
0.4399056715092745
0.4399170145278235
0.4399397005649215
0.4399598054617444
0.4399759564988314
0.4399879782494157
0.44
0.4400056715092745
0.4400128419269638
0.4400243684905485
0.4400385804954139
0.4400519740457589
0.4400627252327924
0.4400728708684697
0.4400838837145342
0.4400992438057947
0.4401170684856698
0.4401313281402898
0.4401459402687646
0.4401622954999438
0.4401823311236827
0.4402095380849523
0.4402511876782498
0.4403203577524241
0.4404586979007725
0.4406704362309322
0.4410905426626909
0.4419307555262082
0.4436111812532428
0.4465882082225766
0.4499
0.4499081643986974
0.4499244931960923
0.449943052396678
0.449961841733072
0.4499807866199863
0.45
0.4500081643986975
0.4500193129530367
0.4500365771083998
0.4500567743477065
0.450076998943522
0.4500987688285307
0.4501224127662538
0.4501524745304634
0.4501970699428285
0.4502862607675587
0.4503972299874302
0.4505939012824219
0.4509872438724052
0.451773929052372
0.4533472994123054
0.4564940401321723
0.4599
0.4599174152991277
0.459952245897383
0.46
0.4600174152991277
0.4600352047553368
0.4600610125865419
0.4600946074400616
0.4601262249802924
0.4601628649875046
0.4602080889614438
0.4602550644310336
0.4603106244625161
0.4603909584273491
0.4605257245811172
0.4607952568886533
0.4611360830372949
0.461817735334578
0.4631810399291442
0.4659076491182767
0.4699
0.4699175064489258
0.4699525193467775
0.47
0.4700175064489259
0.4700368010197691
0.4700649579956566
0.470099848591476
0.470135347202477
0.4701752517482626
0.4702206803191044
0.4702739522521901
0.4703488122889556
0.4704985323624867
0.4707219185080856
0.4710534271893933
0.4717164445520087
0.4730424792772396
0.4756945487277013
0.4799
0.4799061268900706
0.4799183806702119
0.4799428882304944
0.4799625357815377
0.4799846111870648
0.48
0.4800061268900706
0.4800142603665737
0.4800305273195798
0.48004765059822
0.4800670920390169
0.4800892384503321
0.4801203675784932
0.4801614475257369
0.4802088044175392
0.4802595709577544
0.4803200355652992
0.4804005657757133
0.4805341854970436
0.4808014249397041
0.4811678943907123
0.4818690644883497
0.4832714046836244
0.4860760850741739
0.4899
0.4899063310765165
0.4899189932295495
0.4899354865429605
0.4899512358438495
0.4899692244286802
0.4899846122143401
0.49
0.4900063310765165
0.490015268007411
0.4900285830068702
0.4900458096359884
0.4900643100690046
0.490084262391949
0.4901070921520975
0.4901340919433936
0.4901662664285995
0.4902062257573113
0.4902497492271357
0.4902973750078796
0.4903512336812757
0.4904136882715503
0.4904898865568744
0.4905850912321835
0.4906961478809425
0.4908252788517464
0.4909754554967881
0.4911490453486817
0.4913492347735628
0.491579041123192
0.4918041388302625
0.4920313993141047
0.4922653297471792
0.4924684195028314
0.4926161625600111
0.4927506736298586
0.4928673540433012
0.492979074916067
0.4931058214395564
0.4932791194093484
0.4934334614519662
0.4935682095870267
0.4937092012261436
0.4938687971517611
0.4939934624351819
0.4941020415788568
0.4942132874574386
0.4943419684679773
0.4945045070318083
0.4946597294642286
0.4948080373808468
0.4949665388978363
0.4951436940995201
0.4953472140266626
0.4955889997769589
0.4958802955813945
0.4962204001183261
0.4966054711862346
0.4970715553562545
0.4976671467312141
0.4984879051880398
0.4997470088530467
0.4999
0.499918391254617
0.499955173763851
0.4999775868819255
0.5
0.500018391254617
0.5000337400646719
0.5000554040848524
0.5000945818805218
0.5001329882851216
0.5001720851484485
0.50021655916414
0.5002677704212524
0.5003282903663521
0.5004004796016458
0.5004867885438348
0.5005909921997064
0.5007108069591548
0.5008446409583818
0.5009950811199007
0.5011633314645337
0.5013556211458736
0.5015752978135045
0.501843262868115
0.5021768927695685
0.5024469705912278
0.5027037645002365
0.50297422069769
0.5032744146191435
0.5036399517215022
0.5040950184734836
0.5046977197592973
0.5053960141954698
0.5061314009403209
0.5066517103921614
0.5070606956711319
0.507472797473
0.507741324199317
0.508041288335354
0.5083125310809391
0.5085912718362279
0.5089532698202445
0.5093403618203168
0.5097237574091195
0.5099
0.5099030069540559
0.5099090208621676
0.509921048678391
0.509933326872351
0.5099464869003327
0.5099635957337856
0.5099812988013469
0.5099906494006734
0.51
0.5100030069540559
0.5100071261385167
0.5100153645074385
0.5100281761050188
0.5100416300270507
0.510057710468974
0.5100769043093563
0.5100980704966592
0.5101172679547423
0.5101348524563193
0.5101517013061739
0.5101692671071527
0.5101872611786988
0.5102013720153499
0.5102115888308474
0.5102205864605366
0.5102297618549015
0.5102412824010424
0.5102521590982193
0.510262830340857
0.5102739013659265
0.5102842394443812
0.5102933757519571
0.5103019821212366
0.5103108434408999
0.5103216532744621
0.5103354753077177
0.5103459258846944
0.5103555280150877
0.5103656333212923
0.5103768744269184
0.5103890145290401
0.5104036138342107
0.5104142802608204
0.5104267966876569
0.5104416409446518
0.5104552384540338
0.5104677456172598
0.5104797655904774
0.5104901731532846
0.5104998340982585
0.5105094488809852
0.510519766328228
0.5105284085614827
0.5105361597746346
0.5105437159326531
0.5105516888633028
0.5105616877410407
0.5105733965266457
0.5105833274174816
0.510592574660458
0.5106017181170056
0.5106102814670462
0.510619075147307
0.5106292101790482
0.510643300408938
0.5106578768614651
0.5106719171063486
0.5106845762478671
0.5106951509941705
0.5107042614925743
0.5107123774826867
0.510719998183591
0.510727809131286
0.5107350164773252
0.5107410666612269
0.5107476307885739
0.510753984126144
0.5107608062839986
0.5107692356778935
0.5107788001964113
0.5107898215585642
0.5108025495951946
0.5108168251509961
0.5108304824530019
0.5108444697763583
0.5108596962380446
0.5108722200224143
0.5108850514963448
0.5108960785320211
0.5109060929519427
0.5109159225911812
0.5109261575733375
0.5109381298439282
0.5109458269088621
0.5109551682940711
0.5109637699499534
0.5109716238399793
0.5109816576563013
0.5109906479661116
0.5110052694560748
0.5110222549767587
0.5110347109016417
0.5110481651967085
0.511061736681732
0.5110764342207834
0.5110940827589858
0.511116741367151
0.5111437720733594
0.5111785052708174
0.5112066165885398
0.5112380593868178
0.51127018316455
0.5113036643349018
0.5113383355042844
0.5113863602240907
0.5114404765567575
0.5115054553591416
0.5115889480561707
0.5117053759684801
0.5118928590291397
0.5121903975097681
0.5124707313042722
0.5127510089269609
0.5130438087598739
0.5132727124898606
0.5135224802021604
0.513742318549082
0.5139654727202625
0.514235323485229
0.5146133285785336
0.5149775388954277
0.515307019455904
0.5156551907462559
0.5160548593937779
0.5165377553043288
0.5171888845274065
0.518002904538333
0.5190465060511795
0.5199
0.5199081495839901
0.5199244487519703
0.5199570470879307
0.5199824928736877
0.52
0.5200081495839901
0.5200180694229376
0.5200319614104782
0.5200536836158796
0.5200767521452847
0.5200982936956176
0.520120250632345
0.5201423073348926
0.5201712838539696
0.5202074400144666
0.520250538286377
0.5202906442583463
0.5203271287694721
0.5203666993193345
0.5204115985158235
0.520454853648229
0.5205014462769427
0.5205460441336675
0.5205921463771852
0.5206430119922301
0.520703383694797
0.5207764458053696
0.5208526266678314
0.5209374782530496
0.5210431971406538
0.5211838233545714
0.5214650757824064
0.5218264553111637
0.5221567775718905
0.5226773520331972
0.5232600530198168
0.5239112429597248
0.5246580223912861
0.5255176915078066
0.526525416878248
0.5277246979349578
0.5291837655290027
0.5299
0.5299035522685424
0.529910656805627
0.5299248658797963
0.5299404969608531
0.5299561900520006
0.5299730282205938
0.5299865141102968
0.5299932570551484
0.53
0.5300035522685423
0.5300069840063404
0.5300138474819365
0.5300275744331286
0.5300424725933828
0.5300574775539423
0.5300741704880695
0.530091484557469
0.5301113099397846
0.5301369641138163
0.5301667577987029
0.5301903206993787
0.5302186774658048
0.5302517871991849
0.5302837372991519
0.5303233328444078
0.5303640978048092
0.5304119296721492
0.5304680110693311
0.5305380540560284
0.530603023938007
0.5306863304427948
0.5307801483502652
0.5308828233726247
0.530910041357821
0.5309422745935559
0.5309612111600569
0.530980114576627
0.5310000027058753
0.5310273430198589
0.5310472831114755
0.5310667880151635
0.5310893561949511
0.531114369223333
0.531136055424645
0.531158677140304
0.5311783146867934
0.5311987794644708
0.5312190590444623
0.531240762347204
0.5312720050494331
0.5313171374740945
0.5313600749218464
0.5314191770994436
0.531499517860966
0.5315587771423328
0.5316471356173986
0.5317507984851716
0.531825000291829
0.5319010710494373
0.5319713038895167
0.5320431493363664
0.5321145843804328
0.5321940477420526
0.5323131253575086
0.5324648335122193
0.5326573107516642
0.5328386349790414
0.5330060243731184
0.5332167626601382
0.5334869604148118
0.5338721498977769
0.5343232714094525
0.5348625960696366
0.5355072258247633
0.5362569764861813
0.5371337926233477
0.5381105525323491
0.5390912983101224
0.5398999999999999
0.5399047093464193
0.5399141280392581
0.5399329654249356
0.5399551966721905
0.5399781915223575
0.5399890957611788
0.54
0.5400047093464194
0.5400099138748329
0.5400201818053406
0.5400346942494784
0.5400515181071014
0.5400648368913716
0.540077037633945
0.5400896603409286
0.5401046336263394
0.540123980751224
0.540142567183051
0.5401596465220158
0.5401765434526531
0.5401910154282954
0.5402051595618202
0.5402211335062214
0.540234833786719
0.5402510113141514
0.5402642851671383
0.5402825557806409
0.5403025445376474
0.5403259057208475
0.5403444977066914
0.5403669437499368
0.5403897060049428
0.5404160592526724
0.540451085591205
0.5405031065520931
0.5405644807459252
0.5406231602919834
0.5406754222967811
0.540721498127283
0.5407668037991942
0.5408246309712262
0.5408921482545908
0.5409428798209199
0.5409937553328735
0.541049913558801
0.5411181581242718
0.5411962933601492
0.541265644670819
0.5413305497826865
0.5413999049033549
0.5414475096380098
0.5415118169067787
0.5415640924607176
0.5416099674061144
0.5416563184871795
0.5417066752295799
0.5417732114448811
0.5418368931553601
0.5418997882093679
0.5419606552367551
0.5420247046029609
0.5420971828458582
0.54218595647472
0.5422982508164241
0.5424530494803524
0.542684123091379
0.54307471282174
0.5435422028450468
0.5440381181035148
0.5444773303008181
0.5449491785943507
0.5454304518720755
0.5459803515258601
0.5466697952714926
0.5479070635589346
0.5496155566933689
0.5498999999999999
0.5499108341580978
0.5499325024742936
0.5499545665782067
0.5499757795138926
0.55
0.5500108341580979
0.5500241378235503
0.5500434502011943
0.5500664961538646
0.5500904048678984
0.5501163141031871
0.5501489690521418
0.5501832619785451
0.5502222382118765
0.5502699177621243
0.5503251328111283
0.5503802492747494
0.5504388920560713
0.5505033638203387
0.5505817167184781
0.5506814210104107
0.5508370440671712
0.5510375438924412
0.5512850643041366
0.5515979935891355
0.5520522504296975
0.5527338750672178
0.553633408836091
0.5548368977703297
0.5566774921396461
0.5585526929229246
0.5599
0.5599033059162166
0.55990991774865
0.5599231414135166
0.5599392526306959
0.5599569246689694
0.5599784486028326
0.5599892243014164
0.56
0.5600033059162167
0.5600079997878168
0.5600173875310169
0.560033709429085
0.5600512744348801
0.5600726046993696
0.5600988204181637
0.5601308047550357
0.5601586709513404
0.5601822101921623
0.5602029182539967
0.5602216224839258
0.560239551080871
0.5602587418050035
0.5602780784741325
0.5602922883067399
0.5603028360540616
0.5603122691449066
0.5603219936438926
0.5603344039451837
0.5603462026800365
0.5603576308130974
0.5603692023020209
0.5603820420245264
0.5603931934664389
0.5604030337012376
0.5604124148870955
0.5604222075193409
0.5604348341557999
0.5604504050054908
0.5604613745233373
0.5604717915394569
0.5604829048548021
0.5604955543761949
0.5605103932817425
0.5605230358316263
0.5605353105385855
0.5605504538264714
0.5605646547389451
0.5605775235841338
0.5605899993102574
0.5606031565356023
0.5606151845953804
0.5606261815790243
0.5606361904802589
0.5606446222635872
0.5606523745570081
0.5606601728563556
0.5606689646326466
0.5606806876654258
0.5606923630108875
0.5607019763767485
0.5607116095526803
0.5607216424567714
0.5607322444981073
0.560744648761893
0.5607594236159605
0.5607742977221964
0.5607863696180284
0.560796324326773
0.5608053706128932
0.5608142378522792
0.5608239042362724
0.5608367874834855
0.5608534047935778
0.5608652400578777
0.5608765881389614
0.5608887984637637
0.5608972637074077
0.560906450840362
0.5609137830721467
0.5609252143700519
0.5609332305446957
0.560941198847042
0.5609518455815552
0.560965979599798
0.5609789433510854
0.5609905261363379
0.5610013146685074
0.5610141242835109
0.5610269214621676
0.5610418278672278
0.5610555361424209
0.5610704169353556
0.5610854351169519
0.5611017725967813
0.5611185388707768
0.5611417971038445
0.5611652046024422
0.5611877584900934
0.5612106339633579
0.5612349088253045
0.5612638410190056
0.5612937186313125
0.5613285787550144
0.5613615644514828
0.5613974194948729
0.5614321528714066
0.5614678363572257
0.5615046189276985
0.5615570690797231
0.5616154923695823
0.5616861440192544
0.5617790424189321
0.5619136513862094
0.5621482637444705
0.5625209267639136
0.5629413256866113
0.5634163277237276
0.5639613931963589
0.5645589300378416
0.5651278703001111
0.5659799328402139
0.5665856684022524
0.5671488857339403
0.567877540936809
0.5688238199844051
0.5699
0.5699097369872265
0.5699292109616795
0.5699498732392679
0.569972216247965
0.5699861081239825
0.5700000000000001
0.5700097369872266
0.5700200577402915
0.5700335603316767
0.5700581969636733
0.5700804642221309
0.5701003540076033
0.5701219461726472
0.5701439414848051
0.5701664651116468
0.5702053568006897
0.5702438472902258
0.5702803551571172
0.5703178075793456
0.5703617027294444
0.5704063524192349
0.5704634851969814
0.5705241588004728
0.5706021282924343
0.5706861220328243
0.5707883873342673
0.5709118005273048
0.5710616582661086
0.5712515542991393
0.5715079548757708
0.5718486498705363
0.5722958595241636
0.572897374476886
0.573779547123181
0.5752970213817523
0.5781814119269003
0.5799
0.579905565081111
0.5799166952433331
0.5799389555677773
0.579961898756277
0.5799809493781385
0.5799904746890692
0.58
0.580005565081111
0.5800105952117915
0.5800206554731526
0.5800407759958748
0.5800642690854362
0.5800824734590284
0.5801008732194974
0.5801295807454665
0.580159433572884
0.5801915522225777
0.580221334150343
0.5802487847294956
0.5802706971255128
0.5802983025669507
0.5803169556578435
0.5803356323348241
0.580353071493247
0.5803729287341073
0.5803923777346022
0.5804245374405926
0.580448497532406
0.5804758521704657
0.5805017749772801
0.5805299762432221
0.5805649746366902
0.5806082134952371
0.5806505880356995
0.5806942570209644
0.5807416538479127
0.5807951588561678
0.580859704461734
0.5808882011282693
0.5809125060092801
0.5809320923116496
0.5809521824425036
0.580971533289131
0.5809951783622591
0.5810154977537917
0.5810346584752448
0.5810561685904072
0.5810771997881451
0.581099923944913
0.5811198072612713
0.5811390792947302
0.5811616715835255
0.5811848718691145
0.5812054465919837
0.5812293598763386
0.5812668322560854
0.5813061858201269
0.5813437934397857
0.5813941695344889
0.5814094464487728
0.5814400002773407
0.5814970526987235
0.581541710868597
0.5816310272083438
0.5817557644279499
0.5818281539624331
0.5818973968960325
0.581979888648561
0.5820620503434489
0.5821376594366804
0.582225575009935
0.5823743277083885
0.5826144003934479
0.5828857166995624
0.5831963592645806
0.5835550096603487
0.5837553731535078
0.5839560015769911
0.5841320985791464
0.584309943678303
0.5845440704118796
0.5847410857780658
0.5849127228788803
0.5850879845011142
0.5852395363592531
0.5853964058741641
0.5855216359697817
0.5856379395603338
0.5857637805842628
0.5859301272497486
0.5861625852039404
0.5863287116070816
0.5864917744106566
0.5866704443092471
0.586885171569455
0.5871606167824028
0.5875622949776891
0.58822869356255
0.589440069274864
0.5899
0.5899043467614116
0.5899130402842347
0.5899304273298811
0.589944268634888
0.5899599760545348
0.589978967672135
0.59
0.5900043467614116
0.5900124411952034
0.5900215918902257
0.5900366693646415
0.590050525592761
0.5900649952240915
0.5900804233832867
0.5900946234340206
0.5901088780352598
0.5901257935146129
0.5901483633014022
0.5901643853881137
0.5901788209593563
0.5901938987889475
0.5902104903080547
0.5902285612398921
0.5902445891052144
0.5902564913825372
0.5902665229068277
0.5902774692254306
0.5902911290750804
0.5903021038072613
0.5903125572051628
0.5903239081203268
0.5903375584081905
0.5903536727383217
0.590370212118363
0.5903876760626983
0.5904037869044216
0.5904176282952592
0.5904302530035832
0.5904427472738756
0.5904568748523416
0.5904756948935381
0.5904919026166597
0.5905043220141513
0.5905154370580922
0.5905258627448545
0.5905362472803539
0.5905475644971807
0.590562164084415
0.5905754804274987
0.5905888184237227
0.5906014738589263
0.5906145398517787
0.5906290731786381
0.5906450563988677
0.5906594168302023
0.590672662733293
0.5906857829643412
0.5906997234627256
0.5907138484552013
0.5907259835274928
0.5907354139034562
0.5907437375257583
0.5907518133382912
0.5907605651437057
0.5907724982493325
0.5907851697328164
0.5907954654915036
0.5908055142894098
0.5908162700934316
0.5908286044075851
0.5908442497203729
0.5908599070946782
0.5908755280523281
0.5908922006817178
0.5909107681314588
0.5909312712044505
0.5909534868107366
0.5909769268204973
0.5910030264501438
0.5910335803699568
0.5910686789045442
0.5911035618537124
0.5911347084977688
0.5911634207768117
0.5911926888404829
0.5912296692193287
0.59125202065499
0.5912680783275821
0.5912812131554104
0.5912940302120768
0.5913074997469667
0.5913216946597797
0.591334391876412
0.5913487879332937
0.5913698298020825
0.5913959768748159
0.5914296341849657
0.5914672026610641
0.5915033822666379
0.5915405156339909
0.5915820531322018
0.5916262133777311
0.5916634688626615
0.5917163251385479
0.5917651468288926
0.5918206496483989
0.5918836624274932
0.5919518327191585
0.5920129753652056
0.5920880039712646
0.5921674724001805
0.5922613322597787
0.5923834748934597
0.5925541209117875
0.5928133416324621
0.5931522763555779
0.5935386616018062
0.5939812984419943
0.5944921089427695
0.5950425003888833
0.5957360318451872
0.5963375576153802
0.5968978531039533
0.5975454285231605
0.598373693672568
0.5998123803095408
0.5999
0.5999087470132718
0.5999262410398154
0.5999469941296768
0.5999674672267625
0.5999837336133813
0.6
0.6000087470132718
0.6000189786832122
0.6000358353785792
0.6000544946670239
0.6000773738748637
0.6000987840272092
0.6001189885217189
0.6001387558280074
0.6001607115596698
0.6001826754036756
0.6002016090066326
0.6002266891800712
0.6002551572429814
0.6002845145466627
0.600311925704268
0.6003413253604285
0.6003759563297704
0.6004204381023927
0.6004708053190425
0.6005588021325259
0.6006638676497318
0.6007908895112027
0.6009224738741141
0.6010875881714878
0.6012911000726058
0.6015601791112366
0.6018582773736851
0.6023949148476505
0.6032386843895837
0.6048286523469308
0.6075437010763828
0.6099
0.6099023743325145
0.6099071229975435
0.6099166203276014
0.6099272725890187
0.6099378502933445
0.6099480022085494
0.6099567954464601
0.6099647181474348
0.6099723691387752
0.6099804328636633
0.6099903908614946
0.61
0.6100023743325145
0.6100071229975434
0.6100123394831097
0.6100206300538318
0.6100285894298392
0.6100373212378886
0.6100467784461479
0.6100546296278567
0.6100603740784312
0.6100653241894897
0.610071051425811
0.6100782015726665
0.6100833176999438
0.6100884600397759
0.6100941905850061
0.6101013778419542
0.6101111561023833
0.6101227381305203
0.6101320929463655
0.6101399016184639
0.6101470572579507
0.6101542521442129
0.6101632136201611
0.6101699997674578
0.6101770265378678
0.6101833006064825
0.6101890075267281
0.6101944655238917
0.6101998091441798
0.6102053602030869
0.6102118447620255
0.6102183088664378
0.6102255806085485
0.6102319208807718
0.6102381915380133
0.6102449795254691
0.6102527409544605
0.6102623741870881
0.6102746282683549
0.6102915088116858
0.6103160132285965
0.6103414294036327
0.6103682589456287
0.6103978165533933
0.6104269120320605
0.6104670464866903
0.610518972537955
0.6105763519430951
0.6106400875275239
0.610703761275686
0.6107883867714782
0.6108895903024903
0.6109101545955649
0.6109409313601678
0.6109647397309366
0.6109933871577199
0.6110155191053996
0.6110357403232756
0.6110590746799883
0.6110886745243681
0.6111093004923173
0.6111293567990621
0.6111514388770029
0.6111764450514021
0.6111972004273238
0.6112210337641402
0.611245595211187
0.6112718914149257
0.6113140028169619
0.611347116152089
0.6113754674890073
0.6114060838066182
0.6114412821704499
0.6114750642318303
0.6115052169589417
0.6115342518813143
0.6115660151591701
0.6115881666139681
0.6116179324339478
0.6116422579713638
0.6116632824973657
0.6116837892695771
0.6117047552814812
0.6117288799814681
0.6117679833243856
0.61179917431112
0.6118249520638678
0.6118513952452458
0.6118799413203673
0.6119148814137786
0.6119584795245003
0.6120187586124214
0.6120983172553888
0.6122068238007762
0.6123455486871839
0.6124516676828188
0.612562173133405
0.6126513502577954
0.6127292309011475
0.6128071498640405
0.6128945402680712
0.6130258138596737
0.613144191104234
0.6132425335365422
0.6133434329229818
0.6134536931468882
0.6135577700713766
0.6136441880847238
0.6137271351652713
0.6138187702813009
0.6139453568773824
0.6140825046987738
0.6141969257248499
0.6143154137907896
0.6144492294823687
0.6146108463653925
0.6148169074676998
0.6150229971294064
0.6152414105106708
0.615492507543542
0.615781504585429
0.616144763600317
0.6166315844677044
0.6173430320364506
0.6184358203762493
0.6196189414967577
0.6199
0.6199047228499633
0.61991416854989
0.6199330599497433
0.619952258034482
0.6199738583471247
0.6199869291735624
0.6199934645867812
0.62
0.6200047228499633
0.6200088251945646
0.6200170298837671
0.620033439262172
0.6200528518080279
0.6200764936000921
0.6201039503836457
0.6201308893973084
0.6201545774865886
0.6201773081581472
0.6202026195789003
0.6202301387590808
0.6202558190358622
0.6202779152333603
0.6202995729560288
0.6203168265590504
0.6203320034580593
0.6203475405333955
0.6203626147902137
0.6203765950262926
0.6203925600653556
0.6204112908813889
0.620427468880345
0.620442614495906
0.6204578138011201
0.6204716133437029
0.6204850373610037
0.620499658226453
0.6205206269022333
0.62053991805423
0.6205551462808291
0.620570339997739
0.6205867021295649
0.6206058412162221
0.6206279499957774
0.6206498248283394
0.620672288670937
0.6206940673241675
0.6207114138357278
0.6207260723717244
0.6207393912962653
0.6207526291111362
0.6207676809371069
0.6207831592829801
0.6207941889884311
0.6208031390974067
0.6208114047272264
0.620819725677127
0.6208295536227896
0.620841945279277
0.620853414903751
0.6208635630815729
0.620873995683733
0.6208854324174901
0.6208993584441728
0.6209157504575605
0.6209314631268472
0.6209476231267873
0.6209651532447279
0.6209845799139506
0.6210048383162851
0.6210281412095267
0.6210551683492572
0.6210870317034272
0.621116017939724
0.6211453531998233
0.6211787224456528
0.621217878831881
0.6212663492491945
0.6213257971503731
0.6213864198511088
0.6214458894350013
0.6214579306163123
0.621481029910213
0.6214987645681191
0.6215206591889929
0.6215375405108062
0.6215538350555002
0.621576777593516
0.6216051393459942
0.6216421728560856
0.6216900450541635
0.6217475044173348
0.621822774882433
0.6218901088174044
0.6219482418285492
0.6220133823928886
0.6220792255890547
0.6221800741522209
0.6222603964078031
0.622361852778926
0.6224532179147487
0.6225529694409597
0.6226772987387958
0.6228459946646342
0.6231008502154951
0.6235349395110861
0.6241633197565992
0.624747794143704
0.6253245257658497
0.6259668899164942
0.6265389854007943
0.6271252223125198
0.6278045579678989
0.6287506027168669
0.6299
0.6299123842754701
0.6299371528264104
0.6299685764132053
0.63
0.6300123842754701
0.6300280711803435
0.6300502958911405
0.6300871836542429
0.6301207505085387
0.6301518032238648
0.6301921524153917
0.6302383438885523
0.6302951979795774
0.6303609114602672
0.6304316825060248
0.6305083909287462
0.6306103080539222
0.630699193871075
0.6308169638040216
0.6309604940362303
0.6311289028181719
0.6313365076032251
0.6315949849267214
0.6319196136603824
0.6323321413743567
0.6329598910770373
0.6334232715515609
0.6339727127660167
0.6344260261353297
0.6349542286738245
0.6360106337508139
0.6378654401710286
0.6399
0.6399126384413163
0.6399379153239488
0.6399689576619745
0.6399844788309872
0.64
0.6400126384413163
0.6400245668735705
0.6400399118511847
0.6400630792820601
0.6400899870013742
0.6401153712305574
0.6401389607517672
0.6401612168065124
0.6401851447537945
0.6402174669845875
0.6402605675635851
0.6402933728065456
0.6403269131320288
0.640365019016426
0.6404126603176429
0.6404806850939821
0.6405960602791138
0.640826810649377
0.641144515215469
0.6415811222776532
0.6420784762762107
0.642663242624892
0.6433653676359844
0.6442364104171006
0.64530161949175
0.646585976752962
0.6481134224805718
0.6499
0.6499086739968958
0.6499260219906873
0.6499455570536646
0.6499666083968086
0.649984939492926
0.65
0.6500086739968958
0.6500189093354113
0.6500315257873421
0.6500470260253632
0.6500636799984839
0.6500832954953155
0.6501068646119478
0.6501276675837907
0.6501503066270675
0.6501636572600584
0.6501766176350003
0.6501900467289553
0.650203578708155
0.6502162608924565
0.6502315909567291
0.6502510576897144
0.6502770645559519
0.6503100455511547
0.6503519317520992
0.6503999737652822
0.6504562231591062
0.6505224762365477
0.650585389561761
0.6506420349892821
0.650690736724136
0.6507467605908175
0.6507917278980629
0.6508318924566441
0.6508806167946728
0.6509324062127747
0.6510063787550125
0.6510474132052497
0.6510867184032751
0.6511319695943577
0.6511866023941855
0.651260217072853
0.6513357739931266
0.6514032403463487
0.6514752312549624
0.6515539691892767
0.6516532497308628
0.651791880953053
0.6520074623519666
0.6524109667878777
0.6532179756596999
0.6542046329394885
0.6553286249442032
0.6565955001685098
0.6581096472465802
0.6599
0.6599042755450822
0.6599128266352466
0.6599299288155754
0.6599431431048289
0.659957386948211
0.6599743151385408
0.6599892747666459
0.66
0.6600042755450822
0.6600094774318634
0.660019266585467
0.6600303677767239
0.660039270335058
0.6600476922948475
0.660059137530237
0.660071366354154
0.660083147089291
0.6600979426191437
0.6601106865201551
0.6601248730077839
0.66013963552784
0.6601552173861861
0.6601724598417209
0.6601901281000297
0.6602102283570628
0.6602308800253704
0.6602537791329582
0.6602805586352598
0.6603062506697834
0.6603290339129084
0.660352194348779
0.660380666542748
0.6604254034900588
0.6604623376152007
0.6604969431842473
0.6605343510894008
0.6605756846157337
0.6606290515677765
0.6607022350782857
0.6608016278300096
0.6609179888575982
0.6610542131600015
0.6612148494941636
0.6614055185848918
0.6616343353212794
0.6618412896628069
0.6620110332186713
0.6621549194266726
0.6622821949571532
0.6624039490780124
0.6625285569995252
0.6626471670040703
0.6627631353088436
0.6628590758747352
0.6629496044709305
0.6630479091966988
0.6631781601628283
0.6633027185590827
0.6634384538267248
0.6635655217779228
0.6637116948194205
0.6638346333863819
0.6639912286418118
0.6641641989673935
0.6643325678995134
0.6644603327060015
0.6645538102225758
0.6646284647907275
0.6646940710910001
0.6647590998377706
0.664831727164908
0.6648885169173503
0.6649577308803373
0.6650065427590018
0.6650441564957347
0.6650785992949261
0.6651128563638946
0.6651547231896247
0.6651962928397755
0.6652375327175793
0.6652764633053865
0.6653172888547827
0.6653567602568156
0.6653950610055285
0.665437711068159
0.6654796805199681
0.665509506784058
0.6655334183023871
0.6655561317149709
0.6655810369845987
0.6656018712487286
0.6656216476182271
0.6656428412089226
0.6656709064345997
0.6657018874278147
0.6657321712362937
0.6657712317449827
0.6658075617907045
0.6658420357728396
0.6659109837371098
0.6659706517446787
0.6660278557361247
0.66608829579683
0.6661541341716753
0.6662299998567971
0.666321237260867
0.6664192764427714
0.6665662504462921
0.6667535963244987
0.6669248110710515
0.6671304133462818
0.6673686018357634
0.667629710184445
0.6680479335687205
0.668396710557164
0.6688053133769675
0.669242110045222
0.6698352352063174
0.6698999999999999
0.6699025906258012
0.6699077718774036
0.6699181343806084
0.6699289086777995
0.6699394357008607
0.6699511056856743
0.6699645826111434
0.6699792276462222
0.6699896138231112
0.67
0.6700025906258013
0.6700077718774037
0.670018044193723
0.6700294467445946
0.6700403747199515
0.6700541338872494
0.6700726453970076
0.6700902763354057
0.6701088150207716
0.6701287627079913
0.670149056035238
0.6701676742943737
0.6701829371783986
0.6701953160694123
0.6702069334204839
0.6702212141231937
0.6702410476127579
0.6702592341130105
0.6702744635326554
0.6702894146170583
0.670305422519539
0.6703210444388882
0.6703371544150278
0.6703553893584058
0.6703785675495132
0.670413710204753
0.6704312643365472
0.6704518760803507
0.6704679362234303
0.6704825975485713
0.6704984002427282
0.6705143301221016
0.670529502970084
0.6705462904178625
0.6705672497226409
0.6705945619767711
0.6706257391801013
0.6706513133703227
0.6706710444275991
0.6706890176019764
0.6707101421306201
0.6707298505026145
0.6707491310348378
0.6707683612454388
0.670789282956337
0.6708151129071674
0.6708468136184217
0.6708785181392174
0.6709056044755264
0.6709303326154519
0.6709555072457227
0.6709890472374331
0.6710177835701238
0.6710381784923541
0.6710562509738216
0.6710735819266364
0.67109184116693
0.6711147780455965
0.6711360008332206
0.6711592774557976
0.6711811525677924
0.6712036758876427
0.6712287445951061
0.6712590959425241
0.6712965286720384
0.6713281355090337
0.6713533057030745
0.6713848698282427
0.6714148446970248
0.6714390541500033
0.6714654395564531
0.6714976376022249
0.6715406663050546
0.6715727653371998
0.6716056071850085
0.6716359054564996
0.6716741701712554
0.6717052780668783
0.671739171491267
0.6717889476889457
0.6718718865046599
0.6719671444975499
0.672074738117548
0.6721968413267938
0.6722709878042936
0.6723428212879821
0.6724248033394367
0.672509649437486
0.6725858559796059
0.6726743678780197
0.6728236522873299
0.6730722629902604
0.6733527757821285
0.6736736162236593
0.6740442163265035
0.6744717879544828
0.6749704800835116
0.6755551637418061
0.6762419790804998
0.6770491777179337
0.6780036634590892
0.6790937449929463
0.6799
0.6799141900094423
0.679942570028327
0.6799712850141635
0.68
0.6800141900094424
0.6800303155963028
0.6800543781000401
0.6800841943441982
0.6801167505997842
0.6801515464220607
0.6801957156654568
0.6802463334731375
0.6803060926181304
0.6803655758578439
0.6804218888481504
0.680482541325173
0.6805533390496374
0.6806411723906134
0.6807260466521253
0.6808145578920208
0.6809096533355224
0.6810207916782076
0.6811030235598446
0.6811695258248047
0.6812539243735755
0.6813584288436558
0.6814540803045931
0.6815594252391886
0.6817129545001263
0.6818970060523133
0.6821441540314614
0.6823615518735379
0.6825467115762565
0.6827186436129588
0.6828902328809595
0.6830067009277264
0.6831259782267882
0.6832328619729547
0.6833433957931838
0.6834544873687771
0.6835745473297423
0.6837107389972712
0.6838631306379795
0.6840190268571432
0.684183533086954
0.6843637288273454
0.6845762057656415
0.6848146206449534
0.6850576744649842
0.6853325669560646
0.6856908858583628
0.6860982728685558
0.6865677210237723
0.6870450081971753
0.6875329179011103
0.6880704196463089
0.688774208485647
0.6895666571549725
0.6899
0.6899051313893164
0.6899153941679493
0.6899359197252152
0.6899523536291542
0.6899680542814202
0.6899837526059965
0.6899918763029983
0.6900000000000001
0.6900051313893165
0.6900107055664242
0.6900201143671012
0.6900346345192412
0.6900472514381665
0.6900614179131132
0.6900788147039568
0.6900979206216291
0.6901152657318922
0.6901342776468594
0.6901575407300816
0.6901877649143796
0.6902300973328225
0.6902786427585977
0.6903347421719744
0.6903929200590635
0.6904471041191795
0.690522457551961
0.6905845275921739
0.690641010260883
0.6907065393060713
0.6907902399016154
0.69093321783694
0.6911081488679788
0.6913081286005485
0.691366625888994
0.6914836204658851
0.6915099128202875
0.6915587304090639
0.6915982374765431
0.6916348412248265
0.691674608668391
0.6917082745517661
0.6917462119340931
0.6917990281335703
0.6918647121155203
0.6919524280546084
0.6920691435272105
0.6922136632878215
0.6923911105337051
0.6926441015767674
0.6929772313788093
0.6932996203352901
0.693593891804429
0.6939467339365618
0.6943470945299071
0.6947724751586581
0.695253662057642
0.6960446139721795
0.6970144854480751
0.6986141102299581
0.6999
0.6999045835303545
0.6999137505910634
0.699926241731553
0.6999381786921823
0.6999519476319015
0.6999689565505823
0.6999844782752912
0.6999922391376456
0.7000000000000001
0.7000045835303546
0.7000096121025116
0.7000166726472994
0.7000248694262313
0.7000389601322758
0.7000499242243703
0.7000598945208867
0.700070447352836
0.7000807821844427
0.7000920346391873
0.7001035898872725
0.7001151637005563
0.700128461582207
0.700142666414523
0.700156309574385
0.7001682666012891
0.7001802563628066
0.7001932557806553
0.7002082844650791
0.700226896787804
0.7002514049836159
0.7002840313008091
0.7003022612305888
0.7003274233788761
0.7003460203006631
0.7003602924125206
0.7003757979963502
0.7003895394722307
0.7004044854819096
0.7004190127563482
0.7004346743639287
0.7004539193212074
0.7004776013031844
0.7005040565198513
0.7005261446816642
0.7005452644761133
0.7005633955760795
0.7005827041695342
0.7006061562554547
0.700626138755405
0.700641436967824
0.700655128872695
0.7006681245716703
0.7006813678813021
0.7006964211032981
0.7007188891769294
0.7007394348502216
0.7007557830069072
0.7007720940126879
0.7007895660767497
0.700809858660591
0.7008354307926681
0.7008659247325029
0.700895534454285
0.7009252794042797
0.7009535569429692
0.7009750036827329
0.7009988569259236
0.7010183537389331
0.7010357622171214
0.7010535149702731
0.7010741017985763
0.701098417775013
0.7011161464884287
0.7011340113967779
0.7011560465560791
0.7011774836663686
0.7012049525436356
0.7012282508005808
0.7012517892371725
0.7012821960154063
0.7013179075913408
0.7013620555669368
0.7014147900846527
0.701467729737262
0.7015233262180167
0.7015842793293126
0.7016532008090905
0.7017358097834443
0.7018370172027211
0.7019094410559547
0.7019946787887539
0.7020788714617431
0.7021548808060362
0.7022492600402727
0.7023834287542238
0.7025923052422581
0.7027508188279368
0.7029025273008045
0.7030960865231516
0.7034379070512153
0.7038585992242378
0.7043436345458318
0.7049025304634999
0.7055456262088118
0.7062932119204415
0.7071727455068709
0.7081861367381523
0.7092897673295492
0.7099
0.709905576570698
0.709916729712094
0.709939035994886
0.7099582440388249
0.709976896886388
0.71
0.710005576570698
0.7100150794823823
0.7100273943467282
0.7100466194449452
0.7100660225505315
0.7100866095870065
0.7101100782658798
0.7101371216723835
0.7101688579307511
0.7102027603610765
0.7102463085778362
0.7102978402609273
0.7103588567587037
0.7104157503288039
0.710493251518712
0.7105816636555315
0.7106666830020061
0.7107789263817923
0.710906156507407
0.7110587157072218
0.7112441193655422
0.7113005312887116
0.7114129942110008
0.7115244394005917
0.7116451071581428
0.7118864426732449
0.7122364889184275
0.7126296053195095
0.7130722032891429
0.713568333401414
0.714135322362208
0.7147820518237061
0.7155608231118685
0.7165085478472918
0.7177345355350312
0.7194857579351406
0.7199
0.7199069930488415
0.7199209791465246
0.7199489513418909
0.7199687040792531
0.7199843520396265
0.72
0.7200069930488415
0.720015857115857
0.7200321705630885
0.7200515328263939
0.7200725597042728
0.7200959992501266
0.7201283205909068
0.7201820514320411
0.7202437894171692
0.7203141558690789
0.7203904100863177
0.7204592181514431
0.7205231615968859
0.7205874994964847
0.7206481246920027
0.7207054947746049
0.7207466446288363
0.7207825487357513
0.7208201605895916
0.7208618660272753
0.7209036577157054
0.7209432138652202
0.7209770902313433
0.7210077378124407
0.7210380693289244
0.7210723514517438
0.7211247235704206
0.7211646564380981
0.7211989069226258
0.7212346288380955
0.7212742220670015
0.7213214598463752
0.7213690470770053
0.7214235603791961
0.7214760206417535
0.7215140353557334
0.7215476630295713
0.7215812114596547
0.7216188868657363
0.721665495880115
0.7217191497314088
0.721763616168604
0.7218080758659898
0.721856506705155
0.7219105585452228
0.7219729444500586
0.7220419627557302
0.7221230015134189
0.7222191055049922
0.7223297030302276
0.722449344875736
0.7225827390476264
0.7227272636506255
0.722844916725902
0.7229747142327085
0.7231449871625169
0.7233089003239545
0.7234862739686063
0.723752404066118
0.7240798371642054
0.7247347033603804
0.7255253314543986
0.7264424029333436
0.7274970820983192
0.7285003174464851
0.7295219373982901
0.7299
0.7299177645610051
0.7299532936830153
0.73
0.7300177645610051
0.730041663611713
0.7300730915477136
0.7301153428068964
0.7301603130815826
0.73022715121328
0.7303516528023031
0.7305007752405063
0.7306888335689579
0.730861942455898
0.7310005529180088
0.7311248621481888
0.7312375109427259
0.7313419128399589
0.7314498744689973
0.7315929842414195
0.7317545177808286
0.7318782443709398
0.7319866683461344
0.7320944288032842
0.7322157904153455
0.7324116145285652
0.7325818433065906
0.7327276489277109
0.7328818797084747
0.7330550913447159
0.733272283890481
0.7335733452385901
0.7340060033470724
0.7347718190884289
0.7361989727212627
0.7377655794009139
0.7395280220630587
0.7399
0.7399093163274367
0.7399279489823102
0.7399538676966185
0.7399755581585722
0.74
0.7400093163274367
0.7400224615792617
0.7400347382003554
0.7400563598478066
0.7400809958924632
0.74010737657776
0.7401397450745413
0.7401672585746032
0.7401911934236053
0.7402144024855914
0.740239822781872
0.7402663821842955
0.7402949689459865
0.7403192841714137
0.7403432408751768
0.7403690358760715
0.7403984755454883
0.7404293769504295
0.7404544952429514
0.7404737803479935
0.7404915801254236
0.7405142786893694
0.7405379958415251
0.7405567196502536
0.7405760079277862
0.7405975992860973
0.7406245367573202
0.7406626412949058
0.7406982596668199
0.7407269618494493
0.740752030551007
0.7407758155803525
0.7408020571002467
0.740820311348712
0.7408444671685797
0.7408646870559722
0.7408823892009335
0.7408996484380683
0.7409171440396262
0.7409367623682475
0.7409646512638498
0.7409933735073512
0.7410155073961731
0.7410372268956712
0.741060440967261
0.7410871396439916
0.7411210089933207
0.7411650565742014
0.7412099967222805
0.741258294745339
0.7413215345700002
0.7413950303792912
0.7414473072224995
0.7414969082184769
0.7415494723376577
0.7416090725243969
0.741684607822575
0.7417487947375941
0.7418161107876811
0.7418701117117765
0.7419182123028389
0.7419679407651907
0.742028248586008
0.7420948149170989
0.7421625380779491
0.7422267047537313
0.7422952843961506
0.7423739232041473
0.7424694031530708
0.7425932074646518
0.7427246660160336
0.742853952415224
0.7429908510261869
0.743143321640281
0.7433235199943393
0.7435425753916407
0.7438308729545877
0.7442389642646207
0.7448838805651521
0.7457119063689608
0.7466755945097318
0.7477929612011844
0.7491492155855303
0.7499
0.7499037040615588
0.7499111121846764
0.7499259284309117
0.7499391427757054
0.7499522763549477
0.7499652479953062
0.7499783700270917
0.7499891850135458
0.75
0.7500037040615588
0.750008934768152
0.7500178500046041
0.7500281178215088
0.7500388823268767
0.7500515922758016
0.7500670054391815
0.750080802181889
0.7500951059113555
0.7501111014118629
0.7501314080735133
0.7501596685838884
0.7501930657941032
0.750231787979981
0.7502788183261866
0.7503436064058472
0.7504131327943441
0.7504805298960836
0.7505516750444762
0.7506428564483462
0.7507393997422314
0.7508136341376159
0.7508853531520725
0.7509581389212815
0.7510287432373383
0.7510885381057182
0.7511386062735964
0.7511881505743768
0.7512586456399213
0.7513204291610881
0.7513717538119072
0.7514255711288552
0.7514858539169798
0.7515616459322692
0.7516522937268711
0.7517298947220171
0.7517994157729324
0.7518702616187765
0.7519373315872915
0.7520092184815239
0.7520635553597577
0.7521119266802814
0.7521610941936653
0.752217189957767
0.7523101026488482
0.7523848438704914
0.7524483669104166
0.7525149805832392
0.7525886576828562
0.7526807149893342
0.7528018556104765
0.7529759055015287
0.7532488885002661
0.7537649270704201
0.7544102271736545
0.7551284652283151
0.7559457288704946
0.7568863103445023
0.7579925110806512
0.7593250550847834
0.7599
0.7599124856022113
0.7599374568066337
0.7599687284033169
0.7599843642016584
0.76
0.7600124856022112
0.7600244465618519
0.7600390898722575
0.7600585066782836
0.7600805556565007
0.7601065428076107
0.7601315935287185
0.7601592135042424
0.7601944166104688
0.7602433765923637
0.7603100040928606
0.7603947599276534
0.7604811330465284
0.7605670968147955
0.7606623851702945
0.7607832292576613
0.7609618625588991
0.7613191291613747
0.7618586574750318
0.7626445695302319
0.764216393640632
0.767275810139705
0.7699
0.7699066271674635
0.7699198815023904
0.7699371757896764
0.7699541798904248
0.769971271946497
0.7699856359732484
0.77
0.7700066271674635
0.7700154194136336
0.7700313982988334
0.770050035159655
0.7700682091793025
0.7700885654564165
0.7701104884094624
0.7701380445818279
0.770171452421943
0.7702115069431082
0.7702585173351599
0.7703101651219889
0.7703676740718112
0.7704330923667857
0.7705079692066626
0.7706015415104646
0.770723096505531
0.7709015979348832
0.7712357772757475
0.7719041359574762
0.7728609920833164
0.7747747043349967
0.7786021288383574
0.7799
0.7799070204541918
0.7799210613625753
0.7799491431793424
0.7799706250842258
0.7799866051566655
0.78
0.7800070204541918
0.7800155775361245
0.7800263867312103
0.780042835642928
0.7800550690729734
0.7800673613030147
0.7800831450524219
0.7801048358661834
0.7801215734837482
0.7801389238822802
0.7801582829872212
0.7801828117454502
0.7802187717036876
0.7802778588273579
0.7803460796279273
0.7804239847478457
0.7805140803143977
0.7806184298484838
0.7807405325905581
0.7808840884198163
0.7810385194132524
0.7811759063173869
0.7813027738053114
0.7814300273457425
0.7815771210305649
0.781677466347585
0.7818018471972237
0.7819036785294603
0.7819887375535659
0.7820679989814993
0.782145393986267
0.7822296935415003
0.7823468619146008
0.7824691984023233
0.7825623145048045
0.7826532945334347
0.782750555875144
0.7828624633786673
0.7829943040138255
0.7830955207396826
0.7831857492084316
0.7832790019117583
0.7833917078526967
0.7835386033493013
0.7836694107909257
0.7837936394669416
0.7839293064037344
0.7840857696853107
0.7842862301728907
0.784510991422139
0.7847430449476667
0.784996670823655
0.7852944717005522
0.7856456771687865
0.7860974550920908
0.786726054891143
0.7877124926868835
0.789016615276924
0.7899
0.7899055470003177
0.7899166410009529
0.7899388290022235
0.7899548264452382
0.7899707936341591
0.7899853968170796
0.79
0.7900055470003177
0.790013122122325
0.7900254781027882
0.7900426847207244
0.7900586540179729
0.7900724232128519
0.7900859211070022
0.790100513517139
0.790119748859723
0.7901429513879851
0.7901624582155448
0.7901787561847703
0.7901946542946361
0.7902097874271237
0.7902264794066866
0.7902419101918897
0.790255063053926
0.7902677711084221
0.7902809599776717
0.7903020956308423
0.7903277171993057
0.7903456940608529
0.7903662079259113
0.7903866108390653
0.7904086157737208
0.7904351338027584
0.790468844649439
0.7905097860518205
0.7905569736076887
0.7906113816444643
0.7906781719769302
0.7907575501378644
0.7908494883128256
0.7909668779660217
0.7911338644001359
0.791417086120379
0.7919444779811277
0.7927464499544763
0.7941276761173065
0.7963360443383096
0.7991654170864281
0.7998999999999999
0.7999035799590004
0.7999107398770013
0.7999250597130032
0.7999394663412994
0.7999548530018155
0.7999693706410136
0.7999808942511197
0.7999904471255599
0.79999522356278
0.8
0.8000035799590005
0.800007212796765
0.800011893208806
0.8000176860986755
0.8000237715380101
0.8000318177938418
0.800040825470751
0.8000525767847918
0.8000669645812452
0.8000776274109309
0.8000868331310216
0.8000958602251192
0.8001051912091278
0.8001158069549343
0.8001289221887301
0.800146819232644
0.8001709588834673
0.8001997150981047
0.8002256148348972
0.8002469240545199
0.8002650672061251
0.800278890234286
0.8002909277921825
0.8003022382739702
0.8003132804274667
0.8003233611092545
0.8003322172782349
0.80034047983854
0.8003479309500615
0.8003547438192471
0.8003609946401357
0.8003666485189062
0.8003724399008174
0.8003785575424043
0.800384253252924
0.8003892897040783
0.8003937059575362
0.8003975964400163
0.8004010632712494
0.8004041968155039
0.8004070712922423
0.800409748966928
0.8004122853823606
0.800414735128765
0.8004171593360387
0.800419638091857
0.8004222986123488
0.8004254091674953
0.8004300817792294
0.8004346967449507
0.8004383542130995
0.8004419433760541
0.8004457249027626
0.8004498643339416
0.8004545809447514
0.8004600961444753
0.8004667305303891
0.800472951496907
0.8004773101305178
0.8004809233538017
0.8004842567775418
0.800487624901846
0.8004914189094567
0.8004960094994721
0.8005006326808484
0.8005047657550073
0.8005090045326642
0.8005136001063027
0.8005189581316575
0.8005250934775566
0.8005307948287025
0.8005366255231239
0.8005430164871951
0.8005503923469343
0.8005596426257463
0.8005714603595646
0.800585125101593
0.8005989978838755
0.8006024715999128
0.8006066669033625
0.8006112534333728
0.8006145324388689
0.8006180301260107
0.8006214349122166
0.8006251600383919
0.8006298231282527
0.8006372894683271
0.8006506590715907
0.800667060129946
0.8006880197622811
0.8007131045024318
0.8007436767846325
0.8007883713291976
0.8008538302610239
0.8009475835358651
0.801091016474463
0.8012565965274201
0.801406071154306
0.8015527542190893
0.8017177149507869
0.8018379645404046
0.8019351270047558
0.8020943005821926
0.8022398170551973
0.8023883904997626
0.802557048153533
0.8027767363555185
0.8031041022639417
0.8037111940320633
0.8047299392988981
0.8059023777888992
0.8072662940014276
0.8088881184281244
0.8099
0.8099041025871375
0.8099123077614127
0.8099287181099629
0.8099456764932293
0.8099636992889779
0.8099850901414253
0.8099925450707126
0.81
0.8100041025871376
0.8100081648083131
0.8100162892506639
0.8100307399534556
0.8100464889659588
0.8100640371092497
0.810085326801219
0.8101103834914343
0.8101378221116462
0.8101701814779805
0.8102086514818481
0.8102506378485489
0.8102982057389262
0.8103532601667047
0.8104188611533443
0.8105019324269821
0.8105706001294645
0.8106957432338833
0.8108971617557694
0.811119904654794
0.8114004564416895
0.8118012588022714
0.8121166870892904
0.812466272535228
0.8127464346222353
0.812886515665739
0.8131279676319559
0.8133895463943568
0.8137713657962182
0.8143141382220203
0.8153920249743948
0.816356103154505
0.8172339135524207
0.8180966225546376
0.8189493107627066
0.8199
0.8199040937507112
0.8199122812521336
0.8199286562549783
0.819945854801632
0.8199621975317853
0.8199832011609639
0.8199916005804819
0.819995800290241
0.8200000000000001
0.8200040937507113
0.820007440928407
0.8200141352837986
0.8200275239945818
0.8200459373076725
0.8200645753343411
0.8200855593716003
0.8201097262320313
0.8201378291922827
0.8201709315486271
0.8202099412673686
0.8202496395829038
0.8202876074664865
0.8203213498602949
0.8203467570495991
0.8203674720985462
0.8203862181713613
0.8204049750647728
0.8204272255874137
0.8204450375496796
0.8204661671857991
0.820484265634403
0.8205000976094737
0.8205144365160829
0.8205273249730944
0.8205394311493864
0.8205517317306272
0.8205661197449358
0.8205791643216331
0.8205940824049334
0.8206075009000688
0.8206208919189072
0.8206355090819115
0.8206522990562333
0.8206731636146993
0.8206937738524863
0.8207142600673525
0.8207377174639141
0.8207615934813461
0.8207808771421312
0.8207965691627012
0.8208109440710315
0.8208251674551131
0.820840802001677
0.820861844689641
0.8208883057415479
0.8209072989486955
0.8209254629930961
0.8209448846082642
0.8209669889705696
0.8209947884839925
0.8210323795088884
0.8210689361715127
0.8211042045040017
0.8211431024313186
0.8211694372624186
0.8212049600898855
0.8212342850385982
0.8212598878237521
0.8212852512062123
0.8213118658672739
0.8213443303004958
0.8213763047370103
0.8214116352507552
0.8214440773296073
0.8214772490414248
0.8215139820708717
0.8215582239436213
0.8216130154541421
0.8216876962579558
0.82179747813173
0.8219788967514439
0.8223166645651377
0.8226997517881159
0.8231292818694267
0.8236181581420743
0.8241764488770454
0.824824918167159
0.8255859971789247
0.8264867067990076
0.8275613466467622
0.8288665880787202
0.8299
0.8299040813796781
0.8299122441390343
0.8299285696577468
0.8299436689950671
0.8299587186027421
0.82997552299646
0.8299877614982301
0.8300000000000001
0.8300040813796782
0.8300099308572095
0.8300213736193078
0.8300396862580464
0.830053362182502
0.8300666446454377
0.8300822663159113
0.8301034002656584
0.8301233335461492
0.8301421602742394
0.8301634456792004
0.8301886575854625
0.83022352091442
0.8302695915657012
0.830327344830791
0.8304047575101798
0.830521446032699
0.8306641458276526
0.8308421038301604
0.8310760960482999
0.8314114574133038
0.8317862360470882
0.8321914250004894
0.8326841197214291
0.8333144695122782
0.8341705388306755
0.8358826774674701
0.838146838612646
0.8399
0.8399071520396257
0.8399214561188773
0.8399414672432085
0.8399615566362794
0.839979031181541
0.8399895155907705
0.84
0.8400071520396257
0.8400159626679824
0.8400283729267445
0.8400435223745929
0.8400602387430485
0.8400792095103072
0.8401004191066505
0.8401210278167834
0.8401445999143511
0.840173187635974
0.8402164595670216
0.8402651280864796
0.8403187549457929
0.840383635656635
0.840463630370582
0.8405728504402328
0.8407308490684888
0.8409609717017911
0.8411968641069234
0.8415101493920891
0.8419568082180527
0.84285012586998
0.8444928254845053
0.847004419234869
0.8499
0.8499061064010346
0.8499183192031038
0.8499427448072422
0.8499691929689017
0.8499845964844508
0.8499922982422254
0.85
0.8500061064010346
0.8500115284289004
0.850022372484632
0.85004172167697
0.8500697305118162
0.8500983100234848
0.8501303835050613
0.8501650755915335
0.8502023230085687
0.8502479079379992
0.8503014665371343
0.8503571677781019
0.8504223090544188
0.8505012958855598
0.8505694460419201
0.8506416916059308
0.8506954770126725
0.8507361888737937
0.8507710960044944
0.8508033228464957
0.8508366385704391
0.8508783077728342
0.8509091387582142
0.8509430724233843
0.8509720350120751
0.8509965887535552
0.8510185444594093
0.8510387288665932
0.8510586837593335
0.8510809040884469
0.8511163211424299
0.8511433825926416
0.8511655379260287
0.851188171901674
0.8512125059988505
0.851242107647936
0.8512789236800785
0.8513163171772035
0.8513657248319337
0.8514070788763421
0.8514495705197731
0.8514946612342352
0.8515351147833953
0.8515751022750019
0.8516173434902541
0.8516649931660898
0.8517260923027596
0.851785510236895
0.8518468754171216
0.8519066796777336
0.8519672166812565
0.8520328825738304
0.8521097833211375
0.8521882589262193
0.8522518428224923
0.8523103904351719
0.8523714747744677
0.8524476904327184
0.8525422176401489
0.852624140818411
0.8527033538056583
0.8527902076283794
0.8528912616618982
0.8530219558302223
0.853181470463063
0.85333594130353
0.8534977790893415
0.853676304683501
0.8538858634406034
0.8541388036185082
0.8544715878790382
0.8549449448237886
0.8557032594654673
0.8566485484304375
0.8577300273348589
0.8590416583074804
0.8599
0.8599081563014892
0.8599244689044676
0.8599570941104244
0.8599785470552122
0.86
0.8600081563014892
0.8600192609093333
0.8600356049293492
0.8600561502386572
0.8600800197145203
0.8601024473790507
0.8601271965775275
0.8601559639351971
0.8601878369158661
0.8602207362461421
0.8602572407450618
0.8603002419659744
0.8603497940120767
0.8604020945426599
0.8604611159298988
0.8605345944620768
0.860624470517067
0.8606891195477238
0.8607499555028815
0.8608116606412392
0.8608716949718718
0.860922864917043
0.8609655240043412
0.8610075160488708
0.8610673215570307
0.861119599377315
0.8611632297245626
0.8612092012703186
0.8612609753875662
0.8613265991248723
0.8614083130588697
0.8614770382549892
0.8615368263595109
0.8615954164393484
0.8616662957071557
0.8617124341833786
0.861759166511918
0.8618015092334749
0.8618419296266214
0.8618858980826798
0.861941797779264
0.8619959123372877
0.8620521098223488
0.8621058020984089
0.8621621173570464
0.86222583651392
0.8623042393888335
0.8624040158888531
0.8625441988877733
0.8627595099592976
0.8631420447436738
0.863709503225758
0.8643456893282422
0.8650626967165329
0.8658845525200636
0.8668393357709687
0.8679748670926463
0.8693461875176498
0.8699
0.8699118033439793
0.869935410031938
0.869967705015969
0.87
0.8700118033439793
0.8700306457720126
0.870052431386384
0.8700867259203051
0.8701246075731509
0.8701628037711148
0.8702064401845131
0.8702520673114487
0.8703013216648308
0.8703571484085384
0.8704222911082551
0.8705004935890189
0.870574437048541
0.8706468343775663
0.870726360831252
0.8707471569263657
0.8707575549739226
0.8707783510690363
0.8707904085316871
0.8708039396235664
0.8708160245711034
0.8708277705630963
0.8708399223281805
0.8708502198981088
0.8708617326746105
0.8708687140269832
0.8708764694415558
0.8708825474183679
0.8708890040489612
0.8708956098597871
0.8709023108522294
0.8709107927661234
0.8709246859839422
0.8709515413752171
0.8709815182371069
0.8710148147573613
0.8710528797776156
0.8710964151181848
0.87114415857953
0.8711960488981244
0.8712633948059758
0.871337822163159
0.8713929263709306
0.8714459332350866
0.871502427562505
0.8715671084982106
0.8716496660999674
0.8717095213307962
0.8717745809206231
0.8718303485328877
0.8718816988253764
0.8719370635279285
0.8720101132891217
0.8721010459344409
0.8721724419303516
0.872243450395668
0.8723223850066306
0.8724161015927374
0.8725398055647661
0.8726813805537939
0.8728189473277087
0.8729635253597631
0.8731243034265619
0.8733134453256157
0.87354164896196
0.8738414802599962
0.8742675652598688
0.874887804244277
0.8756006377895947
0.8764178230163524
0.8773680801816931
0.878488098940574
0.8798478413676494
0.8799
0.8799082900988892
0.8799248702966674
0.8799507612338896
0.8799794966922925
0.88
0.8800082900988891
0.8800188242248472
0.8800374724719566
0.8800648476174867
0.8800919153358151
0.8801218388186601
0.8801584359331456
0.8802053558954728
0.8802542622985985
0.8803088086286388
0.8803747559110782
0.8804516220598229
0.8805411378295177
0.8806398289013811
0.8807477378365786
0.8808787493943373
0.8810389205478345
0.8812370128293199
0.8814756283333638
0.881759462794053
0.8820998818318022
0.8825442634289582
0.883117578968364
0.8839445042393139
0.8851457758112024
0.8871641480650004
0.8899
0.8899068924897426
0.8899206774692279
0.8899482474281983
0.889972757305098
0.889986378652549
0.89
0.8900068924897426
0.8900137567347907
0.8900253334961138
0.8900477263901947
0.8900659872394086
0.890082355089148
0.890099646919553
0.8901200420857007
0.8901468644736418
0.8901731220285332
0.8901952953491885
0.8902153735218457
0.8902363417946939
0.89026376823245
0.8902924530534597
0.890321046121491
0.8903503478655446
0.89038299610078
0.890423498024172
0.8904591599844677
0.8904923143596774
0.8905267782887301
0.8905640170350476
0.8906029492327868
0.8906368330991915
0.8906635568775814
0.8906878528956887
0.8907170987841745
0.8907530219678974
0.8907791131380948
0.8908051859958671
0.8908340534928585
0.8908693908624603
0.8909188584886218
0.8909697479690553
0.8910113217912949
0.8910476847369911
0.8910828386117067
0.8911238423581643
0.8911523942026002
0.8911831673654531
0.8912102017703243
0.8912350401142007
0.8912603978967324
0.8912885806933186
0.8913281563919467
0.891370940642572
0.8914038034674366
0.8914362135198045
0.8914710410745318
0.8915125008293309
0.8915638948138099
0.8916344295728278
0.891738674898505
0.8919125068199811
0.8922471787593123
0.8926242423702209
0.8930433582357872
0.893523418880727
0.8940738876160003
0.8947156493095545
0.8954711785808973
0.8963657139088572
0.8974308006813767
0.8987075086170471
0.8999
0.8999111149957265
0.8999333449871795
0.8999666724935897
0.8999833362467948
0.9
0.9000111149957265
0.9000226650926852
0.9000379030251567
0.900062393481744
0.9000820385524817
0.9001027773501307
0.9001295839889677
0.9001632060554412
0.9001911313989611
0.9002211559145964
0.900257749736035
0.9003053727416523
0.9003622593731972
0.9004333542840322
0.9005207717162372
0.9006287189214859
0.9007810411749754
0.9010482110589104
0.901460405876312
0.9019876852038194
0.9026615686494781
0.9035254607086687
0.904637988383651
0.9060788258375256
0.9079466080598533
0.9099
0.9099226227199442
0.9099678681598324
0.91
0.9100226227199442
0.9100433647854799
0.910072363072421
0.910111629686319
0.9101532432614821
0.910198104053223
0.9102484942899552
0.9103147911032226
0.910386462099689
0.9104677955212845
0.9105654032305149
0.9106963119173428
0.910909015296798
0.9113344220557085
0.9119275581642058
0.9130176766491983
0.9144800965203304
0.9159905236539695
0.9177440128729192
0.9199
0.9199143223345125
0.9199429670035375
0.9199687597274667
0.9199843798637334
0.92
0.9200143223345125
0.920028458253699
0.9200451189832498
0.9200712795931808
0.9200995236815298
0.9201293539110956
0.9201621867967178
0.9202036444904046
0.920261028612258
0.9203276774773608
0.9204090748449962
0.9205119405019845
0.9206269360487686
0.9207651846581334
0.9209458140780106
0.9212134803330343
0.9217380514145384
0.922627926063628
0.9237717981332433
0.9253209199768367
0.9274941869016136
0.9299
0.9299354630425718
0.93
0.9300354630425719
0.9300669629859324
0.9301145309211915
0.9301801597632193
0.930243508373817
0.9303190869754449
0.9304144012019206
0.930524281980304
0.9306401322006301
0.9307836040071629
0.9309975404077949
0.9314218600724378
0.9319983413619697
0.9329196764881797
0.9345167129241992
0.9364755059972687
0.9389220850552953
0.9399
0.9399563966771254
0.9400000000000001
0.9400563966771255
0.940103229932352
0.9401665051462768
0.940275177931878
0.9403831827510529
0.9405115093090655
0.9406730299214384
0.9408516161598393
0.9410882174500712
0.941495020324931
0.9423086260746507
0.9433697363176337
0.9448761567519411
0.9467072055531853
0.9489199141266406
0.9499
0.9499103190976743
0.949930957293023
0.9499572098854506
0.9499827004379878
0.9500000000000001
0.9500103190976744
0.950022642189301
0.9500428403796256
0.9500694563244868
0.9500935905513833
0.9501208850583346
0.9501541934206807
0.9501917316901501
0.9502335280445525
0.9502825579032632
0.9503392099756826
0.950400839488244
0.9504771713372321
0.9505825073798715
0.950744125599866
0.950988641051918
0.9514560444406313
0.952078914290898
0.9525845925363199
0.9532193069967971
0.9537121570586106
0.954198367280077
0.9548005824576327
0.956005012812744
0.9577634368389036
0.9599
0.95995
0.96
0.9600392236096016
0.9600745995362717
0.960125394250626
0.9602008244812968
0.9602773228346255
0.9603671373069288
0.9604695723682208
0.9606021299522318
0.9608171049721059
0.9612021603654415
0.9617656746959495
0.9628927033569656
0.9649006483097989
0.9689165382154655
0.9699
0.9699368924875295
0.97
0.9700368924875294
0.9700654657247929
0.9701034826966691
0.9701547126669641
0.9702092583323677
0.9702695382777927
0.970335522715605
0.9704216038000423
0.970551923400352
0.9707397024551224
0.9710088498389969
0.9715139516226979
0.97221774420764
0.9731545838643368
0.9744622141202337
0.976535712408887
0.9799
0.979910224855457
0.979930674566371
0.9799715739881989
0.98
0.980010224855457
0.9800239327755519
0.9800426559607806
0.9800741101844387
0.9801008581034409
0.9801293016549285
0.980162181137242
0.9802006090711364
0.9802470848234409
0.9803025399783731
0.9803694579802215
0.9804434843087989
0.9805252751783753
0.980618202098049
0.9807233766226892
0.980851129017929
0.9810101716659839
0.9812264996816579
0.9815688340470134
0.9822535027777246
0.9833743669253575
0.9853671132849139
0.9884193241167868
0.9899
0.9899069456283168
0.9899208368849505
0.9899486193982178
0.9899766993282237
0.99
0.9900069456283168
0.9900170277283479
0.9900343581434742
0.9900603324859335
0.9900896420013955
0.9901228046532426
0.9901598136338788
0.990203630230847
0.9902538945983275
0.9903090859627828
0.9903491266157052
0.9903797257370606
0.9904061230916554
0.9904307861460085
0.9904571552547168
0.9904948523806634
0.990527003754236
0.9905501621874035
0.9905699179555102
0.9905871812393021
0.9906029720682391
0.9906187177200284
0.9906363497596312
0.9906650246561397
0.9906863189453345
0.9907038353843126
0.9907218018005448
0.9907411484692331
0.9907647721300367
0.9907915284996391
0.9908184942761498
0.9908494400644616
0.9908818881086946
0.9909066973711737
0.9909268823591794
0.9909456299810618
0.9909645109059452
0.9909861365451681
0.9910200932587909
0.9910494478541726
0.9910736002305982
0.9910982357654013
0.9911248622660347
0.9911570513982608
0.9911972789997031
0.9912525602865871
0.9913259170350268
0.9914013494898888
0.9914887733809649
0.9915991761613183
0.9917456577276067
0.9919167870904563
0.9921247169085686
0.9923755659693323
0.9927079578074985
0.9931505743405565
0.9936637775267341
0.9942590411458719
0.9949543352548609
0.9957736782989809
0.9967577041803973
0.9979404341437965
0.9989702170718983
0.9999
0.999905658065868
0.9999169741976038
0.9999396064610756
0.9999620553308266
0.9999810276654133
0.9999905138327067
1.0
