0.0
0.001
0.003
0.007
0.0099
0.009932092774089135
0.009966046387044568
0.01
0.010020126414098
0.01003897345679917
0.01006142571964667
0.01010037235968965
0.01013900410944442
0.01018168670664545
0.01022916776849963
0.01028543794382755
0.01034919514661066
0.01042512147289953
0.01049902031139623
0.01058151686577405
0.01067726194148318
0.01078330067409993
0.01090657894146079
0.0110567393210357
0.01124289122234323
0.01147180348009099
0.01177383885387312
0.01221897586684635
0.01304010963156353
0.0146823771609979
0.01726641597728646
0.0199
0.02
0.02006137933666648
0.02014317153621971
0.02022145227658876
0.02030098321417313
0.02040182424067439
0.02053644366800749
0.0206953943258476
0.02084567517706571
0.021000635433625
0.02117491957950052
0.02138613705528902
0.02166810323013063
0.02205129396611014
0.02259384328369527
0.02351449525422003
0.02535579919526953
0.02846126596835067
0.0299
0.02993316251600987
0.02996658125800494
0.03
0.03001236504264476
0.03003008640750949
0.0300490736301327
0.0300742643685206
0.03009618390033423
0.03011923390997691
0.03014678445735957
0.03018714617054202
0.03022892447736853
0.03026456360465228
0.0303004958569387
0.03034107473431998
0.03038627431907665
0.03044295647736545
0.03050185431374842
0.03056069394003297
0.03062714930905583
0.03070436185572302
0.03080470315987967
0.03094800953842143
0.03118393258180445
0.03165577866857047
0.03252939988209012
0.03400460479055045
0.0369550146074711
0.0399
0.03995
0.04
0.04003427319916194
0.04006284851031892
0.04009857652604556
0.0401546452710693
0.04021217944574311
0.04027319985225242
0.04034530189413971
0.04043268830313469
0.04052173472027311
0.04061628339006252
0.04073227103077382
0.04087257911593069
0.04104919510775126
0.04128158588687283
0.04163195400630438
0.04233269024516748
0.04360423059535506
0.04558952384624938
0.04956011034803801
0.0499
0.04993334522518043
0.05
0.05003334522518043
0.05005803956068559
0.05006571082457827
0.05008105335236361
0.0501117384079343
0.05015149226869717
0.05019158065285979
0.05023657556730504
0.05027210040365689
0.05030300120108901
0.05035344085783592
0.05043386166161862
0.0505091401918684
0.05058771308633375
0.05067801780999489
0.05078631757841082
0.05092862219308533
0.05114067223104602
0.05143015445164133
0.05178947398410084
0.05225792366733208
0.05291834939844625
0.05399172640685882
0.05613848042368396
0.0599
0.06
0.06004294693669685
0.06012884081009056
0.0602013813722871
0.06028368967599807
0.0603686550669272
0.0604617116774722
0.06056780523307966
0.06069042859458847
0.06083247771664691
0.06102402941483075
0.06132077727734061
0.0618054122473919
0.06254289578769663
0.06394145930084941
0.06673858632715496
0.0699
0.06994154800448786
0.07
0.07004154800448786
0.07007220499494693
0.07011207416782136
0.07016751064410696
0.07022307997947788
0.07027861285914917
0.07033573774473423
0.07040846694371553
0.07049062286232832
0.07057110524594687
0.07065649909805359
0.07076197108758489
0.0709219637123326
0.07115143273123029
0.07144994384869
0.07185030734491847
0.07242890056775753
0.07340118859875704
0.07534576466075606
0.0792349167847541
0.07990000000000001
0.0799305833612269
0.07996529168061345
0.08
0.08001673375301802
0.08003552782110436
0.08005620625928211
0.08008991373947229
0.08012401702568589
0.08016267720206038
0.08020846728885217
0.0802605041176401
0.0803239566944505
0.08039868817863281
0.08047589294486604
0.08055569149927912
0.0806404425852184
0.08073214575532905
0.08083417154677563
0.08095223872577784
0.08109490461418783
0.08127615986643562
0.08151323839902987
0.08181932484756695
0.0822510966464344
0.08292412754712716
0.0839568426258185
0.08584480326352943
0.0896207245389513
0.08990000000000001
0.08992261619404358
0.08996784858213074
0.09
0.09002261619404357
0.09004355726957296
0.09006909734592985
0.09011268952122287
0.09015613248947643
0.09020258373413748
0.09025532255643477
0.09031938907323502
0.09039373320318016
0.09046035197496585
0.09052762186010624
0.0906013679016035
0.09072064631544963
0.09087032788319471
0.09103392541653314
0.09121737869200759
0.09142666254342911
0.09166469354941922
0.09194091186447502
0.09227508865097761
0.09267009597766444
0.09314332814274569
0.09370806465130684
0.09440046306706248
0.09528667319884661
0.09649336271854193
0.09824014536180775
0.0999
0.09991161281940752
0.09993483845822257
0.09996741922911129
0.1
0.1000240476845228
0.1000498504829556
0.1000742013557832
0.1001120556844726
0.1001522068761885
0.1002039603935252
0.100262776973814
0.1003222811015015
0.1003836721038597
0.1004528444869905
0.1005279591399318
0.1006144323708085
0.1007196989604971
0.1008423417491412
0.1009583952453501
0.1010834591492045
0.101229801012846
0.1013954899278724
0.1016120463336517
0.1019096403220385
0.1022524542088404
0.1026616196533468
0.1031699769293349
0.1038375718372586
0.1047939376213141
0.1063652023006275
0.1095077316592543
0.1099
0.1099362456788567
0.11
0.1100362456788567
0.1100653526851762
0.1100975504181739
0.1101419832795093
0.1101926497372645
0.1102515860942139
0.1103109950213557
0.1103774043163377
0.1104250046791469
0.1105084336655607
0.1105997095447922
0.110684722220363
0.1107776215194455
0.1108853105451337
0.1110257623414055
0.1112550500756923
0.1115360255950747
0.1118771243394955
0.1123069700160974
0.1128819945677157
0.1137372560551417
0.1152696900045048
0.1183345579032312
0.1199
0.1199063159563863
0.1199189478691588
0.1199287402264402
0.1199381420231858
0.1199519787707919
0.119967863249991
0.1199832402904137
0.1199916201452068
0.12
0.1200063159563863
0.1200133244357144
0.1200201914068973
0.1200334806176434
0.1200466696732195
0.1200586634952071
0.1200709289873458
0.1200879194178759
0.1201037603249666
0.1201178808977855
0.1201351597244097
0.1201546092810347
0.1201712780514282
0.1201950317199391
0.1202145968266344
0.120249980672117
0.1202848996572081
0.1203176224854217
0.1203444709906229
0.1203925773554663
0.1204290300463916
0.1204661893543444
0.1205061998055003
0.1205637803288268
0.1206290273969198
0.1207232167349208
0.120817014362314
0.1209059102798557
0.1209948186305407
0.1210820255960131
0.1211566497403142
0.1212549562908186
0.1213748551622794
0.121475011148945
0.1215715521622802
0.1216722230274405
0.1217815435212838
0.1218985002567635
0.1219997732381362
0.1220860016330744
0.1221711432862793
0.1222853428014039
0.1223966501208577
0.1224856034867432
0.1225768232938208
0.1226777539629267
0.1227756018682436
0.1228629148794379
0.1229444871767225
0.1230259154629559
0.1231183915368929
0.123183722188558
0.1232683362858926
0.1233394865724667
0.1234026870881471
0.1234660116787156
0.1235327232904061
0.1236110938295466
0.1237309128760125
0.123844363091283
0.1239357898379426
0.1240272193087206
0.1241242057622949
0.124237296152187
0.1243729281160773
0.1245489927861621
0.1247902872326014
0.1251439273368384
0.1256777546587125
0.1265701223234332
0.1276280133752933
0.1288301056314327
0.1299
0.129901677282439
0.1299050318473169
0.1299117409770728
0.1299185189389078
0.1299243450384504
0.1299299704518659
0.1299356590408596
0.1299418419848561
0.1299494371062734
0.1299558524513348
0.1299610732823973
0.1299662923526865
0.1299727118528727
0.129977770230282
0.1299835413309428
0.129988088466419
0.1299921677510157
0.1299959900373952
0.1299979950186976
0.13
0.130001677282439
0.1300033498434511
0.130005181556018
0.1300076100776728
0.1300109970960914
0.1300151338309404
0.1300188245676462
0.1300223440702148
0.1300259695206448
0.1300300673437307
0.1300348191682751
0.130039496834492
0.1300443040452031
0.1300491232199824
0.1300543072095758
0.1300602639472438
0.1300675911518072
0.1300772828530487
0.1300885051938093
0.1300981441422986
0.1301060639934949
0.1301122412486663
0.1301172370068021
0.1301226214981156
0.1301277481406933
0.130131660597846
0.1301356959393565
0.1301393719001513
0.1301446535303607
0.130148361387822
0.1301529751160865
0.1301575116452777
0.130161733850449
0.1301658517216981
0.1301698179742794
0.1301736908357339
0.1301775263845433
0.1301813658755849
0.1301850965061429
0.1301885589233934
0.1301917868549111
0.1301948466822568
0.1301978093886947
0.130200765233305
0.1302038321133933
0.1302072023001747
0.1302113281310975
0.130217217100262
0.1302220073878367
0.1302261875891446
0.1302304243793366
0.1302349204615971
0.1302399168569856
0.1302453988129171
0.1302522087247378
0.1302564692292862
0.1302609782988196
0.130264789966688
0.1302680750708951
0.1302712850462096
0.130274656446924
0.1302786353647926
0.1302831479762743
0.130287369321385
0.1302913557050746
0.1302955174918524
0.130300113328662
0.1303055707228223
0.1303114090179324
0.130316950480221
0.1303227063719002
0.1303290691324489
0.1303364966816788
0.1303458916601845
0.1303497714859654
0.1303530552830794
0.1303566305233532
0.1303593665899429
0.1303623083646247
0.1303651760304015
0.1303681102381068
0.1303720994127581
0.1303782907935092
0.1303857445113014
0.1303937192858285
0.1304034413833275
0.1304095660616605
0.1304167229031942
0.1304226718150863
0.1304277106204334
0.1304325561728691
0.1304375364949228
0.1304434095891839
0.1304500460793286
0.1304569743187905
0.1304631028974338
0.1304693337715525
0.1304762095499558
0.130484283065631
0.1304947475632845
0.1305080030340951
0.1305235594973969
0.1305422909592639
0.1305683471318588
0.130587263019806
0.13060404054237
0.1306213559686646
0.1306380405083635
0.1306533114140981
0.1306659880900079
0.130680444912101
0.1306933058418634
0.1307078753796881
0.1307213549436275
0.130742608450899
0.1307578330571617
0.1307732418163934
0.1307872955411378
0.1308004511551791
0.1308138687591307
0.1308281784623638
0.1308441716479697
0.1308629659011984
0.1308868312842785
0.1309262121286
0.1309625513416386
0.1309943786398755
0.1310259695671455
0.1310572201865903
0.1310900996295907
0.1311238284982485
0.1311635391265059
0.1312080470723333
0.1312559449804323
0.1313166441431796
0.1313858736845638
0.1314666494903319
0.1315577534405399
0.1316905646814612
0.1318516124666493
0.1320601584859138
0.1323433139971398
0.1327050138366129
0.1330327439999387
0.1334176026256246
0.133701407246895
0.1339257323452793
0.1342249857912872
0.134554082013129
0.1348860388588732
0.1352606414847685
0.1357576171413107
0.1366091611607638
0.1377893579188974
0.139122722032073
0.1399
0.139914693034645
0.1399440791039349
0.14
0.140014693034645
0.1400397209237378
0.1400639023425062
0.1400967937650907
0.140130361908138
0.1401644616184287
0.1402025443109375
0.1402510839162164
0.1402971533693855
0.1403501746560385
0.140420704865681
0.1405379300832446
0.1406777634896745
0.1408384301570639
0.1410508448575047
0.1412799301702308
0.1415815510287204
0.1420100432013722
0.1427140684305308
0.144122118888848
0.14678505107901
0.1497382958453504
0.1499
0.1499027250425797
0.1499081751277392
0.1499190752980581
0.14992850751294
0.149939923856113
0.1499534882357096
0.1499665074129823
0.149979690674352
0.149989845337176
0.15
0.1500027250425797
0.15000660781245
0.1500143733521907
0.1500238298018057
0.1500328348123377
0.1500439602681521
0.1500554226606012
0.1500666102356411
0.1500781520413575
0.1500906275960504
0.1501053091665316
0.1501270334864933
0.1501498560857191
0.1501674749486415
0.150184452504818
0.150201933193909
0.1502228460110431
0.1502449595862397
0.150273707842733
0.1503051604526736
0.150346028986527
0.1503902817758244
0.1504434679803673
0.1505155501441562
0.1505850911174332
0.1506745544042206
0.1507846030130486
0.1509287103469909
0.151086295413276
0.1512970825771836
0.1515723708530873
0.1517874218349595
0.1519650442717877
0.1521381277002438
0.152308416849365
0.1524970246866526
0.1526911069553688
0.1529592799101204
0.1534623462724913
0.1543321627754322
0.1554486850130147
0.156737836602035
0.1582663475875678
0.1599
0.1599048288977823
0.159914486693347
0.1599338022844763
0.1599480167662063
0.1599651757763645
0.1599847543001947
0.1599923771500973
0.16
0.1600048288977823
0.1600109426683098
0.1600224566247408
0.1600373022571293
0.1600504777546792
0.1600656659798201
0.1600845674918574
0.1601054645323701
0.1601289969300522
0.160158144335986
0.1601957695606062
0.1602401748454561
0.1602934350039843
0.1603534851443788
0.1604208040336828
0.1604962182945904
0.1605633586064809
0.160659595395731
0.1607787411649216
0.1609259725588023
0.1610961765053346
0.1612912253232874
0.1615154666222635
0.1617715062236303
0.1619591177123254
0.1621298926653344
0.1623381050770183
0.1625109976640121
0.1627037571336717
0.163089276072991
0.1636227477180331
0.1641995547599354
0.1646537270716645
0.1650794179640415
0.1655189782503563
0.1660012496583662
0.1665815028301158
0.1672893528209226
0.1679209141059971
0.1684215520910397
0.1688814276851934
0.1694820337240746
0.1699
0.1699062537868093
0.1699187613604278
0.1699437765076649
0.1699620331192749
0.1699822477977162
0.17
0.1700062537868093
0.1700153155449672
0.170028141537815
0.1700475682056772
0.1700659869648527
0.17008575783418
0.1701085095735747
0.17013506173838
0.1701664631984042
0.1701946726480094
0.1702230182202569
0.1702572653406452
0.1702949060873618
0.1703344189242867
0.1703704137083883
0.1704004713565614
0.1704272457335901
0.1704537934544496
0.1704833432839974
0.1705245409278443
0.1705583443501716
0.1705880902158065
0.1706140430370445
0.1706365872360758
0.1706566837315955
0.1706752273196319
0.1706934082268101
0.1707131212961067
0.1707404228466906
0.1707677491132423
0.1707885037664198
0.1708086427055264
0.1708299389022885
0.1708541231062037
0.1708843261609381
0.17092044372841
0.1709570418962126
0.1710036216010412
0.1710425272278247
0.1710839988520881
0.1711237701883758
0.1711601753141845
0.1711967396464281
0.1712355022872278
0.1712794385359433
0.1713361575362553
0.1714183253628209
0.1714784993210959
0.1715323404729121
0.1715880889371798
0.1716483652463114
0.1717207065336062
0.1718092198875158
0.1719253774095982
0.1720862265365402
0.1723272107574
0.1727062518769512
0.1731389847132317
0.1732484237636027
0.1734673018643448
0.1735169069029911
0.1735417094223143
0.1735913144609606
0.1736051626886779
0.1736328591441125
0.1736409474944747
0.1736571241951992
0.1736755287126291
0.1736887207131661
0.1737016454845261
0.1737158461789013
0.173727469345112
0.1737400107104517
0.1737482556710629
0.1737573843060943
0.1737642672796749
0.1737720242513347
0.1737796093588966
0.1737871525540233
0.1737967242173414
0.1738129173015817
0.1738426250189432
0.1738758193657829
0.1739128285373207
0.1739551462146241
0.1740035518758095
0.1740595958468549
0.1741249354532666
0.1742010232698714
0.1742890189276826
0.1743909432815982
0.1745091254772675
0.1746462654025515
0.1748055103234986
0.174990507707869
0.1752054581874536
0.1754552854056737
0.1757457192599869
0.1760835025275349
0.1764766272487642
0.176934600957579
0.1774689861007664
0.1780940527901092
0.1788278593358728
0.179693902536176
0.1799
0.179940153425869
0.18
0.1800406716579278
0.1800731850871866
0.1801093490873654
0.1801717941885115
0.1802370618247041
0.1803102665764097
0.1804000184024704
0.1804876277369772
0.1805825331023426
0.1806963742797909
0.1808471936133573
0.1810476297948945
0.1813274596240101
0.1817969529907702
0.1827359397242904
0.1842530592706809
0.1865352612227263
0.1891218437254576
0.1899
0.1899212338092964
0.1899637014278893
0.19
0.1900212338092964
0.1900419597640732
0.1900717180492085
0.1901139599690279
0.1901586412132529
0.1902055612968472
0.1902593323207511
0.1903129567112681
0.1903893465937367
0.1904827452763
0.190576725904349
0.1906834810872938
0.1908101768554966
0.1909683701940874
0.1911737989576097
0.1914044769396707
0.1916683321312236
0.1919714664875277
0.1923359566553085
0.1927830471439341
0.1933339890980873
0.1939974830923153
0.1948153639798103
0.195914328757976
0.1974499787044604
0.1998609985734134
0.1999
0.1999179636039862
0.1999474026791903
0.199992074735263
0.2
0.2000158505294741
0.2000337256611632
0.2000550072237951
0.2000958998164577
0.2001377019331322
0.2001771189655453
0.2002192722719566
0.200270158870836
0.2003335492032144
0.2003935657726345
0.2004487883160502
0.2005080263028756
0.2005877993874427
0.2006880487991442
0.2007702678475992
0.2008581165211165
0.2009598934496125
0.2010949343424654
0.2012717230196872
0.2014954884185663
0.2017522084385407
0.2020438189590669
0.2023964261680482
0.2028459853340061
0.2034625452792946
0.2044007599365405
0.2061241888452373
0.2093158697153478
0.2099
0.21
0.2101261318761664
0.2102678187048905
0.2104074562029804
0.2106334441927259
0.2108536337385324
0.2111196698789726
0.2114620798922832
0.2119874373451972
0.2127318171441929
0.2139154398884498
0.2162023353134565
0.2199
0.21995
0.22
0.2200439957844292
0.2200814320014192
0.2201364511046857
0.2202207687847892
0.2203019644880786
0.2203959693226334
0.2205179595363811
0.2206486015272258
0.2208086341853722
0.2209980104190234
0.2212295714918213
0.2215680163175552
0.2220144783499664
0.2225921705868636
0.2233817401160884
0.224570414129882
0.2267419613562162
0.2299
0.2299163881653823
0.2299491644961469
0.2299745822480735
0.23
0.2300163881653823
0.2300323362754747
0.2300551582729745
0.2300899524000014
0.2301207026225725
0.2301528181619043
0.2301909984761603
0.2302292650670841
0.230275415487759
0.230323275693228
0.2303791987100851
0.2304460760407495
0.2305156782152928
0.2305976293009127
0.230704307926344
0.2308418650077164
0.2310028847545094
0.2312038136002359
0.2314532235183247
0.2317697487322289
0.2321974581258851
0.2328316590964974
0.2339451355635455
0.2361720884976417
0.2395781133784577
0.2399
0.2399271437262308
0.2399635718631154
0.24
0.2400271437262308
0.2400508052877423
0.2400836979849081
0.2401327333015899
0.2401820019799349
0.240236536383116
0.2403036803086201
0.2403804050456998
0.2404652024650383
0.2405684135238464
0.240687921423661
0.2408152676381526
0.2409688842295164
0.2411827625998931
0.2415094484196539
0.241928540965685
0.2424853588519867
0.2432807490751925
0.2445882387996976
0.2472032182487079
0.2499
0.25
0.2500864455956872
0.2502168325030968
0.250331339152865
0.2504960163090263
0.2506480873564135
0.2508219816404945
0.2510649972175536
0.2514002841813524
0.2519129318935526
0.2526486999181847
0.2538210540927381
0.2560990340471025
0.2599
0.2599200390402108
0.2599601171206326
0.26
0.2600200390402109
0.2600428133907436
0.2600657292982114
0.2601082654630429
0.2601468076333946
0.2601895124985075
0.2602431597925254
0.2603082207361135
0.2603755025071532
0.260456168105297
0.2605501492829984
0.2606445549150863
0.2607417683561712
0.2608464081272651
0.2609593836235432
0.2610844801428337
0.2612277883439445
0.2613982067190998
0.2616098477694206
0.2618872083274337
0.2622783286842495
0.2628234836907694
0.2635204624736724
0.2644615529232983
0.2658547127016659
0.2683241817826091
0.2699
0.2699090918027253
0.2699272754081758
0.2699461445940541
0.2699670096479727
0.2699849548692055
0.27
0.2700090918027253
0.2700189818753689
0.2700312552495177
0.2700472204289287
0.2700632742247598
0.2700819115148319
0.2701045859437501
0.270125887239199
0.2701478146617133
0.2701736381864124
0.2702054556770381
0.2702511014446395
0.270301109246339
0.2703532847249049
0.2704006290850979
0.270444324500024
0.2704882575494739
0.2705397620337815
0.2705881214533563
0.2706380911045536
0.2706832906358144
0.2707279310243292
0.2707738712067472
0.2708173681226829
0.2708533105795027
0.2708835984589157
0.270913880273536
0.2709574877933435
0.2709952167093548
0.2710265488968848
0.2710592622415937
0.2710956543034423
0.2711408217883097
0.2712030169722667
0.2712641186031346
0.2713145599584857
0.2713595116048732
0.2714039302064342
0.2714599615967171
0.2714955594971532
0.2715311087125798
0.271563501521588
0.2715941717075169
0.2716269091176027
0.27166645143767
0.271707292708164
0.2717520563105139
0.2717925754696764
0.2718338243203657
0.271879275193022
0.2719337883570628
0.2720010793725809
0.2720923332229543
0.2722254248809554
0.2724419568239677
0.2727198245365137
0.2730092581663119
0.2733190461669263
0.2736293501644033
0.2738840145805017
0.274097243566329
0.2742839496115118
0.2744536126557224
0.2746171203672921
0.2747885347816995
0.27498295725623
0.2751142910558207
0.2752451032480882
0.2753615667156868
0.2754723727206238
0.2755937900551861
0.2757157069886311
0.2758498611036601
0.2759952886424726
0.2761578313748352
0.2763191890039022
0.2764528627363301
0.2765790722391244
0.2767127424429174
0.2768568649320601
0.2770427934613603
0.2772199009270302
0.2773876627919906
0.2775750761499673
0.2777791190516071
0.2780069097902285
0.2782759077269241
0.2785878501454336
0.2789290514642651
0.2793282536535144
0.2798159084951767
0.2799
0.2799051716990313
0.2799155150970941
0.2799307289033287
0.2799449493023874
0.279957928959901
0.2799722383870152
0.2799861191935076
0.28
0.2800051716990314
0.2800132527087397
0.2800258590234419
0.2800375566396033
0.2800483709272421
0.2800591095023727
0.2800690179896221
0.2800783849473496
0.280087563546056
0.2800966933244711
0.2801058992883501
0.2801152658978276
0.2801248875895086
0.2801349723497754
0.280145979820012
0.2801589852498557
0.2801780991188312
0.2801986218688579
0.2802132589535983
0.2802235778293791
0.2802311184639087
0.2802379659609607
0.2802438894348018
0.2802488228635394
0.280254232015253
0.2802585459358932
0.2802640326512552
0.280267975190469
0.2802727839703
0.2802772333423565
0.2802815622256466
0.28028606259183
0.2802908082369756
0.2802959296611622
0.2803017233695902
0.2803094129540808
0.2803154393432232
0.2803212430712868
0.2803267137181948
0.2803323636376048
0.2803388300811457
0.2803466986053921
0.2803566113165757
0.2803682234988681
0.2803791983811026
0.2803896909823226
0.280400181353491
0.2804113766105434
0.2804257826681155
0.2804352953878972
0.2804452358624647
0.2804538856927908
0.2804615541729659
0.2804690875018438
0.2804769888580285
0.2804863853437599
0.2804978309240936
0.2805089994260309
0.2805187579676797
0.2805286607426299
0.2805394905094958
0.2805521565998442
0.2805675292523446
0.2805827260639064
0.2805967063480178
0.2806110042910733
0.2806286277766055
0.2806449856379039
0.2806590255319348
0.2806734741584045
0.2806917530853176
0.2807156693039939
0.2807355644738375
0.2807556815463485
0.2807793501313919
0.2808077952055117
0.280849036683848
0.2808572968023765
0.2808732494341701
0.2808854011236218
0.2808984391348321
0.2809102628332758
0.2809209781757395
0.2809343833460946
0.2809531591313508
0.2809770638521447
0.2810079041215637
0.2810470950718252
0.2810820869669343
0.2811099100961301
0.281143414831712
0.2811804232196584
0.2812342588969847
0.2812744469618573
0.2813285922447754
0.2813785463413138
0.2814295230919681
0.281484250604316
0.2815505715585284
0.2816347176554785
0.2817483692400791
0.2819118278506143
0.2821710720946795
0.2825992336693114
0.2830781104558756
0.2836113989784451
0.2842446304881515
0.284811223396474
0.2855815764772394
0.286217062418026
0.28677296745714
0.2874653632557881
0.2883214508311299
0.2899
0.2899014825916974
0.2899044477750922
0.2899069659055049
0.2899093774830927
0.2899129539678526
0.2899183421454053
0.2899270225334759
0.2899373946023411
0.2899470242716499
0.289953861736316
0.289959028652537
0.2899634007643966
0.2899675328811895
0.2899721292870009
0.2899769047214841
0.2899807101323327
0.289983890498633
0.2899867988871867
0.2899897386806053
0.2899935251035515
0.2899958850436363
0.2899983062991639
0.29
0.2900014825916974
0.2900029962097701
0.2900051035732767
0.2900070399524287
0.290010388210126
0.2900132733719899
0.2900156234709624
0.290018046977807
0.2900206940543354
0.2900238669847569
0.2900279640589783
0.2900335631425235
0.2900402262227751
0.2900472991731982
0.2900542082903505
0.2900614026204597
0.2900701848016515
0.2900810041680568
0.2900891563812715
0.2900965757025666
0.2901042872963326
0.290112789018962
0.290123187629347
0.2901362065685001
0.2901530713430234
0.2901699162728818
0.2901850612950405
0.2902085859779602
0.2902294663389426
0.2902522957300083
0.2902801276237024
0.2903038976603527
0.2903224440681683
0.2903402064043571
0.2903663251941385
0.2903861195542032
0.2904033303714461
0.2904219853142434
0.2904445275292931
0.2904640343175798
0.2904811248123509
0.2904969483280067
0.2905121760701059
0.2905280047738403
0.2905467248559402
0.2905633144206713
0.2905783482322005
0.290593840833482
0.290607987802316
0.2906214733762633
0.290634878665153
0.2906486416624427
0.2906636699892973
0.2906805836293305
0.2906974664022709
0.2907141412901783
0.2907291798414021
0.2907431186066401
0.2907568595984734
0.2907715883241367
0.290784769731372
0.2908012766133857
0.2908159826564121
0.2908280057243656
0.2908389386919901
0.2908494039224055
0.2908602198062572
0.2908728929364749
0.2908887077912413
0.2909045621856945
0.2909182453289708
0.2909322242403627
0.2909478468375661
0.2909670138958398
0.2909896642291794
0.2910133211530609
0.2910395384341976
0.2910697989443911
0.2911038301729994
0.291135689158326
0.2911652938548231
0.2911959598520763
0.2912297293532505
0.291267424668438
0.291308965995012
0.2913576256414612
0.2914145176573829
0.2914762700344746
0.2915504810742971
0.2916428047648582
0.2917369751691192
0.2918214750472321
0.2919070478491454
0.2920210266616423
0.2921352143957231
0.292226185190925
0.2923212749653424
0.2924300526583318
0.292571954261124
0.2927876424006828
0.293206164069498
0.2938197519231892
0.2945116649127453
0.2946496804880633
0.2949257116386995
0.2950217438799361
0.2951245621174604
0.2952245829954774
0.2953198724792764
0.2954093921610354
0.2955160936640649
0.2956419255358305
0.2958020296101345
0.2960332246277405
0.2964805126769198
0.2972522828891426
0.2983453740293864
0.2999
0.2999081659404864
0.2999244978214591
0.299943340789205
0.2999617110494046
0.2999830884281403
0.3
0.3000081659404863
0.3000177498007141
0.3000290319100226
0.3000466308639396
0.3000645089605462
0.3000829364743405
0.3001116576558363
0.3001388600783907
0.3001642860580149
0.300192822657702
0.3002249912212632
0.3002615074174246
0.3003052917747124
0.3003600232790452
0.3004348090709326
0.3005481983428226
0.3007393951275741
0.3009900111649418
0.3013245074614089
0.3017951896477761
0.30250529250298
0.3034530931631678
0.3045101714302319
0.305459978730158
0.3062675381511897
0.3064326556527954
0.3066860315849332
0.3068188194037332
0.3069421877864187
0.3071034146132348
0.3072737065888663
0.3074070180086209
0.3075383097181308
0.3076790785381715
0.3078359990582173
0.3080210601775479
0.3082658417961028
0.3085735362361372
0.3088538789470102
0.3091257169752077
0.3094068500517394
0.3097090497920204
0.3099
0.3099016717400282
0.3099050152200846
0.3099117021801973
0.309919285017866
0.309927127548932
0.3099373422535968
0.3099489545451004
0.3099629678637719
0.3099780168792105
0.3099890084396053
0.31
0.3100016717400282
0.3100050152200846
0.3100105652661305
0.3100201141321985
0.310029305579838
0.3100392154410753
0.3100506030977785
0.3100637761060565
0.3100788999861572
0.3100922044963474
0.3101045192750987
0.3101174257172121
0.3101350517132829
0.3101516629979971
0.3101646551414128
0.3101775462640849
0.3101913611030303
0.3102078898052069
0.3102284709172798
0.3102566889401596
0.3102954529988295
0.3103143907224203
0.3103402761359426
0.3103596245438919
0.3103744116272227
0.3103906348968736
0.3104048919636137
0.3104203875731312
0.3104355705401266
0.3104520239084627
0.3104724094754114
0.3104975872032481
0.3105247111485334
0.3105475186862864
0.3105677326788718
0.3105876608508077
0.3106113564124934
0.3106281978248216
0.3106462010483769
0.3106620035180123
0.3106763372536691
0.3106905767041611
0.3107057367526317
0.3107247293168531
0.3107422443916403
0.3107608211603315
0.3107783753023324
0.3107965743074153
0.3108169754997517
0.3108419074200485
0.310873075859564
0.3109161778601406
0.3109445039053341
0.3109674174266073
0.3109959697889292
0.3110161673121132
0.3110412230333461
0.3110650542272062
0.3110846491871777
0.3111062299330676
0.3111329252640587
0.3111559817011318
0.3111805384320759
0.3112004580965532
0.3112208076523359
0.3112416083743279
0.3112634130101163
0.3112917421100713
0.3113416204712722
0.3114075658127323
0.3114815372766883
0.3115653807018109
0.3116515488908739
0.31175586255917
0.3118388537693221
0.3119256135333989
0.3119959706345827
0.3120682151761096
0.3121415624594991
0.3122192063740963
0.3123318078460365
0.3124692358687737
0.3126213776030965
0.3127704869062313
0.3129257652447423
0.3131295164183553
0.3133912775319554
0.3138003191017042
0.3142758124138252
0.3148194537926368
0.3154472233463683
0.3161729911600909
0.3170233464188822
0.3180154633941789
0.319095188328735
0.3199
0.3199046610305715
0.3199139830917146
0.3199326272140009
0.3199470540653391
0.3199644681604548
0.3199843905313417
0.3199921952656709
0.32
0.3200046610305716
0.3200099053724269
0.3200203940561376
0.3200346695453037
0.3200478768646208
0.320063582419561
0.320083218369239
0.3201038827100159
0.3201292949022768
0.3201607558883838
0.3201907498646202
0.3202241592140018
0.3202656177965866
0.3203204471582445
0.3204152948731455
0.3206049903029475
0.3208625005283404
0.3213391548694162
0.3222924635515679
0.3240948016140864
0.3260731723513556
0.3282390581467847
0.3299
0.3299099280014061
0.3299297840042184
0.3299480567539416
0.329966848047056
0.329983424023528
0.33
0.3300099280014062
0.3300206749325896
0.3300352963131604
0.3300568736929952
0.3300777533309658
0.3300996052711011
0.3301257675831093
0.3301566915969524
0.3301932465631237
0.3302424706158093
0.3303256611994737
0.3304532883211137
0.3306596337188528
0.3310661795671501
0.3318792712637448
0.3335054546569343
0.3367578214433131
0.3399
0.3399066579798968
0.3399199739396904
0.3399349955647094
0.3399504428716451
0.3399654493170708
0.3399823596091285
0.34
0.3400066579798968
0.3400161136617119
0.3400320782330039
0.3400485707691265
0.3400653233493589
0.3400827602896599
0.3401020150441847
0.3401269588034858
0.3401632165649124
0.3402123051530322
0.3402708579718043
0.3403335190796028
0.3404016573402081
0.3404836759627088
0.3405857656759835
0.3407297880191057
0.3409816648831046
0.3414854186111023
0.342180218247825
0.3435698175212704
0.3463490160681612
0.3499
0.3499083240416369
0.3499249721249106
0.349944492631818
0.3499633182950822
0.3499852888826681
0.35
0.3500083240416369
0.3500190425155993
0.3500337526825199
0.3500536930939523
0.3500744237213072
0.3500972794992337
0.3501252865045343
0.3501602154952961
0.3501962274257016
0.350238283278307
0.3502902273239633
0.3503637158620113
0.3505000157816018
0.3507531901185436
0.3510951515083475
0.3517790742879555
0.3531469198471713
0.3558826109656031
0.3599
0.3599074930429997
0.3599224791289991
0.3599421288204336
0.359960907294017
0.3599833642750715
0.36
0.3600074930429997
0.3600175123254143
0.360034514509621
0.3600551164446824
0.3600737203328643
0.3600955846630696
0.360122588970559
0.3601515223269011
0.3601858863263152
0.3602324400365746
0.3602907378266084
0.3603545039850402
0.360424849896546
0.3605102452596551
0.3606164199608975
0.3607417770015738
0.3608888368674125
0.3610610786555548
0.3612628331627621
0.3614997013956737
0.3617769893972822
0.3621012975371489
0.3624807196366297
0.3629244611038682
0.3634430785051524
0.3640509228424167
0.3647557111774278
0.36559034517647
0.3665760872515628
0.3677938908170989
0.3692318325057053
0.3699
0.3699087550361819
0.3699262651085458
0.3699492385201502
0.3699714959751521
0.3699857479875761
0.37
0.3700087550361819
0.37001964936224
0.3700350734429568
0.3700560174394611
0.3700778899513024
0.3701001340335525
0.3701273573779867
0.3701612503178603
0.3701943976638049
0.3702278959121639
0.3702614643397494
0.3702946853599475
0.3703334038497732
0.3703841953965102
0.3704326559166634
0.3704778395624739
0.3705170023913782
0.3705542829256653
0.370594886878293
0.3706503945107767
0.3707195809363442
0.3707722649586
0.3708251292664618
0.370883710790217
0.370954634790218
0.3710511024109997
0.3711862626593865
0.3714191064195216
0.3718847939397917
0.3727748792301532
0.3743387063426549
0.3769332073977807
0.3799
0.3799041848558748
0.3799125545676245
0.3799292939911238
0.3799415065915783
0.3799544161724274
0.3799694634880655
0.3799850860007973
0.38
0.3800041848558748
0.3800107532135282
0.3800223121235735
0.3800348928757367
0.3800488240205471
0.3800609344693857
0.380072831026142
0.3800866247284237
0.3801080111914071
0.3801262988261866
0.3801429234151635
0.3801616208558755
0.3801829355031004
0.3802107857544468
0.3802355249983735
0.3802569621223644
0.3802763763137798
0.3802943842211947
0.3803123091567867
0.3803316861899061
0.3803426949147174
0.3803546661436255
0.3803647344262457
0.3803737035924577
0.3803832853896873
0.3803958107265037
0.380407604275576
0.3804187075909749
0.3804299002620722
0.3804422934186075
0.380453331297574
0.3804631421325582
0.3804725605175717
0.3804825357732503
0.3804960300600845
0.3805102647549982
0.3805210392145301
0.380531581634084
0.3805429084430239
0.38055573474737
0.3805702332531813
0.3805822138363724
0.3805945407642744
0.3806097606125975
0.3806238177427858
0.3806365997860813
0.3806490273307016
0.3806621978834706
0.3806740756455668
0.380685013402517
0.3806949031910468
0.3807032569131082
0.3807109655458497
0.3807187395658326
0.3807275427907693
0.3807392264242048
0.3807507385322176
0.3807602908534937
0.3807698850159433
0.3807802997573533
0.3807918456765804
0.380803112494324
0.3808147468818099
0.3808285273554098
0.3808439635979235
0.3808610518231296
0.3808775550018879
0.3808942366035986
0.3809122884286572
0.3809335112252579
0.3809394141463742
0.3809512199886068
0.3809598998332532
0.380967786000281
0.3809767175707646
0.3809844572024224
0.380993048711696
0.3810058005253786
0.3810216723382209
0.3810421984086467
0.3810683212231779
0.381101146093611
0.3811280633093328
0.3811574217654606
0.3811808658325734
0.3812059422417755
0.3812560950601798
0.3813038686967434
0.3813391640935588
0.3813756119184134
0.3814153896313037
0.3814619659940142
0.3815250219750353
0.3816190222903454
0.3817503223754548
0.3819307752766711
0.3822048117868806
0.3824291680210817
0.382594745843073
0.3827166898124471
0.3828314636996965
0.3829549632511158
0.383127236847659
0.383286300914785
0.3834653608421887
0.3836733065212387
0.3839852559971217
0.3845177445681466
0.3850781008624873
0.3858160845848609
0.3864105085355821
0.3869575170270665
0.3876367957756484
0.3884955388246656
0.3899
0.3899068850292607
0.3899206550877823
0.389936915938932
0.3899529371328918
0.389971647398988
0.389985823699494
0.39
0.3900068850292608
0.3900159823397933
0.3900292970972984
0.3900483913803655
0.3900661303858288
0.3900879904528402
0.3901130194187656
0.3901419630584623
0.3901714555639831
0.3902067744017804
0.3902469753730294
0.3902916099347656
0.3903419984648037
0.3903847990084409
0.3904433081253085
0.3905094325648557
0.3905825627376706
0.3906352118966021
0.390690378477847
0.3907357586231411
0.3907582958848541
0.3908005576900288
0.3908474236601159
0.3909154868618033
0.3909452564490184
0.3909765282056058
0.3909966911885626
0.3910209686947841
0.3910412278788404
0.39106675185752
0.3910899533543236
0.3911096981473817
0.3911313960467883
0.391158094125176
0.3911939875154836
0.3912209480327441
0.3912428185827923
0.3912536429070846
0.391273978722299
0.3912967152776601
0.3913283261562261
0.3913793685503033
0.3914474424612448
0.3915237892716593
0.3916102131803572
0.3917015493699793
0.3918132138081247
0.3918858875415085
0.3919582005242864
0.3920324221369516
0.3921212564056062
0.3921957839027345
0.392279196035632
0.3924131871598038
0.3925935846872284
0.3927618668632679
0.3929410323537539
0.3931148512646835
0.3933043571606947
0.3935650232700156
0.3938970509224086
0.3943930642445944
0.3949691968645272
0.3956284758601502
0.3963902472682281
0.3972768506401512
0.398290006418049
0.3993934007943463
0.3999
0.3999030105892293
0.3999090317676879
0.3999210741246051
0.3999352868704819
0.3999520714747934
0.3999668171944661
0.3999794185011141
0.399990848478707
0.4
0.4000030105892293
0.4000071268287672
0.400015359307843
0.4000227973830865
0.4000327087243285
0.4000390694057499
0.4000454303601059
0.4000510819209733
0.4000564338738224
0.4000625319112618
0.4000687219843257
0.4000746865196644
0.400080948486118
0.4000875208247807
0.4000945782153278
0.4001021740459922
0.4001097287461723
0.4001171316929824
0.4001224980167037
0.4001272929743029
0.4001318313387844
0.4001363040523834
0.4001413790570474
0.4001472303341595
0.4001527799936209
0.4001582775722091
0.4001641533857351
0.4001707560593576
0.4001785742447268
0.4001842594577652
0.400189198084528
0.4001957521015944
0.4002012668575096
0.4002064408526422
0.4002121503205003
0.4002174220088833
0.4002224301384856
0.4002276466712865
0.4002346279770497
0.4002404768393732
0.4002445853067477
0.4002481942785895
0.400251732119664
0.4002555783826037
0.4002602778054412
0.4002630042712563
0.400266205620839
0.4002687985962973
0.4002724672124964
0.4002752975875294
0.4002780035865094
0.4002814146717898
0.4002860752733216
0.4002923258984941
0.4002992768199098
0.4003064353492354
0.4003138121147169
0.4003221562843676
0.4003318551010007
0.4003392868225805
0.4003451950218278
0.4003506625688747
0.4003561506399106
0.4003622318626184
0.4003695891045967
0.4003800182402042
0.4003903166735341
0.4004007217655837
0.4004105111087349
0.4004199167847642
0.4004288926979009
0.4004402761093013
0.4004525189948743
0.4004666407445353
0.4004839208041477
0.4005037922632016
0.4005223882424304
0.4005407847934345
0.4005563781709996
0.400573539710463
0.4005871479506469
0.4005995480873304
0.4006132424458539
0.4006325035634425
0.4006534683634153
0.4006648928092262
0.4006773293953069
0.4006868642417043
0.4006942358227589
0.4007011781855993
0.4007089096251444
0.4007145952782855
0.4007217622858413
0.4007280353431123
0.4007337238387495
0.4007392462787026
0.4007446848131855
0.4007503681232019
0.400757004220175
0.4007641009537689
0.4007718200030634
0.4007784637042215
0.4007850461774328
0.4007921680527253
0.4008003389759773
0.4008105615404767
0.4008236032821197
0.4008416679380205
0.4008660498074932
0.4008961416331784
0.4009327608817941
0.4009599570294037
0.4009808916657181
0.4009992075845079
0.4010223173463661
0.4010437378412887
0.4010610366513608
0.4010781628121661
0.4010991972201283
0.4011321324919013
0.4011703414740546
0.4012076906510395
0.4012475534787104
0.4012919286884607
0.4013427334615233
0.4014021021624288
0.4014627187356066
0.4015216582291234
0.4015922030508164
0.4016506621539298
0.4017111967654147
0.4017681456485412
0.4018271918651528
0.401850143918854
0.4018739187226902
0.4018968399627159
0.4019242429060716
0.4019462705556764
0.4019705427884197
0.4020054134596431
0.4020480983128309
0.402103559072278
0.4021665248930013
0.4022267202442664
0.402287692050959
0.4023561449689016
0.402456149541678
0.4025567470824563
0.4026390374410619
0.4027239276968735
0.4028189569092234
0.4029340683647481
0.4030751422849237
0.4032252649535941
0.4033899379675969
0.4035663582756817
0.4037650070165374
0.4039766965387653
0.4042513680779859
0.4046046248100087
0.4050948043974261
0.4058201521315155
0.406666994906725
0.4076608332846392
0.4088279092006187
0.4099
0.4099040170512742
0.4099120511538227
0.4099192610695543
0.4099269837897285
0.4099349268894155
0.4099425106653342
0.4099510122916556
0.4099593556455488
0.4099686354390293
0.409978452346879
0.4099883175922598
0.4099941587961299
0.41
0.4100025875740774
0.4100069270194281
0.4100118519889641
0.4100182057927879
0.4100247878988605
0.4100310593871768
0.4100376996421302
0.4100453416272287
0.4100536973190201
0.4100632521597848
0.4100743790101247
0.4100846162320387
0.4100944890440694
0.4101052896870061
0.4101176595377555
0.4101281468517528
0.4101379954616157
0.4101486316973556
0.4101616000573863
0.4101780633743916
0.4101967076487041
0.4102126881686908
0.4102159224525456
0.410222391020255
0.4102353165967312
0.4102492700418429
0.4102602136146058
0.4102683563582344
0.410275775048367
0.4102844335375802
0.4102925437187181
0.4103026305996005
0.410311152592216
0.4103216386603099
0.4103299682003061
0.4103390457248909
0.4103475013040482
0.4103550582051522
0.4103617715925063
0.4103676816818231
0.4103729135276
0.4103776052010507
0.4103818737519768
0.4103858191168867
0.4103895282275273
0.4103930814387519
0.410396562297573
0.4104000724187751
0.4104037615284878
0.4104079130094201
0.4104130461619463
0.4104195379657432
0.4104250728954
0.4104299279230161
0.4104339948705316
0.4104376153666422
0.4104411021053871
0.410444728255396
0.4104490023109319
0.410454006520387
0.4104591397254125
0.4104635937668135
0.4104680802704026
0.4104729780969849
0.4104786353835694
0.4104849666103347
0.41049099654724
0.4104959485016973
0.4105004515795391
0.4105048492197685
0.4105094705993283
0.4105148405506346
0.4105216945258922
0.410529080645189
0.4105361022511398
0.4105430870695497
0.4105501839450164
0.410557741470074
0.4105662567385652
0.4105763532534382
0.4105888962440862
0.4106047607886448
0.4106253842476637
0.4106461202037671
0.4106675922637019
0.4106734401064648
0.4106851357919907
0.4106901854941703
0.4106951051366691
0.4107010766179976
0.4107069838491808
0.4107123189281693
0.4107183693196521
0.4107274371875773
0.4107455729234277
0.410758959370567
0.4107714266069531
0.4107859771762796
0.4108099672842644
0.4108304705554668
0.4108502005432977
0.4108737972525859
0.4109079405326947
0.4109762270929122
0.41104677841634
0.4111112437281607
0.4111739692241211
0.4112382640360763
0.4113149245409726
0.4113744589882331
0.4114378976963178
0.4114898256433761
0.4115333748710939
0.411572846807769
0.4116101909265016
0.4116486826349595
0.4116945048318587
0.4117368107659956
0.411784968082086
0.4118282281756164
0.4118712711540407
0.4119180469534118
0.411971461356498
0.4120375770989564
0.4121204196834356
0.4121970344554013
0.4122885157586275
0.4123689771732806
0.4124413338907068
0.4125146042595166
0.412594420288549
0.4126926490930182
0.4128555814877432
0.4129815343709558
0.4130908462972677
0.4132043501402418
0.413327158068057
0.4134746846135515
0.4136579816839612
0.4139042370564703
0.4142591267069954
0.4148296653892573
0.4155782515332999
0.416441494889272
0.4174547540315861
0.4186461970831029
0.4199
0.4199048775855456
0.4199146327566367
0.4199198412697825
0.419926127307188
0.4199327211419859
0.4199394475835849
0.4199470645267193
0.4199558378494528
0.4199656240872134
0.4199755744780998
0.4199853008670825
0.4199926504335413
0.42
0.420002707112555
0.4200075692001362
0.4200126643654924
0.4200223048405954
0.4200302291808042
0.4200374357273787
0.4200451085082068
0.4200528328140452
0.4200598179625471
0.4200649868086812
0.4200710825119739
0.4200759005349969
0.4200812652086937
0.4200855866957056
0.4200904918555846
0.4200942944834773
0.4200989083937453
0.4201035899265559
0.420108247115442
0.4201127697700467
0.4201170589912043
0.4201210014465037
0.4201244976537011
0.4201275246124633
0.420130130398242
0.4201323928425598
0.4201343906054333
0.4201361920965114
0.4201378541108393
0.4201394248984071
0.420140948941065
0.420142473237721
0.4201440573074045
0.4201457948027432
0.4201478919553158
0.42015110122758
0.420153903380238
0.4201562246370943
0.4201585359254941
0.4201609450475246
0.4201635996965844
0.4201666645642899
0.4201703164950457
0.4201748125869503
0.4201801373849723
0.4201842236919803
0.4201877008444675
0.4201908887569763
0.4201938973803543
0.4201969559353267
0.420200379871731
0.4202048881339138
0.420209587206196
0.4202134484963865
0.4202172175189989
0.4202212434579434
0.4202258505124484
0.4202316534946174
0.4202373096068834
0.4202429887696821
0.420244341665877
0.4202470474582668
0.4202491278731662
0.4202513036497222
0.4202534680461421
0.4202553855732377
0.4202576298406001
0.420260952660203
0.4202668747471317
0.4202728447270427
0.4202788887802502
0.420285372642942
0.4202926142946253
0.4203015768042903
0.4203100226148454
0.4203185071588595
0.4203278601289564
0.4203390723362525
0.4203524294494911
0.4203677106780572
0.420385831744899
0.4204078803740982
0.4204349987082703
0.4204680022601281
0.4205072249919062
0.4205530628644676
0.4206062958719513
0.4206678080628038
0.4207376928502643
0.4208116350350427
0.4208637442189791
0.4208987627894089
0.4209340358203628
0.4209587531670477
0.4209826250538737
0.4210000819294238
0.4210167423053841
0.4210293673133428
0.4210413516953493
0.4210507208387845
0.4210596105105812
0.4210668655603385
0.4210736698791781
0.4210794126975835
0.4210847413758801
0.421091145134499
0.421095717972609
0.4211005001547418
0.4211046278874435
0.4211082179432378
0.4211114675405191
0.4211143981918115
0.4211170002357287
0.421119320992304
0.4211214076567018
0.4211232979240824
0.4211250243259557
0.4211266146808544
0.4211280932704747
0.421129482454
0.421130804118868
0.4211320816470913
0.4211333429431251
0.4211346262657651
0.4211359945852325
0.4211375839451214
0.4211399833570377
0.4211422684591579
0.421144089912408
0.4211458992592617
0.421147834578117
0.4211499808150762
0.4211524331957652
0.4211552928123201
0.4211587146501097
0.4211629415993103
0.4211676322771676
0.4211719798670159
0.4211761408010503
0.4211803549776973
0.4211849914237608
0.4211906038260809
0.4211964393157937
0.4212019959305367
0.4212073529342614
0.4212130295921316
0.4212194556184599
0.4212272117907718
0.4212346110526593
0.4212361921216573
0.4212392381982877
0.421241441894659
0.4212438408376808
0.421246010934678
0.421247999835519
0.4212503741900019
0.4212538553719795
0.4212607772246072
0.4212695036122913
0.4212807191673411
0.4212932832080058
0.4213069754492248
0.4213221278908613
0.4213391337760208
0.421358607694744
0.4213812811346075
0.4214086964918738
0.4214418267701097
0.4214841614342633
0.4215410974267321
0.4216239135288042
0.4217614777304021
0.4219759021649842
0.4222943948926983
0.4227042850252185
0.4232549677841341
0.4240808743055139
0.4244910075636724
0.4248858144258199
0.4253970659618728
0.4258115834929311
0.426202214330598
0.4267232957804356
0.4277654586801108
0.4291185894735031
0.4299
0.4299034306516961
0.4299102919550883
0.429917647928888
0.429925187620949
0.4299330551407093
0.4299432938992991
0.4299546191938057
0.4299630816260999
0.4299713542410664
0.4299806138649881
0.4299903069324941
0.43
0.4300034306516961
0.4300084269756151
0.4300135920672059
0.4300183950062673
0.4300242701366113
0.4300305245088879
0.4300371039815866
0.4300429627367676
0.4300488802571167
0.4300553678330334
0.4300629294296922
0.4300724133767324
0.4300820378456318
0.4300910954051018
0.4301003518330394
0.4301116111269459
0.4301197426227141
0.4301281462396927
0.4301354358703281
0.4301419626642803
0.4301483389773068
0.4301549735993787
0.4301628312796336
0.4301709105333525
0.4301797961887097
0.4301876826614337
0.4301956115996343
0.4302042598562787
0.4302145225562891
0.4302270158125495
0.430243627216144
0.4302671451458441
0.4303036284183882
0.4303508754240644
0.4304110853392876
0.4304941388435527
0.4305910973459944
0.4306779228575184
0.430742320624724
0.4307760156357675
0.4307854098367796
0.4308041982388038
0.4308171301343719
0.430831357007697
0.4308422238816456
0.4308502717880718
0.4308574278482344
0.4308638675781211
0.4308702349043808
0.4308776655029979
0.4308820259565527
0.4308870773090199
0.4308912738969529
0.4308948838331744
0.4308985168957998
0.4309024614856602
0.4309074133935231
0.4309123317329437
0.4309167069594396
0.4309211693107893
0.4309259949604266
0.4309316238285616
0.4309378007728926
0.4309436271944208
0.4309496640013304
0.4309563053491886
0.4309642454409637
0.4309738502150237
0.4309865431405887
0.4310042521324991
0.4310200642688835
0.4310335742276095
0.4310361368325753
0.4310410038616887
0.4310449728027872
0.4310469302024103
0.4310503975206491
0.4310539223000652
0.4310586030087141
0.4310654524746759
0.431078974249433
0.4310953355674358
0.4311140777948354
0.4311387470303986
0.4311561893418043
0.4311740332624305
0.4311958079817928
0.4312287043355762
0.431294497043143
0.4313950268538641
0.4315406490368706
0.4316332963171141
0.4317300166155967
0.4318152465761301
0.4319285626706552
0.4320274152930867
0.4321145387587919
0.4322155714713231
0.4323576223464863
0.4325964361622656
0.4330740637938242
0.4336791157786415
0.4343800689427744
0.435189226656925
0.4361379573802808
0.4372575741871658
0.4386637324169733
0.4399
0.4399022963737145
0.4399068891211434
0.4399160746160012
0.4399250754500517
0.4399345599856333
0.4399435475573398
0.439953253481827
0.4399658229942359
0.4399774636324391
0.4399887465252468
0.44
0.4400022963737145
0.4400068891211434
0.440013430987496
0.4400235733271317
0.4400341441066951
0.4400455439686574
0.4400586029273444
0.4400727561209847
0.4400883185013649
0.4401067216745447
0.4401294158767562
0.4401532250347692
0.4401762700988114
0.4402011291529966
0.4402305021849032
0.4402667589292512
0.4403173421249557
0.4403915109811761
0.440485375405462
0.4406046284597331
0.4407545841684518
0.4409712293541851
0.4412306505175043
0.441633573297163
0.442214098538454
0.4431196829875402
0.4446988616382317
0.4465773513051059
0.448926759483059
0.4499
0.4499033493234514
0.4499100479703544
0.4499234452641603
0.4499364934592904
0.4499510006693874
0.4499704055724001
0.4499852027862
0.45
0.4500033493234515
0.4500100479703544
0.4500176423302318
0.4500307494089069
0.4500447040175924
0.4500558296500303
0.4500653260988159
0.4500741304274641
0.4500832989878051
0.4500962593677793
0.4501077389256971
0.4501165146010143
0.4501249979973676
0.4501336730759324
0.4501424647504291
0.4501501831462387
0.4501563100679234
0.4501618054586213
0.4501680572080438
0.4501737950745234
0.4501798719666485
0.4501857293891746
0.4501919047680519
0.4501991833649193
0.450207808510013
0.4502192102146415
0.4502354645117221
0.4502516805505353
0.4502638570194729
0.4502737905813783
0.4502828085627839
0.4502921270642051
0.4503058628150323
0.4503164076239504
0.4503243206450314
0.4503314957305635
0.450338171539945
0.4503448245057277
0.4503521425677391
0.4503620827912542
0.4503731346977237
0.4503813565575601
0.4503893328511224
0.4503978766180052
0.4504077285762903
0.4504202597171759
0.4504374682996358
0.4504613293980113
0.45048805405576
0.4505157455639924
0.4505451240155007
0.4505769829258727
0.4506131484865525
0.4506246866556828
0.450639840872635
0.4506523174607474
0.4506654087990169
0.4506784361643321
0.4506889856805197
0.4507003428205098
0.4507146772310846
0.4507227916014623
0.450731617962514
0.4507390609577823
0.4507467847670072
0.4507546546402496
0.4507629292865227
0.4507735395924682
0.4507911047370076
0.4508194717394865
0.4508405878902526
0.4508582739437205
0.4508766313730311
0.4508950774117302
0.4509112060673112
0.4509269717374706
0.4509442042438307
0.4509598180194572
0.450975601210349
0.4509936699447211
0.4510167076081265
0.4510375943257546
0.451056083235441
0.4510741619401298
0.4510831896832158
0.4510923070705384
0.4511000216620651
0.4511073586744742
0.4511190465583512
0.4511278503876759
0.451135496247406
0.451143845450565
0.4511535866823155
0.4511672038817054
0.4511788016235316
0.4511886897082971
0.4511980586133157
0.4512079073745083
0.451217456881263
0.4512279603380369
0.4512360308689637
0.4512430413504685
0.451249731100978
0.4512564795740923
0.4512641541282597
0.4512761013484847
0.4512861793445253
0.4512944266812708
0.4513028452549372
0.4513119591360666
0.451323105442204
0.4513371147462348
0.4513566671133911
0.4513861551901365
0.4514393892078308
0.4515164850519975
0.4516154684768682
0.451726716790756
0.4517511429369903
0.451799995229459
0.4518112087847115
0.4518336358952165
0.4518379830810482
0.4518466774527115
0.4518557581292599
0.4518627129720958
0.4518678758634451
0.4518734806601072
0.4518807927683988
0.4518870998316124
0.4518911665443559
0.4518956906484518
0.451899111775139
0.4519027531033831
0.4519064717567717
0.4519102618550127
0.4519150960819189
0.4519229403409545
0.4519386288590257
0.4519594893295814
0.4519817234312936
0.4520064214008233
0.4520343052837303
0.4520662426010143
0.4521033733862058
0.4521467752741754
0.4521548223983443
0.4521709166466821
0.4521750559001504
0.4521833344070869
0.4521931783096241
0.4522009784210735
0.4522076000787546
0.4522159659250527
0.4522233804561534
0.4522313269451017
0.4522358563173601
0.4522408021795028
0.4522448986282233
0.4522491059948112
0.4522534104139626
0.4522578946389013
0.4522636471131187
0.4522730392762073
0.4522918236023846
0.452312910768315
0.4523360791271393
0.4523624032829314
0.4523923834814081
0.4524271077055555
0.452467667248844
0.4525150151245908
0.4525701868742201
0.4526343635580735
0.4527090556593227
0.4527960424695666
0.4528974029693792
0.4530155590862443
0.4530715807457982
0.4531301325576226
0.4531800998545147
0.4532291606807335
0.4532918581982605
0.4533457111167526
0.4533961022956366
0.4534512543246154
0.4535207769141176
0.4535853299574721
0.4536428082000973
0.4537000727657294
0.4537725359521516
0.4538169716414699
0.4538610438093902
0.4539015821288271
0.4539407210924256
0.453984441913011
0.4540448782708045
0.454113576840203
0.4541663343321932
0.4542188370177457
0.4542758669281918
0.4543447908615342
0.4544319333106205
0.4545563055619897
0.4547628400093666
0.4550858084263778
0.4556181066600003
0.4562207367056607
0.4568245165746349
0.4575981463746807
0.4582226213654177
0.4587869924754141
0.459480192299542
0.4599
0.4599060708298611
0.4599182124895834
0.459942495809028
0.4599606464650609
0.4599820892804853
0.46
0.4600060708298612
0.460015745884198
0.460026909778289
0.4600447651142869
0.4600619104621296
0.460081823173532
0.4601067010539092
0.4601304952250699
0.4601524062689572
0.4601747602059476
0.4602019650464966
0.4602255082794808
0.4602490429619404
0.4602715185856747
0.4602949161600005
0.4603212666544606
0.4603504434174046
0.4603762703037697
0.4603954809565338
0.4604118868173362
0.4604305641842494
0.4604479655196849
0.4604651589635099
0.4604823787423419
0.460501313426706
0.4605246574530215
0.4605541832052163
0.4605905369670941
0.4606199820802466
0.4606445043888187
0.4606673220256329
0.4606913042569849
0.4607117301217815
0.4607361579691552
0.4607555419506923
0.4607724811456627
0.4607889081994392
0.4608057114795666
0.4608251969701387
0.4608592086223094
0.4608832648411167
0.4609035943823581
0.4609248856806825
0.4609482409952358
0.4609775133565466
0.4610155990460619
0.4610705103378053
0.4611576262289833
0.4613204849933804
0.4614693636574093
0.4616169383096898
0.4617600090385341
0.4619028145946285
0.4620391298616684
0.4622081144397908
0.4624187559433557
0.4628327273707514
0.463332709916573
0.46389814204976
0.4645524390552107
0.4653095522842843
0.4661992365061371
0.467259842633776
0.4685400561879858
0.4699
0.4699063697446696
0.469919109234009
0.4699360453163591
0.4699537597227972
0.4699680992301063
0.4699823494886529
0.4699911747443265
0.47
0.4700063697446697
0.4700138209624905
0.470023344710781
0.4700346498570853
0.4700483354808837
0.4700638636481756
0.4700787954235333
0.470093976834385
0.4701108649622334
0.4701323638734096
0.4701640705672567
0.4702186465749912
0.4703013235184819
0.470418011019383
0.4705560103851552
0.4707485218539571
0.4710406956496884
0.4716250432411509
0.4726878766682899
0.4747286659853357
0.4788102446194273
0.4799
0.4799076291228202
0.4799228873684606
0.4799399107887072
0.4799571759811577
0.4799747703556067
0.4799873851778034
0.48
0.4800076291228202
0.4800171139615058
0.480030541901278
0.4800484222557084
0.4800666967146183
0.4800871119251729
0.4801081857480282
0.4801339038244926
0.4801661434048519
0.4802029463423359
0.4802486043413168
0.480313997183233
0.4803907921145491
0.4804808708985754
0.4805881016611044
0.4807141478689824
0.4808558437840299
0.4810143506580695
0.4811961350018956
0.4814039023338442
0.4816579361489001
0.4819773004404772
0.4824190993263288
0.4831451013200936
0.4845971053076232
0.4868345262388652
0.4899
0.4899105811132128
0.4899317433396383
0.4899658716698192
0.4899829358349096
0.49
0.4900105811132128
0.4900221679179272
0.4900396893191699
0.4900647750362581
0.4900879806779601
0.4901165274160178
0.4901477439800088
0.4901845780358562
0.4902343584768532
0.4902864671584499
0.4903473844500729
0.4904220798518395
0.4905249424183762
0.4907000537205696
0.4910502763249564
0.4915360660176617
0.492185424563957
0.4931651319241265
0.4945206251147035
0.4972316114958576
0.4999
0.4999079710759918
0.4999239132279753
0.4999459113490232
0.49996691536716
0.49998345768358
0.5
0.5000079710759918
0.5000181082477486
0.5000335308139561
0.5000530072971736
0.5000728560936271
0.5000937341795015
0.5001146929907503
0.5001331735337928
0.5001497036543064
0.5001668135623305
0.5001880803403486
0.5002104212233439
0.5002340848399409
0.5002571987666294
0.5002821997774078
0.5003121458048025
0.5003495054088708
0.5004023755148875
0.5004869612710989
0.5006561327835217
0.5009302821385839
0.5014304805193244
0.5024308772808053
0.504431670803767
0.5084332578496906
0.5099
0.5099036100851839
0.5099108302555517
0.5099252705962873
0.5099404264387908
0.5099515925606275
0.5099624750038897
0.5099740233401945
0.5099877641024831
0.5099938820512415
0.51
0.5100036100851839
0.5100074449210004
0.5100149811135625
0.510024102096189
0.5100343374890528
0.5100462793105881
0.5100576123527124
0.5100698123809908
0.510084472670167
0.5101045393161096
0.5101307428055187
0.5101554954697349
0.5101827611988116
0.5102144231803841
0.5102443530004795
0.5102658049631978
0.5102824040629893
0.5102966659843479
0.5103100191269287
0.5103242451917219
0.5103437635805217
0.5103633306497916
0.5103776413294007
0.5103903778697383
0.5104018847670199
0.510412041845175
0.5104212279994614
0.5104299608571289
0.5104390580590503
0.5104505969019683
0.5104605356999824
0.510470406380618
0.5104798373043281
0.5104895945775532
0.5105004831313408
0.5105136220259655
0.5105289942713777
0.5105447603222363
0.5105594078429643
0.5105735926777458
0.5105886497056668
0.5106000719393985
0.5106142285624897
0.5106246075538216
0.5106330920060831
0.510641271928562
0.5106499286362491
0.510661702792383
0.5106752985583068
0.5106852642289804
0.5106953317698955
0.5107064165011281
0.510718032743041
0.510732956497071
0.5107530814669667
0.5107809385052318
0.5108195468284695
0.5108505951300223
0.5108769288607018
0.5109034125972842
0.5109316125747835
0.5109638445954875
0.5110030532418822
0.5110513678723537
0.5111150753827115
0.511195621273286
0.5112931658992151
0.5114260312120603
0.5116354961657277
0.5118975550766138
0.5121972335783714
0.5125426183036838
0.5129423672256226
0.5134091410694872
0.5139584182385668
0.5146078863334183
0.5153796835619137
0.5163075268751461
0.5174102188778951
0.5187000697799748
0.5199
0.5199098576956577
0.519929573086973
0.5199557321471725
0.5199809800099442
0.52
0.5200098576956577
0.5200213326822247
0.5200397710441078
0.5200660316744018
0.5200904736473111
0.5201167129055796
0.5201468245814378
0.5201820062800699
0.5202241490897478
0.5202749564781946
0.5203367643643396
0.5204068416625093
0.5204855584352865
0.5205734684106024
0.5206733483241105
0.520788968000824
0.520925819875089
0.521096411381048
0.5213256978845002
0.5217114177751708
0.522482857556512
0.5233774241707041
0.5243079205020955
0.525430092345341
0.5268950892720585
0.5291991890139083
0.5299
0.5299039037992486
0.5299117113977456
0.5299273265947397
0.5299421761723332
0.529958637691666
0.5299785164761279
0.53
0.5300039037992486
0.5300117113977456
0.5300252107812533
0.5300401286764095
0.5300551124648607
0.5300733441256684
0.5300956889671857
0.5301197371442594
0.5301499180371761
0.5301912391932568
0.5302376084603312
0.5302901159134378
0.5303498701771203
0.530411577689811
0.5304604076294923
0.5305012045283103
0.5305387290603196
0.5305767948977244
0.530624752231996
0.5306569053019992
0.5306910795056006
0.5307202673624289
0.5307451147602239
0.5307682515304385
0.5307912355781428
0.5308172665321876
0.53084584546251
0.5308762114162289
0.5309024407201031
0.5309287891521454
0.5309576509223823
0.5309914229542888
0.5310298019358094
0.5310702083322417
0.5311198502425547
0.5311571021324275
0.5311862047269571
0.5312134730846135
0.5312414001152035
0.5312752869956018
0.5313302284711601
0.5313692021948774
0.5314045970213712
0.5314425528888003
0.5314854259057205
0.5315399567014824
0.5316150524974188
0.5316868865180723
0.531765432054782
0.5318431578274807
0.5319283565484108
0.5320055176219718
0.5320857301698826
0.5321765051936101
0.5322904368750793
0.5324001202683618
0.5324986005494386
0.5325981194724412
0.532692089483534
0.5327923716160667
0.5328678559272112
0.5329356088915836
0.533005911230326
0.5330901172484619
0.5331825015868542
0.5332810784760844
0.5333720979447336
0.5334671012810503
0.5335740855091234
0.5337057777696365
0.5338745619478301
0.534115271389735
0.5344936562717615
0.5351912062458877
0.5360745699947638
0.5370659938294208
0.5382083836827026
0.5395461755033422
0.5398999999999999
0.5399153761078326
0.5399461283234979
0.5399783213690234
0.54
0.5400153761078327
0.5400325872941034
0.5400491343721681
0.5400822285282973
0.5401158060308765
0.5401540471001671
0.540197348699901
0.5402384817935841
0.5402770231412698
0.5403173613551685
0.5403713769157344
0.5404247796351944
0.5404656294450687
0.5405058105574019
0.5405487540474047
0.5405998536749558
0.5406523481342489
0.540693784576832
0.5407269618283816
0.5407602739332386
0.5407944834051882
0.5408307367795031
0.5408639421776029
0.5408990586460741
0.5409412857339216
0.5409924552841894
0.5410446206062702
0.5410936631097993
0.5411389882261151
0.5411820261346281
0.5412297833471474
0.5412604876866822
0.5413006114821894
0.5413348769876647
0.541365467217593
0.5413964511217313
0.5414302380841274
0.5414754667953525
0.5415325764039399
0.5415739035152918
0.5416139225435441
0.5416570894904827
0.5417082574579095
0.5417693731861946
0.5418240766436168
0.5418763734463137
0.5419320307439142
0.5420021164735964
0.5420934245910705
0.542167103748631
0.542238188755693
0.542316298614194
0.5424074225906619
0.5425263166013232
0.5426718913988534
0.5428111372528982
0.5429558716668025
0.5431145481879224
0.5432999695168068
0.5435218632467976
0.5438109949081803
0.5442160542735784
0.5448473555119965
0.545674819101812
0.5466401586014488
0.5477595181201538
0.5491327660038763
0.5498999999999999
0.5499086835470461
0.5499260506411385
0.5499474882561649
0.5499706771915716
0.5499877528392365
0.55
0.5500086835470462
0.550017650858116
0.5500280862996908
0.5500408100132462
0.5500533432082783
0.5500657100254932
0.550080378087885
0.5501016089831471
0.5501197725358631
0.5501368613169827
0.550156264584717
0.5501788750155697
0.550210028932261
0.5502586938576605
0.550309717352476
0.5503678507439702
0.5504350974943006
0.5505125591393994
0.5505935661576224
0.5506807916877939
0.550779446315504
0.5508906679325409
0.5510143708627404
0.5511648227309716
0.5513641257575137
0.5516634505177338
0.5522414532011843
0.5533828216018007
0.5550806752901469
0.558099261327136
0.5599
0.5599063335379875
0.5599190006139625
0.5599320887183213
0.5599464428651167
0.5599591869023113
0.5599722501970301
0.5599875265601777
0.56
0.5600063335379876
0.5600144628935346
0.5600254971008949
0.5600393064142304
0.560053316233314
0.560067180811311
0.5600820129941463
0.5601000391344598
0.5601188137811984
0.5601408946125583
0.5601652838285123
0.5601931127457455
0.5602209204107772
0.5602517889167794
0.5602865233702524
0.5603243508940872
0.5603661945127225
0.5604137766696188
0.5604726485546414
0.5605513553753458
0.5606595434916347
0.5607825011039244
0.560919586970828
0.5610751036566909
0.5612536641734853
0.5614611245640457
0.5617201917030841
0.5620597194749075
0.562561894094529
0.5635105604186111
0.5648817554797351
0.5668487624179936
0.5699
0.5699228420660503
0.5699685261981509
0.5700000000000001
0.5700228420660504
0.5700409644358063
0.5700663834976499
0.570099516521647
0.5701369629152891
0.5701715875437374
0.5702028884451736
0.57023355991779
0.5702686147543997
0.5703283733326896
0.5703771787097709
0.570421027712153
0.570470640939234
0.5705274123254982
0.5706048427333859
0.5707280530350123
0.5709744736382651
0.5713138341326777
0.571732485837386
0.57230153076133
0.5731864329655492
0.5749042727239231
0.5778149715083769
0.5799
0.5799094758290031
0.5799284274870093
0.5799508842324094
0.5799726983947918
0.5799863491973959
0.58
0.5800094758290031
0.5800212919153758
0.5800367372067758
0.5800596740435918
0.5800843884436605
0.5801100386303395
0.5801419155230452
0.5801836274189474
0.5802312962168373
0.5802856527792851
0.580348090880195
0.5804242601613556
0.5805074399699771
0.5806013672068867
0.5807061753204456
0.5808291227127629
0.5809786144041543
0.5811705396056511
0.5813957974317747
0.5816570253532539
0.5819273888172884
0.5821919808485622
0.5824605614106811
0.5827588210727759
0.58320781749935
0.5835843918381386
0.5838881619185223
0.5841965369332924
0.5845298002202922
0.5849014165683489
0.5853055186852044
0.585846183856291
0.5866233680266909
0.5872003704405163
0.5877973954811757
0.5884839317825992
0.5893714898472036
0.5899
0.5899093969215379
0.5899281907646137
0.5899551183581205
0.5899759091242672
0.5899879545621336
0.59
0.5900093969215379
0.5900182890287565
0.5900305663432264
0.5900434760013086
0.5900606315668007
0.5900826637645115
0.5901011735413564
0.590116515696751
0.5901307319393281
0.5901431923100231
0.5901538042045881
0.5901640379557178
0.5901769492639162
0.5901923853104218
0.590203962116249
0.5902156424127057
0.5902286289643833
0.590244575561611
0.590264153874643
0.5902814597701329
0.5902973050762176
0.5903134743345091
0.5903337538819027
0.5903477750381412
0.5903620064472066
0.590374758479992
0.5903864425487018
0.5903980622657762
0.5904103719063412
0.5904253718915232
0.5904391954772132
0.5904547757733004
0.590469103345249
0.5904836522522524
0.5904996974376145
0.5905188591471736
0.5905423702469201
0.5905739244756716
0.590619320055454
0.5906918934275766
0.5908326957789918
0.5911143004818222
0.5915906955453174
0.5922493295547756
0.5929716662126439
0.5936839187450379
0.5944556170293909
0.595331958615894
0.5963662460796058
0.5976218568493922
0.5991695594788047
0.5999
0.5999104046430958
0.5999312139292873
0.5999656069646436
0.5999828034823218
0.6
0.6000104046430957
0.6000214020127829
0.600039264174823
0.6000630965367363
0.6000848620808775
0.6001104306306807
0.6001410706655379
0.6001738614013664
0.6002136938742992
0.6002719975058881
0.6003508228528353
0.6004380343787687
0.6005361500738489
0.6006480989177072
0.6007761836533007
0.6009269750012384
0.6011038239809886
0.6013016649006315
0.6015285740204743
0.6017837721392079
0.6020676878266873
0.6024052036715407
0.6028162013194781
0.603357855559896
0.6041673549416061
0.6057336689084345
0.6085704158562023
0.6099
0.6099247604821968
0.6099623802410984
0.61
0.6100247604821968
0.6100448552287291
0.6100736805354299
0.6101140666663978
0.6101526720016501
0.6101987894781964
0.6102494939455734
0.6103077657000262
0.6103863699974278
0.6105157225928728
0.6106649272279424
0.61084832466526
0.6110564835626185
0.6112825273895667
0.6115295557992005
0.6117955659258753
0.6120775435059737
0.6123802530847422
0.612727950853791
0.613099731398242
0.6134757580698037
0.6137984641348405
0.6141204148827091
0.6144691034947489
0.6148839825215032
0.6153488681556113
0.6157758349617011
0.6161973297935464
0.6165483831584728
0.6168855555730286
0.6172800139562115
0.6175643404635304
0.6177965886906173
0.6180396422667371
0.6183605826652854
0.6187725217422041
0.6190959675233308
0.6194286779110827
0.6198068615620788
0.6199
0.6199051789884493
0.619915536965348
0.6199298145030957
0.6199443475339538
0.6199563183908409
0.6199684224086506
0.6199820661126955
0.6199910330563477
0.62
0.6200051789884493
0.6200119711462343
0.6200214344249995
0.6200334034690161
0.6200459597603729
0.6200589806420604
0.6200724027653485
0.6200879789209467
0.6201083505676466
0.6201379108550299
0.6201725741449262
0.6202128769444561
0.6202452198365113
0.6202700165589143
0.620291180168263
0.6203109245970874
0.6203320058367728
0.6203628472910869
0.6203887755782146
0.6204082492886637
0.6204254154275842
0.6204404619627244
0.6204539510786542
0.6204668877412812
0.6204805700869243
0.620498755700454
0.6205186865921344
0.6205334681732644
0.6205478137973959
0.6205631836097326
0.6205809317342859
0.6206037052185653
0.6206257010879969
0.6206481471276637
0.6206747707581459
0.6207001727675036
0.6207187893385224
0.6207347709304875
0.6207500253514859
0.6207659680601795
0.6207857623065869
0.6208150424085752
0.6208362546202221
0.620855566521256
0.6208762923896414
0.6208996047675815
0.6209291800345059
0.6209680299223691
0.6210243059456755
0.6211138342897711
0.621216547092729
0.6213273626651721
0.6214511239770474
0.6215963827064198
0.6217720416942556
0.6220015663542167
0.6221913725451812
0.6223506633881765
0.6224973192130583
0.6226410514310451
0.6228010392253244
0.6230437410058924
0.6232535652779997
0.6234254404331329
0.623600841579436
0.6237922609482389
0.6239718307290243
0.6241454930155964
0.624338902529444
0.6245990250259856
0.6248918199400456
0.6251432817297771
0.6254060428036555
0.6257049782229743
0.6260762057077797
0.6264639830116722
0.6268375729191337
0.6273080771646133
0.6278933702453845
0.6287779221476659
0.6299
0.6299090837567726
0.6299272512703177
0.6299483439240724
0.6299682300713689
0.6299841150356844
0.63
0.6300090837567726
0.6300195339861026
0.6300303896662823
0.6300511593247465
0.6300715908204242
0.6300936168010426
0.6301135125077642
0.6301319576156788
0.6301515114359098
0.630174182476627
0.630198715172627
0.6302183188206573
0.6302375268378285
0.6302582286099195
0.6302815225478561
0.6303048411850835
0.6303228618659154
0.6303369336238005
0.630350822231934
0.6303662075452874
0.6303818356939539
0.6303958923861821
0.6304108454288644
0.6304280663817234
0.63045000089666
0.6304811396550482
0.6305088764745838
0.6305310447549501
0.6305505911662426
0.6305695214490071
0.6305918706852056
0.6306080091879259
0.630625464152683
0.6306407754055792
0.6306546657439832
0.6306684011342276
0.630682826491171
0.6307001741636348
0.6307170788069757
0.6307359226339939
0.6307529928350889
0.6307702832042259
0.6307892946548933
0.6308120421341517
0.630839960979106
0.6308776260409923
0.6309321506449231
0.631020419039166
0.6311437098722874
0.6312992667752214
0.6314491023333532
0.631586506222781
0.6317207204940645
0.6318545618256279
0.6320144996612328
0.6322171326060545
0.6325930879240639
0.633054867082371
0.6335768903981189
0.6341796232833917
0.6348763690961003
0.6356925334213187
0.6366610231973147
0.6378178884633949
0.6392388300294995
0.6399
0.6399129410057994
0.6399388230173982
0.6399694115086991
0.6399847057543495
0.64
0.6400129410057994
0.6400274233497898
0.640044822946217
0.6400709330623126
0.6401016712678808
0.640132678809923
0.6401666896658087
0.6402054418022272
0.6402519191643561
0.6403016560196425
0.6403535881333464
0.640415664658197
0.64048288605537
0.6405638133780048
0.6406714614406237
0.6408373059823352
0.6411218089985208
0.641587872384599
0.6422996953389882
0.6435649301083182
0.646095399646978
0.6499
0.6499088638805957
0.6499265916417869
0.6499505465446096
0.6499731297463132
0.6499865648731566
0.65
0.6500088638805956
0.6500185915433045
0.6500340451759802
0.6500582228304906
0.6500826912423324
0.6501086313754785
0.6501383219797466
0.650172727962316
0.6502133088303373
0.6502613264073047
0.6503179878638284
0.6503847031391382
0.6504631464789944
0.6505553404395323
0.650663715438642
0.6507911746745236
0.6509399535569746
0.6511155668329411
0.651323506460017
0.6514162022379597
0.651511631383959
0.6515960290221063
0.6516742789664376
0.6517660331452588
0.6519014318256202
0.6520043774395882
0.6520968182037741
0.6521954350973317
0.65230764065733
0.6524148093462376
0.6525019657754808
0.6525851461948786
0.6526759696905896
0.6528028907230322
0.6529497076822415
0.6530657425889003
0.6531839459908542
0.6533160587112478
0.6534792813733095
0.6536936555741999
0.6540138581755367
0.6545068578985321
0.6551183948069774
0.655846961615585
0.6567164694749321
0.6577997488607626
0.6591370469806948
0.6599
0.6599068871712873
0.6599206615138619
0.659948210199011
0.6599686302592825
0.6599843151296413
0.66
0.6600068871712873
0.6600154114437103
0.6600275790962066
0.6600475154287044
0.6600619340442809
0.6600749847511284
0.6600892520658287
0.6601081143156927
0.6601299225918295
0.6601486693936461
0.6601665000834
0.6601821090524993
0.660197681852577
0.6602162944717244
0.6602384456882604
0.6602612965693865
0.6602827109394837
0.6603055827760865
0.6603326227535357
0.6603658627639067
0.6604123476430235
0.6604689082012385
0.6605392113643829
0.6606176451970956
0.6607005237763877
0.6607911290956374
0.660896333105887
0.6610197890277829
0.6611761112429867
0.6613752698444221
0.661601388913632
0.6618558003719314
0.6621596525265163
0.6625308218678849
0.6630211906284873
0.6635606509276876
0.6640609072647354
0.664607272471287
0.6651385782347243
0.6656340237182118
0.6662308833926958
0.6669615163821161
0.6682104986902982
0.6698999999999999
0.6699064708497016
0.6699194125491048
0.6699452959479113
0.6699644994365488
0.6699822497182744
0.67
0.6700064708497017
0.6700159557094733
0.6700325502147254
0.6700498596347704
0.6700675018696911
0.6700876823792717
0.6701089582182072
0.6701341471427634
0.6701670852659872
0.670201818385123
0.6702293799196766
0.6702556242635962
0.6702850130897577
0.670319953555501
0.6703584765737528
0.6703963135255154
0.6704364759444892
0.6704845263116055
0.6705405041877914
0.6705969871995724
0.6706592579881436
0.6707311893518314
0.6708181907766181
0.6709327857193056
0.6710973170168654
0.6713687566249836
0.6718216640991694
0.6724289775686729
0.6732547423291797
0.6743101109291649
0.6756392851963561
0.6774767140978816
0.6799
0.6799068644646393
0.6799205933939181
0.6799391461251568
0.6799568942094619
0.6799774052380986
0.68
0.6800068644646394
0.6800166672963661
0.6800338423503117
0.6800537892929628
0.6800715747070838
0.6800917349629602
0.6801168529211287
0.6801457934292339
0.6801771709506033
0.6802143666089323
0.6802633565642978
0.6803335442493241
0.6804138450054417
0.6805054445759205
0.6806076680950129
0.6807309007491955
0.6808672863357521
0.6810232915013766
0.6812246562348679
0.6815003949769376
0.6819575678082938
0.6826851116804263
0.6837841914368631
0.6853702826130174
0.6868268514816861
0.6881810777307349
0.6893756860984303
0.6899
0.6899173631422416
0.6899520894267249
0.6900000000000001
0.6900173631422417
0.6900409925327804
0.6900678764537957
0.6901088362839745
0.6901592336257434
0.6902132801590347
0.6902791340862507
0.6903489321151343
0.6904270557351407
0.6905173505755411
0.6906256571252851
0.6907491552479877
0.6908866779010655
0.6910418980845903
0.6912297421182566
0.691466022985264
0.6917514699083094
0.6920977040891511
0.6925157800319882
0.6930301745018107
0.6937204931295721
0.6946749820624896
0.6961420742715068
0.6988743970938456
0.6999
0.6999101307664355
0.6999303922993065
0.6999709153650486
0.7000000000000001
0.7000101307664356
0.7000261768448217
0.700047992854479
0.700074710498897
0.7001028161352063
0.7001376068668851
0.7001752366814697
0.7002233022778857
0.7002916565250841
0.7003672958143474
0.7004518721538896
0.7005485146607013
0.7006596894749515
0.7007890288627814
0.7009401631518536
0.7011169302193239
0.7013237573160829
0.7015628116510622
0.7018367874976927
0.7021520286527109
0.7025120047026133
0.7029210790147258
0.7033930525819797
0.7039307071553651
0.7045775361865956
0.7053634163308553
0.7063816197597497
0.7078479819508788
0.7099
0.7099163041621808
0.7099489124865423
0.71
0.7100163041621808
0.7100327507800499
0.7100557394280622
0.7100908566170564
0.7101225567215451
0.7101562555712233
0.7101953251412375
0.7102419874979831
0.7102991945976185
0.7103653766999941
0.7104384238620791
0.7105191115065419
0.7106176658259034
0.7107401762848442
0.7109093885696149
0.7111858112691826
0.7115263033464754
0.7119455941101107
0.712404541995048
0.7129148894105
0.713494343098989
0.7141588996264084
0.7149320399829526
0.7158699117875194
0.7170275677799373
0.7184020727887396
0.7193939557443897
0.7199
0.719920158872882
0.7199604766186459
0.72
0.720020158872882
0.7200377732570246
0.7200600650824426
0.7200944080465275
0.7201268622168563
0.7201626660109874
0.7202067996133169
0.7202552042214637
0.7203103511652656
0.72037688597377
0.7204658135009757
0.7205574311990584
0.720644903835226
0.720725979311695
0.7208081033008223
0.7209106403014868
0.7209976087925122
0.7210833673990126
0.7211659855508501
0.7212524296703411
0.7213504063146523
0.7214705458220039
0.7216223780713583
0.7217462889633113
0.7218437128347257
0.7219413730929451
0.7220342809230219
0.7221358452531838
0.7222299527794581
0.7223299341515894
0.7224520101138255
0.7225737248044811
0.7226852056016906
0.7228015097215397
0.7228828069258177
0.7229882189843375
0.7230737724612034
0.7231505938851324
0.723231596000806
0.7233290246966934
0.7234347050997064
0.7235476815344035
0.7236524610973311
0.723762191567853
0.7238863096603075
0.7240399252076011
0.724238302594009
0.7245245527109472
0.7249823169016262
0.7256098371529751
0.7263524423061426
0.7274413739883367
0.7284429953686347
0.7293442669832696
0.7299
0.7299128583544587
0.7299385750633762
0.7299704506404099
0.7299852253202049
0.73
0.7300128583544587
0.7300253024511455
0.7300392851721829
0.730059381556229
0.7300825246959516
0.7301084230658629
0.7301402255474954
0.7301575111206533
0.7301750153763406
0.7301904753567042
0.7302049961824628
0.7302223946565205
0.7302499995289111
0.7302693932358895
0.7302876973893733
0.7303077469401241
0.7303257148884931
0.7303434823123498
0.7303629104013719
0.7303880759837941
0.7304125844541748
0.7304370711944038
0.7304608034487841
0.7304859812542043
0.7305147771280969
0.7305503162100008
0.7305978162581815
0.7306623179845015
0.7307499537875595
0.7308155966163924
0.7308672035139753
0.7309125028513063
0.730954422241691
0.7309981830306637
0.7310546648429777
0.731127675197138
0.7311788063081316
0.7312277043056428
0.7312803805931465
0.7313411905545011
0.7314208948411978
0.7315009162932674
0.7315573302227465
0.7316073487273993
0.7316581131433573
0.731717564633722
0.7317989529929059
0.7318728469679573
0.7319395598230314
0.7320103110915764
0.7320900199711848
0.7321897341088033
0.7323199770725874
0.7325099099763018
0.7328165655872094
0.733188635454211
0.7336111838978291
0.7341174462373881
0.7347559313090165
0.73554808444992
0.73649269206555
0.7376101136576303
0.7389647276383289
0.7399
0.7399101172287589
0.7399303516862766
0.7399566668456441
0.7399810375790979
0.74
0.7400101172287589
0.7400220811294836
0.7400352191488944
0.7400614951877158
0.740095726214072
0.7401300411636849
0.7401630799322452
0.7401925926205943
0.7402210816792602
0.7402533796447031
0.7402824700836618
0.7403153252329473
0.740344920082661
0.7403746933811733
0.740407347734093
0.7404423773296408
0.7404742024908924
0.7404989450499322
0.740520539099103
0.7405453994205677
0.7405684975738637
0.7405912642621879
0.7406140532250263
0.7406390821853385
0.7406699088643481
0.7407088877693845
0.7407561430262761
0.7407945682817886
0.7408268116563586
0.7408570882078124
0.7408896783450115
0.7409137312765802
0.7409435749868571
0.7409683380579197
0.7409902487788388
0.7410119403951674
0.7410347762822418
0.7410627741676193
0.7410912565355512
0.7411211045278749
0.7411486046467223
0.7411768949564846
0.741208313229936
0.7412463733895635
0.7412938045403574
0.7413351720370622
0.7413711507040047
0.7414034722356272
0.7414331735400727
0.7414624588434862
0.7414945743517309
0.7415405465650764
0.7415838328667391
0.7416176145897939
0.7416509466422984
0.7416864687438345
0.7417273779365653
0.7417790698320672
0.7418375622367159
0.7418982857675076
0.7419881047763816
0.7420532339706981
0.7421111437913833
0.742168465917082
0.7422279459906453
0.7422970643189335
0.7423912815960413
0.7425041335734627
0.7425947231737258
0.7426810186103707
0.7427719416545768
0.7428731709705394
0.7429955090418413
0.7431539030439533
0.743358576484177
0.7436574259852203
0.743734735702732
0.7438893551377552
0.7439204058179073
0.7439358983911571
0.7439668835376568
0.7439743245478754
0.7439892065683125
0.744007100686414
0.7440199764288842
0.7440325968475054
0.7440466341796977
0.7440580536982396
0.7440703801264809
0.7440784888082844
0.7440874869929623
0.7440942566974093
0.7441019245436865
0.7441093989946417
0.7441168164601042
0.7441262181082527
0.7441420828736246
0.7441713523728526
0.7442040594737441
0.7442405129688182
0.7442821948470981
0.744329871947282
0.7443850680215292
0.7444494168732342
0.7445245058861883
0.7446113511744216
0.7447119501972936
0.7448286111587747
0.7449640015119847
0.7451212415942984
0.7453039451206422
0.7455162714568833
0.745763095991785
0.7460500905133477
0.7463839277809814
0.7467725135565807
0.7472252440620133
0.7477535340514054
0.7483714489937747
0.7490967543052555
0.7499
0.749959303301766
0.75
0.7500319241846146
0.7500626514462795
0.7501069396903978
0.7501742653405535
0.7502371296373743
0.7503083471493155
0.7503951100939282
0.7504982313467038
0.7506087920273741
0.7507323763393905
0.7508765139485363
0.7510669422185493
0.7513709270537299
0.7518576919140425
0.7525272356585226
0.7534380912587435
0.7548981642555193
0.7572503422112409
0.7599
0.7599244403247781
0.759962220162389
0.76
0.7600244403247781
0.7600440385412215
0.7600732131919954
0.7601237581140446
0.7601712792809615
0.7602204295215104
0.7602767287907468
0.7603418595930588
0.7604190423911689
0.760500613384514
0.7605969142728612
0.7607223977521834
0.7608712639154815
0.7610255127345905
0.7611908487164032
0.7613891482361114
0.7616438974529184
0.7619489105321134
0.7623012983388451
0.762706666247837
0.7631722893018433
0.7637085150873214
0.7643288122421615
0.7650523248790108
0.765858737371041
0.7666348327621153
0.7674248868910429
0.7682763394324181
0.7692380388624609
0.7699
0.7699327125343329
0.7699663562671665
0.77
0.7700327125343329
0.7700567698416858
0.7700879297956748
0.7701380134242638
0.7701865395272997
0.7702409559277712
0.7703077078307534
0.7703743257949179
0.7704505423678427
0.7705519140244086
0.7706870273675992
0.770845942332419
0.7710315104657798
0.7712482038587957
0.7714586668458521
0.7716745965198892
0.7719286930521537
0.7722603707668751
0.7726184451061522
0.7729421214324995
0.7732335907045874
0.7735383165223201
0.7739048314704675
0.7743519075081243
0.7750051704062895
0.7759786045214846
0.7771005980516769
0.7784385695948457
0.7798353850447773
0.7799
0.7799114343855197
0.779934303156559
0.7799536693073349
0.7799796861785111
0.78
0.7800114343855197
0.7800221752933372
0.7800364085298833
0.7800533882748056
0.7800718103994417
0.7800914134512983
0.7801108158809684
0.7801314371257667
0.7801498769214891
0.7801646000426232
0.7801785173707965
0.7801934462734456
0.780213137368772
0.7802406297993136
0.7802602653153936
0.7802794854583427
0.7803005537064642
0.7803258121259528
0.7803583545426355
0.7804054812290712
0.7804821945410789
0.7805888632760017
0.7807087382857841
0.7808429647822277
0.7810042721187856
0.7812051747990347
0.7814842314084606
0.7817777808276352
0.7820952778431369
0.7824792186564222
0.7829976485740446
0.7837291956004413
0.7843574639415375
0.7849652516218143
0.7856237416062035
0.7863774424900504
0.7872854967849637
0.788168186651306
0.7889861227178064
0.7899
0.7899172925595705
0.7899518776787116
0.79
0.7900172925595705
0.7900425013210409
0.7900680060760146
0.7901118515853058
0.7901595583783924
0.7902205673732162
0.7902833634893102
0.7903590814198912
0.7904569518483759
0.7905616495618504
0.79065715391783
0.7907451414503472
0.7908312273345272
0.7909259818912806
0.791034464772951
0.7911380392828984
0.7912299036376049
0.7913193644356658
0.7914096194713076
0.7914940824343026
0.7915660950858711
0.7916296406139605
0.7916969285563555
0.7917864520975487
0.7918613925080649
0.7919282766228332
0.7919988943305276
0.7920773378999528
0.7921547876360344
0.7922378289178824
0.792333540210664
0.7924238107102325
0.7925193992285837
0.7926243318107198
0.7927081055653327
0.7927747912096971
0.7928381749866463
0.7929059223004876
0.792995819675394
0.7931169122175088
0.7932045308388761
0.7932905726826426
0.7933845327595535
0.7934972137098993
0.7936413921038632
0.7938491800791236
0.794185481258343
0.7948539709693948
0.7956563432244967
0.7965534304522722
0.7975806502168399
0.7987837866622712
0.7998999999999999
0.7999171942061611
0.7999515826184835
0.8
0.8000171942061612
0.8000339491865809
0.8000539538639915
0.8000835532295993
0.800115204962654
0.8001455756928408
0.8001734676334802
0.8002010512722644
0.8002332902116027
0.800272486134002
0.8003127440052211
0.8003519058277867
0.8003954767032952
0.800446213426006
0.8005052223373772
0.8005645728835271
0.8006319374822864
0.8007112427700405
0.8008158859016127
0.8009699775937339
0.8012410827777222
0.8017832931456988
0.8026811996658479
0.8044219228090949
0.8079033690955887
0.8099
0.8099194785577682
0.8099584356733048
0.81
0.8100194785577683
0.8100374235533292
0.8100611186293537
0.8100947065742222
0.8101287353071632
0.8101669542443516
0.8102130397605775
0.8102591376153847
0.810311824007234
0.8103729820687596
0.8104446066538726
0.8105386876600731
0.8106526297501991
0.8107865713112727
0.8109442179794536
0.8111282823549308
0.8113411691799143
0.8115879165526261
0.8118739371050246
0.8122050316461519
0.8125875180740781
0.8130284783523247
0.8135366568075604
0.8141250201370513
0.8148067541671564
0.8156148162604532
0.8165591725330689
0.8175230988695524
0.818528772895133
0.8196203291011468
0.8199
0.8199105234361115
0.8199315703083345
0.819959532034986
0.819979766017493
0.8200000000000001
0.8200105234361116
0.8200219612204164
0.8200395846655605
0.8200682123880916
0.8200951025846381
0.8201236323520993
0.8201564301795701
0.8201944648387254
0.8202327854237441
0.8202683863117209
0.820300768773904
0.8203310881910186
0.8203634534871037
0.8204131310735935
0.8204536506783023
0.820488962372103
0.820525979869374
0.8205673807045518
0.8206217224396544
0.8206838268151052
0.8207345070405442
0.8207858937254942
0.8208425831420472
0.8209112920729817
0.8209994007471254
0.821125452357958
0.8213269972331775
0.8215794879018806
0.8218717738987257
0.8222174593670781
0.8226183428744499
0.8230854102904526
0.8236332653167959
0.8241736298005315
0.824707124029961
0.8252574600713493
0.8258714228203966
0.826755674617024
0.8275967278211673
0.8282529362879474
0.8289018030958404
0.8295990367060728
0.8299
0.8299065637945214
0.8299196913835644
0.8299459465616502
0.8299729732808252
0.8300000000000001
0.8300065637945215
0.8300196913835645
0.8300372307973117
0.8300723096248063
0.8301105478934865
0.8301510003471991
0.8301878264940106
0.8302216081078061
0.8302556066633348
0.8302985864277593
0.8303228372964847
0.8303474459641976
0.8303695836094078
0.8303903055874354
0.8304129173764253
0.8304424883341102
0.8304708258627863
0.8304986443117548
0.8305256924368082
0.8305543341633312
0.8305868558692512
0.8306215863574256
0.8306606918940547
0.8307050707308685
0.8307435833999092
0.8307803214424415
0.8308182913801017
0.8308599565939317
0.8309112227260619
0.8309747993698892
0.8310405047331423
0.8310970530067988
0.8311533933996688
0.8312135878729732
0.8312834109259406
0.8313666569107854
0.8314738435762683
0.8316197321274538
0.8318101629248666
0.8320071765487731
0.8322336597628444
0.8325426097970242
0.83277291626374
0.8329748978383287
0.8331933122635764
0.8334782644748119
0.8336993532392245
0.8338840525454289
0.8340717707382741
0.8342920956905897
0.8344806325890184
0.834730834615758
0.8349447818774803
0.8351624730914741
0.8354420651987184
0.8358261639112635
0.8363132324872984
0.8368549939502954
0.837497920327789
0.8383045102479171
0.8393702309693
0.8399
0.8399126717664195
0.8399380152992585
0.8399690076496292
0.84
0.8400126717664195
0.8400278085038904
0.8400497313688592
0.8400788160854293
0.8401208258720443
0.8401669957594301
0.8402091942458126
0.8402553036755822
0.8403118502873568
0.8403856310059262
0.8404568918519326
0.8405300844949726
0.8406169171340317
0.8407319516938111
0.8408960878223268
0.841088522830695
0.8413102700582534
0.8415812796110561
0.8418462574665401
0.8420587664324956
0.8422680000956334
0.8424930571121512
0.8427550292154583
0.8430878674606576
0.8435037634273593
0.8439468510110182
0.8444439523757413
0.8450203174716843
0.8457028706401847
0.846525847056707
0.8475190381247836
0.8483287368883021
0.8490456515451289
0.8499
0.8499399916540473
0.8499699958270237
0.85
0.8500268610537735
0.8500489464227623
0.8500865136047943
0.8501376132467952
0.8501911965165178
0.8502420448760724
0.8502922878209841
0.8503501448680383
0.8504270868400927
0.8505086219134512
0.8505843905813883
0.8506692638798522
0.850774999904139
0.8509182128788216
0.8510952288333967
0.8512938032546915
0.8515499696630007
0.851887156039769
0.8521310773675915
0.8523601441802013
0.8526062666229381
0.852864697216968
0.8531332738997702
0.853465843417073
0.8538964203938268
0.854299736667706
0.8546912744163442
0.8551362484701477
0.8556658677304622
0.8561806056442719
0.8568424341487566
0.8574242733043964
0.8579954460511208
0.8587446045612961
0.859672018325918
0.8599
0.8599091140377787
0.8599273421133361
0.8599608397246157
0.8599804198623078
0.86
0.8600091140377787
0.8600201260286299
0.8600385203124116
0.8600681625363656
0.8600994068054116
0.8601297662472173
0.8601632405395536
0.8602048878415264
0.8602523751227893
0.8602997646568568
0.8603474311162695
0.8603998151827837
0.8604350898291288
0.8604720734692032
0.8605047607888572
0.8605372061655262
0.8605772977179196
0.8606266714629349
0.860672091648581
0.860714159862644
0.8607494562526525
0.8607837898132427
0.8608236706337133
0.8608747166292846
0.8609260506287906
0.860973141199883
0.8610233577208612
0.8610826171389793
0.8611554191923516
0.8612466193183975
0.8613531178209133
0.8614769630544886
0.8616303374601382
0.861805227946765
0.8619963841709124
0.8622173705825725
0.8624736927461357
0.8627935673917129
0.8632171092401323
0.8638238910992118
0.8648083398884443
0.8667772374669094
0.869531144528799
0.8699
0.8699067221955521
0.8699201665866563
0.8699470553688646
0.8699707160793485
0.8699853580396743
0.8699926790198371
0.87
0.8700067221955521
0.8700126226648516
0.8700238861478079
0.8700452052821571
0.8700643818247551
0.8700865840643522
0.8701170157688299
0.8701493941541714
0.8701780183150051
0.8702081519458819
0.8702401515494755
0.870279533228379
0.8703289943562553
0.8703762444362558
0.870423958479277
0.8704760962862725
0.8705354518138875
0.8705877978911142
0.8706360624229703
0.8706864241050482
0.870742504297086
0.8708096671715707
0.8708721734511153
0.8709201769774623
0.8709616628617016
0.8710086886366959
0.8710520834138739
0.8710951444924526
0.871138233052104
0.8711856702792427
0.8712445435314352
0.8713193613330362
0.8713869364366366
0.8714448963795389
0.8714998822680999
0.8715610240486469
0.8716023404935238
0.8716507273857268
0.871692569960626
0.8717308851416559
0.8717707076031289
0.8718164050428053
0.8718928260779398
0.8719522728015592
0.8720027685581996
0.8720556326401055
0.8721139374838732
0.8721868546353843
0.872282083459496
0.8724212303270603
0.8726475745308615
0.8730941409338915
0.8736326564665476
0.8741667616076692
0.8746243637760933
0.8751641871532068
0.8756269536597737
0.8760533715794745
0.8765946021274645
0.8776740963837575
0.8790562225207434
0.8799
0.8799156261158867
0.87994687834766
0.8799734391738301
0.88
0.8800156261158867
0.880032789319724
0.8800524629660009
0.8800895147828138
0.8801353484455233
0.8801815643743552
0.8802340407209934
0.8802872244748264
0.8803266753766462
0.8803623852155573
0.8804012511122457
0.8804586671779218
0.8805131381725528
0.8805605332674847
0.8806042795989678
0.880647984936682
0.8806983054418817
0.8807841560601869
0.8808523039271021
0.8809118430473559
0.8809754872917225
0.8810494042791931
0.8811408462855904
0.8812703129558406
0.8814076706539986
0.8815252283527921
0.8816327811848587
0.8817407378406679
0.8818678486938949
0.8820356780119427
0.8821684020383344
0.8822905059925196
0.8824211372442957
0.8825711934396616
0.882692048909008
0.8828005617471775
0.8829144965106953
0.8830572150269197
0.883219638386435
0.8833746300223102
0.8835262702565884
0.8836912827307264
0.8838904626958867
0.8841406236666921
0.8845045058177164
0.8850604727704104
0.885773148682701
0.8866680360375886
0.887751696253476
0.8890708862616055
0.8899
0.8899388077493212
0.89
0.8900388077493212
0.8900666924212655
0.8901094668794683
0.890187466774501
0.890242923208015
0.890303003291618
0.890375009075937
0.8904590986403844
0.8905414929775735
0.8906388922269824
0.8907551607457209
0.8909017344968331
0.8910767038768287
0.8912488411417294
0.891430023783942
0.8916464923107237
0.8919263542382699
0.8922871861428687
0.8927370529784342
0.89328907459886
0.8939671146011955
0.8948820494395631
0.8962429306636795
0.8986741494561814
0.8999
0.9
0.9002
0.9003767088655419
0.9005386811153331
0.9008626256149155
0.9012396199065565
0.9017123435449254
0.9022719539884991
0.9031263741888186
0.9048352145894575
0.9074388609624947
0.9099
0.91
0.9101318056386011
0.9102389324018691
0.9103585608978675
0.9105415874590301
0.9107267085115084
0.9109239387575041
0.9111656830842952
0.9114320800635309
0.9117600597264074
0.9122507454007396
0.9128840979045831
0.9137526407302442
0.9150389221332844
0.9172587028515915
0.9199
0.919922967659335
0.9199689029780049
0.92
0.920022967659335
0.9200472633345843
0.920079127550211
0.9201266657245833
0.920180747625506
0.9202383552794052
0.9203011597361618
0.9203784749039884
0.9204802114014737
0.920579569815299
0.9206920527153313
0.9208313154048393
0.9210151850430868
0.9212395557444302
0.9215022566464629
0.9217988058590362
0.9221417364789877
0.922535609761538
0.9230039281395859
0.9235498474170503
0.9241875152375204
0.9249430212170445
0.9258317327134147
0.9269320709573929
0.9282880277734501
0.9299
0.92995
0.93
0.9300630960906162
0.9301132318879618
0.9301903845800524
0.93031775046745
0.9304392182925143
0.9305731962427193
0.9307381200147951
0.930940595459712
0.93115538301633
0.9314095472930228
0.9317474098227512
0.9322488568224092
0.9328658001807487
0.9335352647192878
0.9342457216613202
0.9350310620410899
0.9359784915491439
0.9372210385079465
0.9390388754378638
0.9399
0.9399166553546912
0.9399499660640735
0.9399749830320367
0.9400000000000001
0.9400166553546913
0.9400349686928807
0.940051885185559
0.9400857181709157
0.9401392603283912
0.9401861905857724
0.940235007747598
0.9402864656741332
0.940329086849281
0.9403673804274824
0.940406581606557
0.9404570972069928
0.9405099687842219
0.9405503949945582
0.9405893095228057
0.9406297612072397
0.9406709296388341
0.9407072447612875
0.9407374976166005
0.9407671827647879
0.9408108404523334
0.9408466051144909
0.9408771066003782
0.9409098215984136
0.9409472902208051
0.940996201163652
0.9410627325287446
0.9411169616378797
0.9411618346225453
0.9412036402456196
0.9412479612948859
0.9412782733675588
0.9413186953248733
0.9413522422229172
0.9413818760588988
0.9414116346323778
0.941443644437906
0.9414850830840976
0.9415245454411707
0.9415641847827416
0.9416023555560232
0.9416425262774696
0.9416881207969292
0.9417443659040775
0.941816095900446
0.9419167131858976
0.9420713068809163
0.9423471290292191
0.9427960640160246
0.9432991138613036
0.9437754958833902
0.9441844038299053
0.9445862552380445
0.9449843972746462
0.9454043834946825
0.9459247291932088
0.9467034614344063
0.9479105356853094
0.9493719203191168
0.9499
0.9499463392452488
0.9500000000000001
0.9500362887312069
0.9500655297167601
0.9500967341904368
0.9501560155109853
0.9502204267378384
0.9502866874425963
0.9503627702054773
0.9504568538237261
0.9505341645556145
0.9505948236221216
0.950648722194916
0.9507023887110152
0.950769119663281
0.9508407209203591
0.9509074993741468
0.9509735680269573
0.9510456645990795
0.9511334718318657
0.9512406127350996
0.951338233070549
0.9514404648776245
0.9515566260747488
0.9516993387038893
0.9518904735479443
0.9521752644237704
0.9526111249067287
0.9532814199629366
0.9540200141509272
0.9548464794166653
0.9557833090201457
0.9569417837525293
0.9583548263573617
0.9599
0.9599181602875297
0.9599544808625893
0.96
0.9600181602875297
0.9600351920224947
0.9600559560315173
0.9600862208258061
0.9601224219737614
0.9601540894314288
0.9601828128975443
0.9602119268358617
0.9602469711745358
0.9602996302476602
0.9603427001758952
0.9603843145623249
0.9604323406460932
0.9604892691278882
0.9605700913983002
0.9607058027398139
0.9608667446008469
0.9610508735741098
0.9612636864942656
0.9615074529776786
0.9617436972574086
0.9619723445680223
0.9622026136835604
0.9624552696789183
0.9627400177270865
0.9630038104804715
0.9632674896748367
0.9635270217647918
0.9638045549090223
0.964122634676814
0.9644376947123432
0.9647279424814853
0.9649628742162804
0.9651883060714366
0.9654399985866067
0.9657082155074831
0.966014381288748
0.9662902978495439
0.9665689838054118
0.9668451497548456
0.9670683428869624
0.9674370057790033
0.9677028055595064
0.9679642874332619
0.9683883365006634
0.9688993558894948
0.9695008365685346
0.9699
0.96995
0.97
0.9700674590923267
0.9701138049685732
0.9701678955759305
0.9702737634558051
0.970402347460991
0.9705400593787686
0.9707110042949897
0.9708814531828039
0.9710523140916149
0.9712302990016497
0.9714253431833332
0.9716575426133797
0.9719387116583807
0.9723105864063704
0.9727510386411874
0.9732515342270219
0.9738858530872406
0.974401967985466
0.9748153236048382
0.9752323107913723
0.9755155951988598
0.9758260568387213
0.976104586431336
0.9763926531047764
0.9767781571897768
0.977308443816579
0.9777044934256305
0.9781068549826665
0.9785635719211672
0.9791327596207245
0.9799
0.9799348220716397
0.9799674110358199
0.98
0.9800343057708685
0.9800574784081874
0.9800827746142388
0.9801333670263416
0.980186818537497
0.9802416100250115
0.9803056986539916
0.9803863454422587
0.9804754688893249
0.9805591354511715
0.9806396736396715
0.9807275897608738
0.9808230526824926
0.9809224623499252
0.9810066760565688
0.9810907015082503
0.9811819338089898
0.9812907574240157
0.9814001917119105
0.9814872121073506
0.9815619692282253
0.9816452174595529
0.9817455785301106
0.9818253683658893
0.981904159726938
0.981991780507174
0.9820955440854343
0.9821974734823723
0.9822896919009346
0.9823701468748063
0.9824477255426697
0.9825336911511149
0.9826058277186531
0.9826698903429024
0.9827345569926748
0.982807961710547
0.9829130334905719
0.9830140007836785
0.9830994601467608
0.9831881245159093
0.9832864344640476
0.9834080428598713
0.9835658664353147
0.9837964955921207
0.98417989595775
0.9847013034709885
0.9853049513404616
0.9860295532801594
0.9869526905495757
0.9881534132014584
0.9896212801832655
0.9899
0.9899180926252742
0.9899542778758226
0.9899771389379113
0.99
0.9900180926252742
0.9900365751290482
0.9900566918546309
0.9900938142477107
0.9901441376577621
0.9901939142934413
0.9902457090656658
0.9903071042268227
0.9903727875774997
0.9904356827532894
0.9905025028794335
0.9905963853626671
0.9906807731541507
0.9907468550304023
0.9908127751375442
0.9908834599940141
0.9909684094751966
0.9910678967867156
0.9911504403287633
0.9912159722387565
0.9912804638394286
0.9913510745222468
0.9914224884751915
0.9914864080180227
0.9915540098515102
0.9916356776595665
0.9917351554509675
0.9918249624298585
0.9919055394457773
0.9919873986947981
0.9920641797771377
0.9921467282203569
0.9922091413548941
0.9922648974626574
0.9923221211608975
0.9923888520358847
0.9924688582157378
0.9925524439013093
0.99262674627674
0.9927034517415931
0.9927888476710949
0.9928933329704541
0.9930263425979542
0.9932147328783318
0.9935076009337198
0.9940351006114096
0.994762824501172
0.9955871843413762
0.9965332976099797
0.9976359870098686
0.9989485419558544
0.9999
0.9999130914459596
0.9999392743378789
0.9999696371689395
1.0
