0.0
0.001
0.003
0.007
0.0099
0.009905813391153411
0.009917440173460232
0.009940693738073873
0.009957807968596208
0.009974474663313863
0.00998723733165693
0.01
0.01000581339115341
0.01001302516029549
0.01002475504174939
0.01004009025606404
0.01005629121408607
0.01007556312298891
0.01009573000798578
0.01011993245354717
0.01013861088237921
0.01016082333891644
0.01018509343685999
0.01021406612184337
0.01025996336766119
0.01031325544664022
0.01035764003364305
0.01039016391631321
0.01041531584965895
0.01043556600212935
0.01045271417606588
0.01046782311474819
0.0104816316210601
0.01049452875715558
0.01050678086554585
0.01051858570633205
0.0105301008646276
0.01054147212792322
0.01055284814627029
0.01056439571752262
0.01057632376853916
0.01058892747255193
0.01060269016273231
0.01061858811529328
0.01063963948655047
0.0106590786934438
0.01067969321315518
0.01069822261276242
0.01071561310572279
0.01073254131135645
0.01074884971965624
0.0107643866341546
0.01077911431243717
0.01079329000927472
0.01080752989230094
0.01082302514425763
0.0108435194094059
0.01086789477729613
0.01088516163234035
0.01090136905218919
0.01091838513905251
0.01093733542118626
0.01095956924104346
0.01098097559293066
0.01100170696045178
0.01102276827352682
0.01104604595878964
0.01107309346710788
0.0110952285908004
0.01111164387548435
0.01112612793534495
0.01114008071611568
0.01115513835277764
0.01117132376074227
0.01118481413633644
0.01119669512604422
0.01121109179469198
0.01122367152960508
0.01124295247426007
0.01126546590567953
0.01128339320205787
0.01130372011944499
0.01132456700093487
0.01134741199557952
0.01137452721793868
0.0114075252405937
0.01145282981095086
0.01149708734682922
0.01154180522597031
0.01158971166949737
0.01164231669153956
0.01170365112969047
0.01177574190280571
0.01186450379532359
0.01194753607873525
0.01206138324774794
0.01221968869890725
0.01244475215663899
0.01279070836363854
0.01308815470647952
0.01333299770065461
0.01361752203080866
0.01385633559510836
0.01405052099365614
0.01421425419263965
0.01454172059060665
0.01479691663696553
0.0150601536624964
0.01526160971804148
0.01559464936413556
0.01598589843819367
0.01632936813769957
0.01669971246720357
0.01709806866972855
0.01758932013671071
0.01826317737936873
0.01928607318389144
0.0199
0.01990703536385447
0.01992110609156342
0.01993467779174593
0.01994986491572938
0.01996410136214128
0.01997881545618711
0.01998940772809356
0.02
0.02000703536385447
0.0200145088038615
0.02002296252899535
0.02003986997926304
0.02005319221976248
0.02006917019741494
0.0200834950524938
0.02010935887572902
0.02012961889822438
0.02014966747313608
0.02017073645778014
0.02019347217838577
0.02021873850989526
0.0202579903403881
0.02028589280612081
0.02033596317785646
0.02039633485233837
0.02046940161062272
0.02055319696835953
0.02064981506928538
0.0207646083617899
0.02090713149038221
0.02107130962975442
0.02121557389987309
0.02134455037780181
0.02151395475688092
0.02164728894123502
0.02178875223068733
0.02207167880959195
0.0223401616074262
0.02261063347987724
0.02295286402671384
0.0232072903511615
0.02349416083182873
0.02373749034321648
0.02403609509961472
0.02461143190373865
0.02552972431640878
0.02645952953586863
0.0272618237391522
0.02803207273143841
0.02890546060269459
0.0299
0.02990351008115381
0.02991053024346143
0.02991631917548054
0.02992186723569745
0.02993008450507993
0.02994221890420116
0.02995656643182639
0.02997105585595164
0.02998760317692584
0.03
0.03000351008115381
0.03000887596663102
0.0300144830752172
0.03002538244191447
0.0300399445371013
0.03005214453777335
0.03006947785501133
0.03008925210996119
0.03011236088986936
0.03013950937614018
0.0301621245139294
0.03018760168744236
0.03021815878596547
0.03026186051530871
0.03029635748430802
0.0303326255156489
0.03036742756081968
0.03040105244536819
0.03043697877333325
0.03048255704952104
0.03052147347569497
0.03056090160580755
0.03059784231123477
0.03063515778830567
0.03067572936685841
0.0307231736268388
0.03077897426956858
0.03082668366228208
0.03086338782956678
0.03089657660899037
0.03093651501707876
0.03098392628163965
0.03101906889105751
0.03105458888561507
0.03109417517522534
0.03114331157409367
0.0311922856999854
0.03123367627158883
0.03126995065635552
0.03130325839037375
0.03133569674503493
0.0313704734135908
0.03141686438667423
0.03144883535290328
0.03148064325560597
0.03150948170415298
0.03153624373638495
0.03156326673459412
0.03159191129444173
0.0316250912926415
0.03167364846250944
0.03172260673100632
0.03176069800051889
0.03179794154388518
0.03183738838325108
0.03188218125966686
0.03193755264271556
0.03200714525883128
0.03210110840567287
0.03223669001996726
0.03245322980454499
0.03286822199045679
0.03333926626480469
0.03386722157503493
0.03447384157052955
0.03517347594382249
0.03599535587992232
0.03697203571102553
0.03814210041000672
0.03955546779684708
0.0399
0.03995
0.04
0.04003356795929405
0.04006363443979239
0.04010717224578188
0.04017194297571898
0.04023117400665832
0.04029785860017974
0.04038258145587607
0.0404693933670826
0.04056325378165244
0.04068127597018513
0.04085716281310643
0.04109638453534747
0.04145239747773893
0.04195244604590496
0.04277681082460805
0.04442554038201423
0.04771534006144995
0.0499
0.04992008170034446
0.04996024510103338
0.05
0.05001283660176688
0.05002897820381193
0.05005067821939273
0.05008179696438639
0.05010778888298489
0.05013647152938128
0.05017143611113553
0.05021467371585767
0.05025340489492919
0.05029647651885127
0.05034696910173727
0.05041850795930797
0.05052691032969534
0.05065246062222083
0.05079651621354709
0.05096295017991828
0.05115552042140854
0.05138013420737273
0.05164297014450706
0.05190301973284667
0.05215634039101585
0.05241084454852539
0.05266889232155762
0.05293293129815151
0.05320611458531765
0.05349455577383722
0.05381318711854009
0.05420890626964884
0.05461509323735001
0.05495091003836357
0.05523506674511458
0.05548504084387636
0.05571404394543954
0.05593880124201704
0.05618637237414449
0.05646836616230328
0.05668374307330875
0.05685100171017332
0.05700696370284053
0.05717013168928685
0.05734597825930314
0.05753418099766654
0.05774172185518004
0.05797753723350096
0.05819408982006462
0.05841297358657752
0.05863916210416285
0.05884400837509002
0.05913198360254783
0.05936022812669484
0.05959898145652106
0.0599
0.05990793200914542
0.05992379602743627
0.05994870408873958
0.05997164553172571
0.05998582276586285
0.06
0.06000793200914542
0.06001738056920236
0.06002958370104953
0.06005398996474386
0.0600780015612036
0.06010247151172807
0.06013033320247407
0.06016215726252847
0.06019705917795418
0.06023484177253016
0.06027474563152525
0.06031665184283987
0.06035451072315136
0.06039052387408984
0.06042849710471185
0.06047181093675477
0.06051401050375337
0.06055345765938293
0.06059049456418676
0.06062856523717176
0.0606693721453373
0.060708671177699
0.06074113427712677
0.06076793822238923
0.06079393034398366
0.06082818130208682
0.06086320968541907
0.06089081817208995
0.06091886771807532
0.06094974431908472
0.06095833071661879
0.06097550351168694
0.06100918652297244
0.06106336636969576
0.06108797975233201
0.06111244278004428
0.06113825788616532
0.0611665875606392
0.06119200424805955
0.06122050218618384
0.06126092370845316
0.06129984488338272
0.06133188607587373
0.06135911026767751
0.06138415125574148
0.06140882638523359
0.0614351573140097
0.06146702191255658
0.06150537016154475
0.06154214882870696
0.06157425161068535
0.06160651253209901
0.06164114559811089
0.0616818524866898
0.06173054761656611
0.06178223200769167
0.06183786956091159
0.06190067970685469
0.06197669596377667
0.06207081787984148
0.06219859615243818
0.06238521349202755
0.06265090112984423
0.0629555957601483
0.06330225441366706
0.06372004588023841
0.06425146308052562
0.06488623261914957
0.06562698288264054
0.06650141261925496
0.06752691279792342
0.06875626304531346
0.0699
0.06990701728840716
0.06992105186522148
0.0699491210188501
0.06997118317409261
0.06998559158704631
0.07
0.07000701728840716
0.07001497097859648
0.0700267060492844
0.07004296016710036
0.07005886290790311
0.070078088669296
0.07009468150397064
0.07011616156686988
0.07013513226036559
0.07015380292788335
0.07017578351004847
0.07020756971627223
0.07023663165215382
0.07026336428719014
0.07029330267204116
0.07032785919312809
0.07037003719935088
0.07041736486886199
0.07045720971462749
0.07051270489977057
0.0705586392075717
0.07060213906519998
0.07064865557322654
0.07070072716541205
0.07076032728017348
0.0708150610402849
0.07085637530802176
0.07089002638190581
0.07092353676724461
0.07097488061341543
0.07101437565721157
0.07104811715401126
0.07108401518171296
0.07112441700804556
0.07117602735152129
0.07124155402475116
0.07129693589424788
0.07134488271370946
0.07139102123118252
0.07144260402213883
0.07147758922079622
0.07151906786639023
0.07155476163058706
0.07158706557513338
0.07161994952096903
0.07165619903220538
0.07170565354771674
0.07176465316923078
0.07180838084295146
0.07185093151579554
0.07189653005685963
0.07195035253173443
0.07201673765050046
0.07210754482373852
0.07224180014589598
0.07246303898645386
0.07285959087272935
0.07330282236887746
0.07379434179505781
0.07435171658511082
0.07498405259729918
0.07571499729931662
0.07657117519387628
0.0775918887050845
0.0787899807296738
0.07990000000000001
0.07992077348878335
0.07996232046635002
0.08
0.08002077348878334
0.0800441889081113
0.08008048757548931
0.08012934814647248
0.08017924085149657
0.08024046519087168
0.08030838195929352
0.08039150808893249
0.08049269675791462
0.080604289750479
0.08070133949391305
0.08078894840583746
0.08087419776647328
0.08096584580690823
0.0810574143330653
0.08115724343951304
0.08122970714334019
0.08128922045118814
0.0813431423077036
0.08139436178563758
0.08144836929461928
0.08151538093260945
0.08157877552068994
0.08164407720575685
0.08170452797404763
0.08176600900971445
0.0818336637319437
0.08191223174215527
0.08201067181230161
0.08209452998205564
0.08215890150511385
0.08221781056542506
0.08227847661943276
0.08235371506681327
0.08245305650057806
0.08253597641524824
0.0826149280899436
0.0827008242174939
0.08279942990003136
0.08292537878891766
0.08308104582440494
0.08323350797630094
0.08339119294787516
0.08356280672808976
0.08376123374412359
0.08399428890350948
0.08429037920795492
0.08469226395555082
0.08529359824813634
0.08612663696330389
0.08710500616808924
0.0882345297798672
0.08960290352942381
0.08990000000000001
0.08990329780426116
0.08990989341278348
0.0899230846298281
0.08993633259442908
0.08995350009986584
0.08997258830488662
0.0899862941524433
0.09
0.09000329780426115
0.09000989341278347
0.09001759963891724
0.09002982140162565
0.09004093423088354
0.09005250942878751
0.09006646117034468
0.09008041898713234
0.09009347222988635
0.09010677638626591
0.09012234562458107
0.09014397096161943
0.09015917876319322
0.09017222258828252
0.09018540241377256
0.0901988420182853
0.0902117757228062
0.09022241811773024
0.09023122972044609
0.09023991062420034
0.09025180558473243
0.09026309321824974
0.09027222047981082
0.09028158947138858
0.09029191783309036
0.0903044666537087
0.09032140285012356
0.09034390968434218
0.09036541066557341
0.09038210239926839
0.09039592524660385
0.09040831476744333
0.0904205415606748
0.09043495112581412
0.09045067598637639
0.0904630970666841
0.09047344213416036
0.09048292053988934
0.09049192811892322
0.09050098294453959
0.09051082948824886
0.09052301683961317
0.09053435908447585
0.09054707631093672
0.09055862568428057
0.090570154741684
0.09058268246408879
0.09059698284270543
0.09061457191491692
0.09063669892277222
0.09066668948277458
0.09071036412108031
0.09078165743593168
0.0909241185364136
0.09111670461205736
0.09133791976475215
0.0915837352557314
0.09186032556481517
0.0921762481235976
0.09254180114656192
0.09296595029036335
0.09345398313240896
0.09401769807930754
0.09467090813833433
0.09543266549489295
0.09632706394948704
0.09738608380262959
0.09866356270764758
0.0999
0.09990600279782738
0.09991800839348214
0.09994201958479165
0.0999651123548336
0.09998441112701151
0.1
0.1000060027978274
0.1000144617870853
0.1000278436244088
0.100042246075852
0.100058609540199
0.1000740919809804
0.100087709121274
0.100099872940414
0.10011226133693
0.1001271882400607
0.1001444082195601
0.1001623166572006
0.1001791294122296
0.1001969584491331
0.1002178680010269
0.1002432497768727
0.1002779960954371
0.1003304954323911
0.1003965617083144
0.1004741473313809
0.1005660233685816
0.1006818252575711
0.1008432636716019
0.1011090650684087
0.1016406678620223
0.1023317880239855
0.1031872037022441
0.1042583364764244
0.105606301925601
0.1073285278573918
0.1095651501026455
0.1099
0.1099051555437615
0.1099154666312845
0.1099360888063304
0.1099517614018437
0.1099666208043009
0.1099835797585113
0.1099917898792557
0.11
0.1100051555437615
0.1100097588312699
0.1100189654062867
0.1100345078560592
0.1100477739710695
0.1100692975471598
0.1100925765021421
0.1101162417254214
0.1101382529223998
0.1101615205840595
0.1101932805300892
0.1102196793285215
0.1102619950924514
0.1103124967414386
0.1103696431080743
0.1104438711662235
0.110537537710455
0.1106227409337681
0.1106986372878336
0.1107704839999241
0.1108434907814722
0.1109281348802421
0.1110141879994857
0.1110894685399701
0.1111508972564798
0.1112041973520814
0.111252275243963
0.1112977911582662
0.1113443216300003
0.1113981372859447
0.1114552505608555
0.1115165822808205
0.1115693376651345
0.1116214060536063
0.1116774342949635
0.1117412241337077
0.1118202680855974
0.1119194805722414
0.1119891162295795
0.1120434988523409
0.1120948688103438
0.1121491183387091
0.1122233295077572
0.112312674551267
0.1123822700242072
0.1124518907705942
0.1125289842456367
0.1126199254572012
0.1127387424815484
0.1128787510149627
0.1130132171243616
0.1131524479201928
0.1133049428886355
0.1134815538187539
0.1136893008442222
0.1139536421502738
0.1143119719961574
0.1148430832287252
0.1156058178054572
0.1164887900381752
0.1174965386649447
0.1187153845141466
0.1199
0.1199032889525896
0.1199098668577688
0.1199230226681272
0.119938405460938
0.1199511336574346
0.119963708268866
0.1199769442909258
0.1199884721454629
0.12
0.1200032889525896
0.1200082278882985
0.1200179893442074
0.1200284575005724
0.1200397803961094
0.1200528131854166
0.1200669701294058
0.1200808782886517
0.1200960222497556
0.1201148531948539
0.1201245163623764
0.1201340148862782
0.120142234728164
0.120148876210219
0.1201554921139925
0.1201626895692084
0.1201680193796906
0.1201747063226533
0.1201802456873152
0.1201851387610659
0.1201900249919048
0.1201952151633774
0.1202012834416891
0.120209604545926
0.1202177453405773
0.1202262919168814
0.1202342932023537
0.1202416044692372
0.1202496508908669
0.120258260080423
0.1202678941913987
0.1202792085670987
0.1202930797487463
0.1203107180254043
0.1203342015482242
0.1203659407176021
0.1204096932536351
0.1204675205732035
0.1205447921029506
0.1206531345900645
0.1208149499265617
0.1209166407469408
0.1210125644187721
0.1211016253171192
0.1211758448616604
0.1212515707251856
0.1213140424598014
0.1213795819062356
0.1214937692895982
0.1215906067146364
0.1216852085292399
0.1217855784980646
0.1219079380778494
0.1220843621999204
0.1223589225199894
0.1227920053014657
0.1232952666517691
0.1236111546210946
0.1239046745779158
0.124229398541059
0.1246983690055576
0.1251339457755308
0.1256105219177922
0.1261562374615301
0.1269317418901997
0.1282080320669941
0.1299
0.129903746953309
0.129911240859927
0.1299262286731629
0.1299393378685747
0.1299505078649526
0.1299618255722013
0.1299817700841847
0.1299908850420923
0.13
0.130003746953309
0.1300083512337407
0.1300175597946042
0.1300292200728761
0.1300416577031433
0.1300529777817654
0.1300649558959336
0.1300818511528421
0.1300999039865204
0.1301145503446566
0.130132160769323
0.1301476947297144
0.1301661299752835
0.1301918939546868
0.1302133829881287
0.1302419585019665
0.1302765942987489
0.1303182598581002
0.1303690044884097
0.1304315633143398
0.1305096889168671
0.1306068453738352
0.1306978543022923
0.1307655243108601
0.1308371592314852
0.1309078312521812
0.1309819170798552
0.1310646747889218
0.1311526370745622
0.131239436927251
0.1313280148219841
0.1314400268182871
0.1315720859625457
0.1317052964809993
0.1318393184424385
0.1319670678188508
0.1320792415348324
0.1321808991780362
0.1322884419179647
0.1324102949078079
0.1325345294872092
0.1326433348710249
0.1327558818473107
0.1328816951631465
0.1330252663733592
0.1331573878802112
0.1332891536211571
0.1334636269013175
0.133600588038994
0.1336986684967651
0.1337897560626508
0.1338847253794742
0.1340056760798861
0.1341286020126622
0.1342560055851936
0.1343787675791531
0.1345084735064098
0.1346556430930705
0.1348351318784977
0.1350723480287921
0.1353876758070074
0.1358736531675164
0.1367348775531391
0.1379338602596676
0.1392992416099766
0.1399
0.1399065066852281
0.1399195200556844
0.139945546796597
0.1399717595818246
0.1399858797909123
0.1399929398954562
0.14
0.1400065066852282
0.1400127153088549
0.1400251325561085
0.1400449190189707
0.1400727605006492
0.1401043755198685
0.1401362909735912
0.1401703792402288
0.1402082147946215
0.1402557240887114
0.1403059140504863
0.1403543746690911
0.1403996601380567
0.1404443013447426
0.1404932381787743
0.1405683507900048
0.1406237011127266
0.1406646887303175
0.1407004888593928
0.1407317955653061
0.1407605455772563
0.1407888717137467
0.1408193663474977
0.1408598393058037
0.1409062830211848
0.1409397312843794
0.1409714331881173
0.1410048434518195
0.1410423395700457
0.1410890994764322
0.1411414818019452
0.1411979624082133
0.1412463966974298
0.1412815473743324
0.1413124713141147
0.1413435486281393
0.1413803479599754
0.141435589516666
0.1414791087181246
0.1415187715957502
0.1415612763975158
0.1416095995858512
0.1416692282514692
0.1417489963677305
0.1418435772745398
0.1419287783983041
0.142013775066257
0.142104159075907
0.1422055770766485
0.1423260896696404
0.1424721298626108
0.1426616892682618
0.1429230635409049
0.1433172698774568
0.1438624242162664
0.144484562812405
0.1451974769338577
0.1460256016581453
0.147006065588802
0.148178019839622
0.1495550633122463
0.1499
0.149912338175424
0.1499370145262719
0.1499685072631359
0.15
0.1500123381754239
0.1500286210586474
0.1500513509717573
0.1500850822400636
0.1501178848827027
0.1501532455513531
0.1501946041056116
0.1502438853742419
0.1503029300899038
0.150362947586244
0.150427714878406
0.1505093600066218
0.1506060745738637
0.1507132439971721
0.1508438030205728
0.1510065872555806
0.1512127403442701
0.1514617870264355
0.1517610546304203
0.1521269986431378
0.1526130428818531
0.1532787990715446
0.1542882404526311
0.1561190287819719
0.1587606226488729
0.1599
0.1599112474924262
0.1599337424772785
0.1599668712386392
0.1599834356193196
0.16
0.1600112474924262
0.1600229851989183
0.1600377631775463
0.1600582190794595
0.1600802572837138
0.1601077008750913
0.1601353807432785
0.160160065330223
0.1601858404087801
0.1602186840783613
0.1602610570486505
0.1602974929451121
0.1603353061205796
0.1603781899390359
0.1604333307454764
0.1605124621484986
0.1606118884063334
0.1607215031401839
0.1608476742484719
0.1609935942935945
0.1611744046916249
0.1613846614325862
0.1616219548796312
0.1618895808039996
0.1621885349291832
0.162526402417645
0.1629074550101666
0.1633633774903206
0.1639223397983205
0.1646603647447994
0.1657587346723411
0.1678545921106332
0.1699
0.1699064980182355
0.1699194940547065
0.1699454861276486
0.1699706906744509
0.17
0.1700064980182355
0.1700194940547066
0.1700381802025951
0.1700638410889521
0.1700974061412611
0.1701343799202726
0.1701704717925562
0.1702067983786443
0.1702462947208759
0.1702956756126586
0.170356326467398
0.1704116597941432
0.1704602477485545
0.1705095723899601
0.1705684984136109
0.1706336838873957
0.1707077129067067
0.1707789299615513
0.1708559273329958
0.1709489869209995
0.1710493309166823
0.171155569818034
0.1712773441682637
0.1714195948744137
0.17160054261484
0.1718493563055
0.1721822163707445
0.1725640139361585
0.1730006622234983
0.1735043758522977
0.174081148381015
0.1747820760340387
0.1756384442122797
0.1767278165677723
0.178196144003957
0.1799
0.1799109195384107
0.1799327586152319
0.179966379307616
0.179983189653808
0.18
0.1800109195384106
0.1800238932179888
0.1800396519646232
0.1800644392160463
0.1800987464572973
0.1801233566379549
0.1801448969739528
0.1801670723895634
0.1801931655328911
0.1802270439835779
0.1802598606943676
0.1802901553584849
0.1803161362444667
0.1803416534606569
0.1803712266023302
0.1804231011266677
0.1804623014774701
0.180497809411768
0.1805366654186853
0.1805825840320167
0.1806414531330932
0.1807014829339673
0.1807548413709866
0.1808082103942418
0.1808629711399824
0.1809169230578469
0.1809633165776482
0.1810014390195749
0.1810371935331851
0.1810803427624809
0.1811198567721214
0.1811584094953656
0.1811965447647617
0.1812374644388124
0.1812865117313565
0.1813458586226723
0.1814200117660674
0.1814822813640099
0.1815354865492285
0.1815858893966906
0.1816401755485162
0.1816763285803931
0.1817250492411877
0.181765576923896
0.1818012561150816
0.1818369924992349
0.1818750038792636
0.1819220407169392
0.181967692164422
0.1820183757284133
0.1820650599664722
0.1821125447749145
0.1821647460296331
0.1822268443676493
0.182302489116546
0.1824030081334621
0.1825452477647944
0.1827666509897339
0.1831606178745437
0.1836768979926544
0.1842494175557639
0.1848942931774532
0.1856294083762441
0.1864804466046247
0.187483308273054
0.1886914931913829
0.1899
0.1899067625117927
0.1899202875353782
0.189947337582549
0.1899703674780724
0.1899851837390362
0.19
0.1900067625117927
0.1900157459648127
0.1900271498048847
0.190041469692874
0.1900584726098268
0.1900763304305321
0.1900950010633027
0.1901133583049169
0.190132152972391
0.1901527132213607
0.1901677315501933
0.1901807564707058
0.1901939080107193
0.1902088904753017
0.1902342041577031
0.1902543944356059
0.1902717487898467
0.1902900611094604
0.1903103831353441
0.1903355671480535
0.1903696828610882
0.1904168121368766
0.190493762377791
0.1905875859368739
0.1906759416485022
0.1907624457101388
0.1908553674544037
0.1909866129341907
0.1910948117507982
0.1911717582260513
0.1912373010179932
0.1912952411743177
0.1913494333489449
0.1914049373551616
0.1914691152766763
0.1915407939728926
0.1916148563017558
0.1916782358040426
0.1917410116323061
0.1918085622826802
0.1918857368187917
0.1919817932854927
0.1920776958297648
0.1921489942789317
0.1922121678131319
0.192276064916599
0.1923512492278396
0.1924553830928936
0.1925474809918582
0.192631737006237
0.1927221781842376
0.1928251622317905
0.1929513478628886
0.193116725843907
0.1932791916800689
0.1934451665268216
0.1936255246847264
0.1938342779913386
0.1940802081022403
0.1943943360955993
0.1948220077790553
0.1954582076761069
0.1961073963912282
0.1967993370583649
0.1974707642741809
0.1980715197796608
0.198729192751176
0.1994945421312898
0.1999
0.1999188833238492
0.1999566499715477
0.2
0.2000188833238492
0.2000387866502484
0.2000680121786052
0.200108961400761
0.2001471015333431
0.2001896436740092
0.2002412180732459
0.2003023790560396
0.2003691329018819
0.2004472997243598
0.200550450740508
0.2007110863320297
0.2008934696492145
0.201095442189905
0.2013229029499442
0.2015257698196969
0.2016809380859595
0.2018645148511944
0.2020350270294098
0.202188645095615
0.2023830289543219
0.2027717966717357
0.2032877473933997
0.2038792708918735
0.2045852961953668
0.2054815077696988
0.2067506623059377
0.2084557831092747
0.2099
0.209907612289939
0.2099228368698169
0.2099532860295727
0.2099766430147863
0.21
0.2100076122899389
0.2100186170381343
0.2100402263301278
0.2100653584320003
0.2100900146740992
0.2101145087960976
0.2101359352703127
0.210156424549656
0.2101782505247681
0.2102053038871631
0.2102400100520967
0.2102711023163066
0.210300170365862
0.2103256558257721
0.210349247341335
0.2103746259793221
0.2104088261885534
0.2104442970882963
0.2104778906481849
0.2105121064706524
0.2105497326041564
0.2105960051802228
0.2106512041656623
0.2107054862768861
0.2107615776768174
0.2108229830114461
0.2108938856581855
0.2109776758808043
0.2110843830830682
0.2112115404802051
0.2113751404905383
0.2116122529865372
0.2118496949500584
0.2120587184715899
0.2122736593186105
0.212439367959753
0.2126138102878885
0.2128109872464513
0.2130341716547313
0.2132932738157187
0.2137716777649522
0.2145797570156822
0.2157283471075609
0.2170887563798808
0.2186278900180485
0.2199
0.2199048975027658
0.2199146925082973
0.2199342825193605
0.2199522405696974
0.219967458457591
0.2199835580447079
0.22
0.2200048975027658
0.2200138053238352
0.2200263029017765
0.2200401358935422
0.2200549772012001
0.2200716152674871
0.2200865072439683
0.2201046190233844
0.2201176287554499
0.22013116122334
0.220142703348761
0.2201532137489056
0.2201661183408649
0.2201797036059013
0.2201986515990325
0.2202164030148705
0.2202319893280268
0.2202482804550444
0.2202664208594139
0.2202881963554051
0.2203161882202498
0.2203559370077347
0.2204076240530461
0.2204666437059521
0.2205375472849019
0.2206286803358618
0.2207612200755069
0.2209313456391608
0.221130669467255
0.2213818762649532
0.221706676668696
0.2220913408574314
0.222584161622382
0.2232231702368818
0.2237665861277059
0.2242634971490051
0.2246467424889326
0.2250655804312834
0.2253858756497354
0.225815142912042
0.2264783604940517
0.2269887593069488
0.2275361409801267
0.2281325919844089
0.2288996913533947
0.2299
0.2299153192133155
0.2299459576399463
0.2299729788199732
0.23
0.2300153192133154
0.2300327379442769
0.2300580398336424
0.2300979801056863
0.2301298080684809
0.2301601230451023
0.2302091410227823
0.2302680426187677
0.2303162362782139
0.2303638669664149
0.2304169956925388
0.2304869662252432
0.2305963872279254
0.2307108535125672
0.2308325029457754
0.2309892922806411
0.2312118841931788
0.231501877875516
0.2318531730616839
0.2322862219954213
0.2328311725635606
0.2335246629158769
0.2344084881131662
0.2355373275276176
0.236991208035683
0.2388894345591648
0.2399
0.2399065870845496
0.2399197612536489
0.2399461095918475
0.2399682989319135
0.2399841494659568
0.24
0.2400065870845496
0.2400142020485536
0.2400269059203971
0.2400433718160679
0.2400586069492423
0.2400806913255203
0.2401020789989732
0.2401220832837777
0.2401423707515302
0.2401661733934774
0.2401886504139516
0.2402116685665291
0.2402387450045203
0.2402695215874817
0.240305406850674
0.2403442097461966
0.2403877675522903
0.240446993168376
0.2404678511208036
0.240505519005891
0.2405428291279028
0.2405891540683939
0.2406818039493761
0.2408131167318013
0.240974568474222
0.2411791527406461
0.2413507453794743
0.2415193673995577
0.2417800808911939
0.2420976063642657
0.2426170408421954
0.2431056163332992
0.2433336503227699
0.2437683375140789
0.2442166446038195
0.2448097373689783
0.2455899923705916
0.2470379733521077
0.2488627865788776
0.2499
0.2499238363542776
0.2499619181771388
0.25
0.2500238363542776
0.2500531014222932
0.2500859493741253
0.2501342263453966
0.2501850752897318
0.2502366624947669
0.2502972341817576
0.2503505458350416
0.2504296090905733
0.250501650669945
0.2505768055994274
0.2506705910945676
0.2508101643825528
0.2510072680076037
0.2512971990303089
0.2517672880123862
0.2525214023357069
0.2535295919229638
0.2549203618557762
0.2570083008605367
0.2599
0.259906483343216
0.259919450029648
0.2599453834025121
0.2599666674021274
0.2599865890937551
0.26
0.260006483343216
0.2600143339605128
0.2600241914576171
0.2600367643562931
0.2600563433537673
0.2600717729210568
0.2600941930926818
0.2601209796426528
0.2601530034919998
0.2601875900652851
0.260218956377361
0.2602562700829554
0.2603014349452634
0.2603554795551142
0.2604178178723095
0.2604896903969903
0.2605745985322591
0.2606775345365846
0.2608055222214187
0.260968217355268
0.2611793763564906
0.2614469024613298
0.2617853704570932
0.2618968316628455
0.2620699419482301
0.2622310648393603
0.2623921266073496
0.2627142501433282
0.2633584972152854
0.2645224827268892
0.2659985877249692
0.2676740522562845
0.2692241191058103
0.2699
0.2699125138784902
0.2699375416354708
0.2699687708177354
0.2699843854088677
0.27
0.2700125138784903
0.2700251994008713
0.270042117633938
0.2700664243692732
0.2700909214838591
0.2701182476606852
0.2701514445601099
0.2701845659474275
0.2702194895713535
0.2702622947139173
0.2703138358532232
0.2703682542692419
0.2704343573320975
0.2705247957946411
0.2706151538405786
0.2706856658456407
0.2707517099070915
0.2708165626019633
0.2708642144367891
0.2709113915911328
0.2709940847517541
0.2710589961265434
0.2711245283345625
0.2712078490351277
0.2713061452584659
0.2714550887106922
0.2717420178407471
0.2723158761008569
0.2731125357709844
0.2741651364837705
0.2753657023357585
0.2767634070764331
0.278459263392687
0.2799
0.2799070583828818
0.2799211751486453
0.2799494086801725
0.2799740869227024
0.28
0.2800070583828818
0.2800180488696083
0.2800338708458689
0.2800532774889295
0.280076149141762
0.2800979278010794
0.280122332076508
0.2801496026810481
0.2801752360102244
0.2802080309844452
0.2802322174104927
0.2802713189354598
0.280309526181744
0.280346307440719
0.2803881155609479
0.280439930173666
0.2805101247682253
0.2805997911838219
0.2807095303697084
0.2808231364526979
0.2809271141480895
0.2810285320691015
0.2811397247971343
0.2813206827003197
0.2814477958366531
0.2815515945857069
0.2816574654780296
0.2817703976689882
0.2819068218401385
0.2820761575236032
0.2823032117473249
0.2825210543620112
0.2827457377056545
0.2829315662477046
0.283128115389865
0.2833090475869546
0.2834885052874405
0.2836631286379802
0.2838340271079645
0.2840032658549778
0.284223764657115
0.2844007184742076
0.2845270089711267
0.2846444335838552
0.2847684005211312
0.2849313826096415
0.2851683338966244
0.2853348470638843
0.2854965140206161
0.2856736005070796
0.2858831026479716
0.28614751992363
0.2865184347185414
0.2870885360301798
0.2880953803764629
0.2895002762056998
0.2899
0.2899078176618697
0.2899234529856092
0.2899547236330882
0.2899773618165441
0.29
0.2900078176618697
0.2900179696103116
0.2900374908877917
0.2900613899651606
0.2900931743852951
0.2901243255474828
0.290149957463838
0.2901725790152574
0.2901941513699202
0.2902171249617274
0.2902495873303505
0.2902782704218336
0.2902991577572394
0.2903172076042095
0.2903330288168313
0.2903472690807777
0.2903610408365004
0.2903756923182167
0.290395059184425
0.2904170066424224
0.2904330095736075
0.2904483701762989
0.2904647261336464
0.2904833958606065
0.2905070891975938
0.2905305610046074
0.2905551446340207
0.2905837157649753
0.290610774916569
0.2906300674864463
0.2906469085471977
0.290663254400535
0.2906806765292713
0.2907032068359799
0.2907247455825749
0.2907467336616665
0.2907677362614778
0.2907896271614536
0.2908141743814163
0.2908440075770863
0.2908812410843551
0.2909319572950647
0.2910054087254617
0.2910929337418328
0.2911575415290377
0.291206306471955
0.2912614307072807
0.2913498843464575
0.2914194760807538
0.2914943105371834
0.2915909103617866
0.2917095389534691
0.2919010622286015
0.2922492546661203
0.2926444674666082
0.2930880495605467
0.2935955292114391
0.2941778690422651
0.2948575763409225
0.295664364908436
0.2966124684462615
0.2977167947511403
0.2989992723406831
0.2999
0.2999140475514893
0.2999421426544678
0.2999710713272339
0.3
0.3000140475514892
0.3000323037105099
0.3000500730674399
0.3000854856272169
0.3001184792852663
0.3001442207117391
0.3001761104353328
0.3002281183260271
0.30026716364624
0.300302944608907
0.300374506534241
0.3004276660798238
0.3005053954930638
0.3006490504746143
0.3008864225771409
0.3012053227281595
0.3016469190727151
0.3023231469708477
0.3034272194199623
0.3049859829078355
0.3074431353930393
0.3099
0.3099052834400014
0.3099158503200042
0.3099369840800097
0.3099566525528372
0.309976453983879
0.3099882269919395
0.31
0.3100052834400014
0.3100109689226886
0.310021827680488
0.3100338054389017
0.3100502486904035
0.310066371638573
0.3100791805155143
0.3100906896890255
0.3101032098541964
0.3101148426797863
0.3101313714389099
0.3101471166148545
0.3101645086511334
0.3101795768284936
0.310195099851252
0.3102128141983531
0.3102344126244365
0.3102627846014312
0.3103041580667261
0.310343012771667
0.3103802913452924
0.3104548484925431
0.3105384408751569
0.3106107347721649
0.3106910180337233
0.3107694808176028
0.3108495747207022
0.3109400592407804
0.3110237003572621
0.3111104683933825
0.3111908451597671
0.3112725601263665
0.3113597996851019
0.3114415618673547
0.3115095585723639
0.3115690596230261
0.3116320279691157
0.311695262931338
0.3117641106819564
0.3118268758120141
0.3118924665894607
0.3119668123648164
0.3120586723925898
0.3121552917999392
0.3122389860405259
0.3123163119661103
0.3123973526651994
0.3124583380045372
0.3125353406594545
0.3125966216707438
0.3126505986195112
0.3127052930123659
0.3127655193579636
0.3128484438917645
0.3129482165785081
0.3130227890369305
0.3130956498266113
0.3131738346819755
0.313265699935547
0.3133787714768713
0.3135321086516544
0.3137559014157855
0.3141174896389935
0.3148061442141207
0.3155897475304353
0.3164451454404883
0.3174243405473705
0.3184459039870013
0.3196314742642652
0.3199
0.3199088905675385
0.3199266717026156
0.3199469795923472
0.3199673572393304
0.3199865943606305
0.32
0.3200088905675386
0.3200184840798948
0.3200287666645746
0.3200452985836926
0.3200598282765149
0.3200730273792911
0.3200887468383871
0.3201037650888391
0.3201317159530933
0.3201559857007945
0.3201757509187749
0.3201954741722335
0.3202263655867348
0.3202595139797771
0.3203031431262056
0.3203458038858993
0.3203830503090771
0.3204320124751472
0.32048956545711
0.3205667770612687
0.3206809109647812
0.3207811247824764
0.3208910732478721
0.320997480829137
0.3210753018671518
0.3211479559373278
0.3212608954075231
0.3213715335645465
0.321479664059257
0.3215962412342553
0.3217401244019811
0.321940336754291
0.322264076547278
0.322911556133252
0.3239701063163322
0.3251738898712445
0.3265704840432362
0.3282735809289277
0.3299
0.3299026619130527
0.3299079857391582
0.3299186333913693
0.3299314021336071
0.3299423924568617
0.3299527951076431
0.3299636254659599
0.3299796753678546
0.3299898376839273
0.33
0.3300026619130528
0.3300069366560946
0.3300154861421782
0.3300255062754705
0.3300379233076081
0.3300519697162263
0.330065157992705
0.3300796413446546
0.3300929469784512
0.3301047194423344
0.3301158811735642
0.3301272863568548
0.3301408829070235
0.3301556448769395
0.3301686426740675
0.3301799406658498
0.3301904786511795
0.3302002104278779
0.3302089436765601
0.3302167738957787
0.3302240964093328
0.3302315419364215
0.3302404304114811
0.3302506093069353
0.3302592280541509
0.3302670267526778
0.3302750455511335
0.3302838233855536
0.3302944175047769
0.3303073764976234
0.3303206023150801
0.330333116940502
0.3303449338539893
0.330356732897961
0.3303703294668791
0.330378293040236
0.3303878884484163
0.3303958131806086
0.3304025695271175
0.3304092726040704
0.3304165943080341
0.3304271583595876
0.3304375577590178
0.3304458394210275
0.3304541708557377
0.3304632563382157
0.330473979515774
0.3304881534702487
0.3305062711299731
0.3305286027544337
0.3305487331362334
0.3305648562010191
0.3305782191788766
0.3305954474184281
0.3306055006167619
0.3306161542480464
0.3306259863599406
0.3306372724864985
0.3306475566966928
0.3306681251170812
0.3306809548845905
0.3306945038254268
0.3307108613985988
0.3307258286820842
0.3307426116229876
0.3307630146444312
0.3307892090041084
0.3308249696206382
0.3308714944141282
0.3309265063208048
0.3309943556514228
0.3310805484558614
0.3311822877976436
0.331264065299449
0.3313273722835056
0.3313868854366906
0.3314664219585901
0.3315394497513742
0.3315997481401213
0.3316634593034156
0.3317359042183652
0.3318294886394699
0.3319111893879229
0.3319834779078294
0.3320547525679132
0.332138915448733
0.3321948865857483
0.3322535460151614
0.3323057128272958
0.3323546026535166
0.3324063000455021
0.3324671817540191
0.3325420932169391
0.3326189136790311
0.332685296914253
0.3327523541152783
0.332825219844271
0.3329119316440468
0.3330180735710351
0.3331602168208522
0.333363147098605
0.3336797242871979
0.3342838165327386
0.3349971010819701
0.33562656954563
0.3360900306881683
0.3365561317492797
0.337342210758071
0.3380019262676329
0.3386968402733467
0.3394674324853958
0.3399
0.3399245888029571
0.339967441794179
0.34
0.3400245888029571
0.3400446178542361
0.3400716015570363
0.3401122685997841
0.3401551122875775
0.3402068034673089
0.3402503726629514
0.3403136934594357
0.3403826814769703
0.3404689199656984
0.3405700321541323
0.3406869582611805
0.3408227230815734
0.3409801539605951
0.3411629457655753
0.3413526762278887
0.3415337458253981
0.341707334119008
0.3418810822733414
0.3420734360139144
0.3423703442486395
0.3426086680203784
0.342802434726543
0.3430000476349762
0.3432149180314885
0.3434476170832205
0.3436685269551438
0.3439045696499594
0.3442092363864762
0.3445395345505728
0.3448676963564172
0.3451943582254347
0.3455547027492042
0.3459962252505194
0.3464623096606307
0.3470839710014952
0.3475709927955662
0.348088873945004
0.3490000875388417
0.3499
0.3499062912951889
0.3499188738855668
0.3499440390663224
0.3499667376004085
0.3499833688002043
0.3499916844001022
0.35
0.350006291295189
0.3500117525893409
0.3500226751776448
0.3500419141970833
0.3500633611247708
0.3500855743301927
0.3501083092011305
0.3501380106966463
0.3501604499343435
0.35017637542941
0.3501911207246358
0.3502067769902036
0.350228754008063
0.3502513413470058
0.3502708833874011
0.3502909094995774
0.3503129808787044
0.3503302887557428
0.3503463054793887
0.3503631715067181
0.350383868512762
0.3503997261280246
0.3504180228844472
0.3504341696321927
0.3504559263972006
0.3504782460326535
0.350507154075423
0.3505305356359635
0.3505553438736291
0.3505850168009421
0.3506235516835043
0.3506807564392016
0.3507545950613908
0.3508455338265654
0.3509385996685885
0.3510363542527854
0.3511431409528715
0.3512670639800721
0.3514129964856031
0.3515978762249985
0.3518176952033251
0.3520740579588117
0.3522950429886381
0.352535785608313
0.3527124877349246
0.3529033662123106
0.3532243548220481
0.3534825594756541
0.3537553325219475
0.3540590636522137
0.3544550892871988
0.3550523296030992
0.3561942462818649
0.3577446110436753
0.3596086618619246
0.3599
0.3599053021841752
0.3599159065525255
0.3599371152892261
0.3599581224514927
0.3599797737960877
0.36
0.3600053021841751
0.360013811646871
0.3600301029257925
0.360051710832383
0.3600718444255039
0.3600969210048833
0.3601276366008032
0.360160981682773
0.3601965868612349
0.3602377286042892
0.3602843108203982
0.360337038423832
0.3604043642422066
0.3604545623075057
0.360517582137915
0.360584640563392
0.3606638507979706
0.3607642234088563
0.3608984190663821
0.3610632425543133
0.3612546612950548
0.3614823543827018
0.3617639154910293
0.3621237056261902
0.3625975927007502
0.3632468678839037
0.3638448883385083
0.3643464873713393
0.364819435062131
0.3652809327792916
0.3657744541568115
0.3666084837377319
0.3677751575560718
0.3694233880955343
0.3699
0.3699129437915369
0.3699388313746108
0.3699694156873054
0.3699847078436527
0.37
0.3700129437915369
0.3700250913897609
0.3700381934695186
0.3700569553387777
0.3700827639318258
0.370102568018423
0.3701306197090014
0.3701692057428379
0.3702026919565207
0.3702329276495978
0.370264443771427
0.3702987925612576
0.3703393038859329
0.37039477929924
0.3704781562494759
0.3705645177043017
0.3706549785595036
0.3707705585655863
0.3709332339788895
0.371184618748078
0.3714896451338923
0.3720111389956471
0.372433862153804
0.3727677924340646
0.3729347575741949
0.3732209010683363
0.3735375240604004
0.3740100846760543
0.3747050226061636
0.3759160009887296
0.3773098901254106
0.3789599932711943
0.3799
0.3799128191168069
0.3799384573504208
0.3799692286752104
0.3799846143376052
0.38
0.380012819116807
0.380024328859317
0.3800449431065142
0.3800677613815116
0.3800902062959301
0.3801155305136977
0.3801475323454916
0.3801799118570301
0.3802105722842112
0.380244015253799
0.3802855126109169
0.3803424039625887
0.3804036675633722
0.3804682719167497
0.3805510847462532
0.3806584931028069
0.3807887070950783
0.3809440438447744
0.3811389469773921
0.3813797704827285
0.3816744303249192
0.3820478990054704
0.3825482798402786
0.3832801452762612
0.3845264250468008
0.3870189845878801
0.3899
0.3899088461842715
0.3899265385528145
0.3899619232899004
0.3899809616449502
0.39
0.3900088461842715
0.3900181410307119
0.3900346244668955
0.3900575048144838
0.3900827872460967
0.3901142277283022
0.3901443749027548
0.390173702247422
0.390207406767202
0.3902487528015274
0.3902957556268492
0.3903403102610257
0.3903889470837098
0.3904495227985188
0.3905335602570546
0.3906340837515632
0.390748925544943
0.3908842247080906
0.3910571016242993
0.3912776781763929
0.3915776728934167
0.3920238097820998
0.3928018695005522
0.394357988937457
0.3970424049304589
0.3999
0.3999154259465455
0.3999462778396365
0.3999731389198183
0.4
0.4000154259465455
0.4000335650000522
0.4000543617172551
0.4000846042932575
0.4001106864968711
0.4001499362325881
0.4001942713366021
0.4002382793361964
0.4002822377635124
0.4003312232018947
0.4003917543118616
0.4004690669727412
0.4005554726227414
0.4006562720115551
0.4007844354472822
0.4009575203106281
0.4011832906965852
0.4014621810504956
0.401819500000572
0.4023060321302357
0.4030399317651083
0.4043793291685638
0.4070581239754749
0.4099
0.4099145091961935
0.4099435275885805
0.41
0.4100145091961935
0.4100383211007404
0.4100622111499685
0.4100916754864064
0.4101272358594804
0.4101597640851121
0.4101959780141561
0.4102381325163995
0.4102918063945722
0.4103410639759052
0.4103961271216878
0.4104608459469378
0.4105360565199923
0.4106415091480894
0.4107809988802808
0.4109497093539067
0.4111610021800597
0.4114394618895263
0.4118395425736487
0.4125051088875097
0.4138362415152317
0.4164985067706757
0.4199
0.4199112206127238
0.4199336618381715
0.4199668309190858
0.4199834154595429
0.42
0.4200112206127238
0.4200249740244756
0.4200431104597237
0.420073418953593
0.420102521719307
0.4201324378296954
0.4201712198639661
0.4202198004564147
0.4202716842585155
0.4203306898402274
0.4204024993095239
0.4204659227829782
0.4205510607486818
0.4206533353433041
0.4207752369274653
0.4209344672181788
0.4211319326113183
0.4213638248124001
0.4216485866394704
0.4220047343926123
0.4224730693126753
0.4231382524928636
0.4242082276656444
0.4260444543484134
0.4269456818849544
0.4278200022372414
0.4287803775759647
0.4298586669887121
0.4299
0.4299053611146034
0.4299160833438101
0.4299306613369672
0.4299501341436926
0.4299659320672966
0.4299814730417392
0.429998393335612
0.43
0.4300032133287759
0.4300064861200783
0.4300119303011068
0.4300228186631639
0.430035135436606
0.4300486633752989
0.4300641208355999
0.4300831473515691
0.4301005069742275
0.4301188946227366
0.4301410053806526
0.4301691336765905
0.4301991641529337
0.4302319300499661
0.4302689109064122
0.430287959766282
0.4303060913467813
0.4303228504478865
0.4303383504966942
0.430351118827966
0.4303659494588846
0.4303780627533132
0.4303889421663186
0.4304021404590702
0.4304161837201822
0.4304364363279476
0.4304555631012233
0.4304722089623664
0.4304896499781084
0.4305090439302444
0.4305324176259506
0.4305629977883995
0.430605517105545
0.4306687382317595
0.4307709009019368
0.4309646835085083
0.4312030398303913
0.4314935402163299
0.4318486669275355
0.4323400705108397
0.4331222592745429
0.4340620512247354
0.4348264068589688
0.4355668742696864
0.4360908001836071
0.4365818462130029
0.4371147203054685
0.4379721879994806
0.4387411887451755
0.4395238801391566
0.4399
0.4399042576485471
0.4399127729456414
0.4399298035398298
0.439944883450738
0.4399606704671127
0.4399806316045048
0.44
0.4400042576485471
0.4400127729456413
0.4400217038394869
0.4400395656271779
0.4400542787227112
0.4400719977765117
0.4400925543635675
0.4401103706662375
0.4401253822923604
0.4401391411629354
0.4401530119860121
0.4401699700950772
0.4401846670203122
0.4401997456429904
0.4402139204547025
0.4402283696699196
0.4402442383916686
0.4402616790985179
0.4402778497057003
0.4402902033993303
0.4403004122434834
0.440311125181357
0.4403214628111733
0.4403327216189752
0.4403432615057825
0.4403543532264374
0.4403675217568927
0.4403832510918193
0.4404046587434692
0.4404283692802523
0.4404470482516977
0.4404624371039814
0.4404762948888502
0.440489945713758
0.4405062077187663
0.4405181752583135
0.4405315990375179
0.4405432881097526
0.4405537714416382
0.4405638936344786
0.4405739777620619
0.4405847433870747
0.4405978536994303
0.440609956084665
0.4406236508090117
0.4406360657311865
0.4406484546507363
0.4406619257015454
0.4406773054913738
0.4406962391724105
0.4407200666935425
0.4407523847124163
0.4407994832676404
0.44087599865877
0.4410276887715899
0.4412094572264493
0.44141214032095
0.4416434242332568
0.4419082400703885
0.4422151740332582
0.4425739783538823
0.4429944820896409
0.4434879269695412
0.4440667940562475
0.4447481149326882
0.4455519191438744
0.4465044407617197
0.4476374915058942
0.4489981261661121
0.4499
0.4499052188930609
0.4499156566791828
0.4499365322514265
0.4499553368333959
0.4499733759856099
0.4499866879928049
0.4499933439964025
0.45
0.4500052188930609
0.4500103266207569
0.4500205420761487
0.4500384479547243
0.4500578111656667
0.45007793925585
0.4501007091098355
0.4501267755047497
0.4501571152475987
0.4501926633435128
0.4502342662922627
0.4502829141162999
0.4503333396584069
0.4503801503422398
0.4504265121655661
0.4504783487249299
0.450527602903021
0.4505822882996786
0.4506247509492353
0.4506601177563799
0.4506915558706648
0.4507204171588143
0.4507493697508484
0.4507826156688793
0.4508161613957633
0.450853678030904
0.4508864487296241
0.4509190897352063
0.450954681671706
0.4509957975380254
0.451045209187973
0.4511065831125192
0.4511610629239511
0.451201595715805
0.4512367935734957
0.4512711708298311
0.4513091623882141
0.451363959823096
0.451422379062626
0.4514687575109744
0.4515153554583706
0.4515660242002843
0.4516270530656986
0.4517035946057966
0.4518100554217087
0.4519699683090117
0.4522134412142817
0.4524851706977511
0.4527985337853481
0.4531809542391804
0.4536525561304352
0.4542087037427948
0.4548565086282164
0.4556152944965189
0.4565160579051587
0.4575826566867181
0.4588309669725801
0.4599
0.4599101483346104
0.4599304450038311
0.4599572902577578
0.4599786451288789
0.46
0.4600101483346104
0.4600232957415642
0.4600393383015225
0.4600599845841898
0.4600829063563527
0.4601090354367368
0.4601366959239605
0.4601620686524662
0.4601889702734063
0.460223623998446
0.4602680469617532
0.4603057847542859
0.460345414232113
0.4603909050136147
0.4604501673812806
0.4605026596520875
0.4605456205239546
0.4605878074556601
0.4606269102717038
0.4606593224246264
0.4606873688932624
0.4607267827701276
0.4607737578902211
0.4608147445639986
0.4608589467742428
0.4609104986541336
0.4609740883427977
0.4610634864619985
0.4612054943426182
0.4614895101038576
0.4619451976412473
0.4626224664965927
0.463572526721325
0.4646381213099955
0.4658760570768128
0.4672980026992485
0.4690586208303389
0.4699
0.4699107973605967
0.4699323920817902
0.4699661960408951
0.4699830980204476
0.47
0.4700107973605968
0.4700231729856572
0.4700421965578157
0.4700698847840522
0.4700992471911572
0.4701312222250369
0.4701671358228404
0.4702052842329225
0.4702489626569459
0.4702912488038009
0.4703369122679869
0.4703932843705099
0.4704601764992232
0.4705347469041597
0.470617366531231
0.4707170891634238
0.4708485111622279
0.4710161518920482
0.4712262386065806
0.4714803274897869
0.4717892739804235
0.4721781392161649
0.4726958334542949
0.4734465096092781
0.4747038142329575
0.4772184234803165
0.4799
0.4799055780219925
0.4799167340659774
0.4799390461539473
0.4799602417667359
0.4799805714902414
0.48
0.4800055780219925
0.4800137912095284
0.4800257113536564
0.4800455461051048
0.4800672216632047
0.480083022574166
0.4801035628599241
0.4801318923648187
0.4801652193958905
0.4801939529767834
0.4802212684654417
0.4802507769443085
0.4802837936938174
0.480316089112015
0.4803506483668169
0.4803883218810905
0.4804250621281747
0.4804599365302202
0.4804931826990764
0.4805278311514029
0.480566318408755
0.4806109603177883
0.4806520282116793
0.4806838224220597
0.4807110527782575
0.48074074186093
0.4807673138622468
0.4807964346052257
0.4808245959629355
0.4808546496667188
0.4808908347777585
0.4809346758226378
0.480990534000206
0.4810368054163971
0.4810755697408668
0.4811114948740696
0.4811483402287536
0.4812018520317504
0.481240326620853
0.4812685130561322
0.4812943638799706
0.4813194933597785
0.4813468698527695
0.4813829522537416
0.4814168479788422
0.4814508341049963
0.4814832991739142
0.4815169551957548
0.481554419738198
0.4815995584415482
0.4816550229818676
0.4817290782523376
0.4818344794625458
0.4819537067900135
0.482097470622215
0.4822831083479227
0.4824466034144051
0.4826098094960237
0.482783727838623
0.4829997797979754
0.4832183485338806
0.4834064498724232
0.4835804810616941
0.4837801687686152
0.4839625618665572
0.4841478710826838
0.4843286219675766
0.4845044569575173
0.4846876211621595
0.4849087875702457
0.48504976824761
0.485191419089099
0.4853216946815463
0.4854513671866212
0.4856046719101849
0.4858816739250025
0.4860827428714978
0.4862585837030957
0.486447076270503
0.4866586013803596
0.4869267273798841
0.487301410749336
0.4878377221368925
0.4887809943089598
0.4899
0.4899061452948033
0.4899123573897498
0.4899153833818168
0.4899184366021695
0.4899222480218162
0.489927444859275
0.4899362868593145
0.4899504111822314
0.4899648219721928
0.4899790135912967
0.4899895067956483
0.49
0.4900041873431172
0.4900100914097597
0.4900154018544853
0.4900260227439364
0.4900372983956786
0.4900474862050375
0.4900585334619628
0.4900709765955926
0.4900820407588709
0.4900921971628555
0.4901022514862161
0.4901132552655894
0.4901297593245976
0.490143472646432
0.4901544224109082
0.4901653626592802
0.4901768792816423
0.4901892717464827
0.4902008817312496
0.490209717806664
0.4902169621659402
0.490224490567981
0.4902319657818164
0.4902400954736741
0.490247588626094
0.4902554719010587
0.490264458429564
0.4902755789434574
0.4902907040764293
0.4903051179583901
0.4903164778290356
0.4903259046034232
0.4903341242737221
0.4903416990844479
0.4903492192993852
0.4903573640103616
0.4903678164267344
0.4903763677975306
0.4903852930391351
0.4903932732141039
0.4904006412582749
0.4904078012354112
0.4904148593034922
0.4904220366372877
0.4904297279013331
0.4904389259464595
0.490448134333227
0.4904584312514073
0.4904674662614951
0.4904763961456631
0.4904860356977329
0.4904970049756978
0.4905105270846232
0.4905275613510202
0.4905507180668882
0.4905845262352839
0.490639553530546
0.4907197922487364
0.4908060223871693
0.4909046565460888
0.4910178777582368
0.4911598513120692
0.4913544268092463
0.4915834152552753
0.4918453880426858
0.4921462602502167
0.4924925427316021
0.4928936902001548
0.4933605660965503
0.4939055437309669
0.4945435297125813
0.4952931947013541
0.4961789227281301
0.4972336816728218
0.4985130879920163
0.4999
0.4999043754712972
0.4999131264138915
0.4999306282990802
0.4999445006162359
0.4999572573727039
0.4999701531952922
0.4999836456297658
0.4999918228148829
0.5
0.5000043754712972
0.5000094138458557
0.5000186317568605
0.500029190099492
0.500041080417738
0.5000543856795319
0.5000698944370519
0.5000840423952302
0.500099191198947
0.5001174307636879
0.5001405058589571
0.5001778731491288
0.5002254811382111
0.5002875064938338
0.5003640267109354
0.5004517077533858
0.5005529418717727
0.5006704701894773
0.5008074744616466
0.5009677758101747
0.5011555073314037
0.5013753326789294
0.5016326311427913
0.5019336607401446
0.5022857701995533
0.5026927850647137
0.5030584762645722
0.5033445894725396
0.5035809250954764
0.5037903820240509
0.5039988734935639
0.5041825284950009
0.5043568040911777
0.50449425844034
0.5046184527753955
0.504751956453345
0.5048691622460197
0.5050172625863641
0.5051477340001456
0.5053210644024421
0.5055055502420426
0.5056380025966614
0.5057574613772496
0.5058826014878229
0.5060247091891232
0.5062083970525286
0.5063657800683534
0.5065281567794255
0.5067040464819923
0.5068995835052835
0.5071251043242594
0.5073843797039188
0.5076915010732818
0.5080412893167615
0.5084432699116541
0.5089381008012349
0.5095852494315614
0.5099
0.5099131447728995
0.5099394343186985
0.5099737656865786
0.51
0.5100131447728995
0.510027665577158
0.510045171549547
0.5100756309620551
0.5101035496891521
0.5101333773530772
0.5101681973423504
0.5102119332449827
0.5102616962239929
0.5103137179626456
0.5103713561341353
0.5104291878235464
0.5104945525946539
0.5105550189695797
0.5106228801536753
0.5106828636338432
0.5107421370738746
0.5108063464172226
0.510876476763377
0.5109457369505582
0.5110023273095446
0.5110487417193843
0.5110937288074785
0.51115374939668
0.5112120962484108
0.5112587652851502
0.5113065987369247
0.5113594723357557
0.511425291389066
0.5115102794150745
0.5115847688876589
0.5116497078484625
0.5117127096665453
0.5117855138142017
0.5118347299205265
0.5118873653121204
0.5119338575484857
0.5119773164738518
0.5120233132591744
0.5120779874493648
0.5121386922364831
0.5122041280174445
0.5122624596090432
0.5123219007724932
0.5123873755082256
0.5124662137541072
0.5125640788429173
0.5126981465863155
0.5128964297524966
0.513237059275961
0.5137822234203668
0.5143929424321083
0.5150762251294401
0.5158553722770967
0.516752771000641
0.5178086659680752
0.5190701473871974
0.5199
0.519905197829436
0.519915593488308
0.5199363848060519
0.5199534033858938
0.5199716916029283
0.5199858458014641
0.52
0.520005197829436
0.5200136581421416
0.5200287057324242
0.5200479452653582
0.5200648413336195
0.5200812959115854
0.5200964206786924
0.5201120453153277
0.5201317226910003
0.5201576147097805
0.5201797929992209
0.5202014220227914
0.5202260227427449
0.520254646837357
0.5202933772362929
0.520352560068986
0.5204690963966587
0.5207021690520042
0.5210235258597121
0.521666239475128
0.5229516667059598
0.5235758728513763
0.5248242851422092
0.5273211097238751
0.5299
0.5299065903498559
0.5299197710495676
0.5299461324489909
0.5299651625004576
0.5299825534290041
0.53
0.5300065903498559
0.5300161596063272
0.5300300651879718
0.5300460945440822
0.5300632427548951
0.5300834382702124
0.5301045573091799
0.5301263891810517
0.5301529531948223
0.5301892229234987
0.5302319330744467
0.530281886782903
0.5303402556933415
0.5304086429608492
0.5304885107319895
0.5305794608838142
0.5306828930775822
0.5308004813815212
0.5309324877159151
0.5310824075210978
0.5312548372917971
0.5314541772927918
0.5317003368769145
0.5320169249459935
0.5324681835166222
0.5332430819318036
0.5347928787621664
0.5374175206239457
0.5398999999999999
0.5399087985849106
0.5399263957547319
0.5399615900943745
0.5399807950471873
0.54
0.5400087985849107
0.5400219171483034
0.5400407784854837
0.5400637785008006
0.5400886412253986
0.5401206512828545
0.5401555981874315
0.5401970975226599
0.5402567936564824
0.5403524954451004
0.5404636541494653
0.5405918727776591
0.5407427902823052
0.5409200741410816
0.5411418041547478
0.5414231872915637
0.5417255934653867
0.5420462227353857
0.5424039120309936
0.5428109561817163
0.5433103939325756
0.5439532762102403
0.5448687516848307
0.5464218361317014
0.5495280050254426
0.5498999999999999
0.5499048963709107
0.5499146891127321
0.5499340566259894
0.5499508912519709
0.5499685863403131
0.5499833661741366
0.5499916830870684
0.55
0.5500048963709108
0.5500104079173469
0.5500196654978391
0.5500297641844489
0.5500397368136769
0.5500494787626435
0.5500597942439287
0.5500714075642104
0.5500812303006551
0.5500887693742065
0.5500956457216288
0.5501025383991673
0.5501103261570937
0.5501220180504095
0.5501332710350885
0.5501423513573735
0.5501514956320649
0.5501613512984895
0.5501731041897647
0.5501876567261951
0.5502073450610445
0.5502358016002018
0.5502810986133709
0.5503507743260737
0.5504437694343165
0.550579578240033
0.5508141012585273
0.5512831472955158
0.5522148336081898
0.5540782062335379
0.5570110030113035
0.5599
0.559922371082822
0.5599671132484659
0.56
0.560022371082822
0.5600446631170408
0.5600758419781124
0.5601197391528719
0.5601636943923942
0.5602144544408448
0.5602720667838305
0.5603418574875019
0.5604426957507475
0.5606191600560589
0.5608885713823445
0.5613006874991787
0.5621249197328472
0.5637733842001841
0.5670703131348579
0.5699
0.5699059470585598
0.5699178411756795
0.5699340420678768
0.5699498669631224
0.5699654878618509
0.5699838170927515
0.5700000000000001
0.5700059470585599
0.5700155944721336
0.5700319939673697
0.5700485256879327
0.570065911068801
0.570084754347686
0.5701056917209537
0.5701332926724851
0.5701710323658005
0.5702162152228627
0.570271760096852
0.5703308913302961
0.5703962492118886
0.5704708946284794
0.570560374199605
0.5706855864360427
0.5708712043401613
0.5712424401483983
0.5718954148239828
0.5728820659538739
0.5748553682136562
0.5788019727332209
0.5799
0.5799120504077365
0.5799361512232096
0.5799680756116048
0.5799840378058023
0.58
0.5800120504077365
0.5800246277925293
0.5800414887597655
0.5800636240215508
0.5800875776657962
0.5801155227777128
0.5801451661332004
0.5801768092608731
0.5802157931085821
0.5802683124682896
0.5803326113132413
0.58040742272237
0.5804942748095876
0.5805951398933401
0.5807126997415073
0.5808501436360509
0.5810110204172131
0.581199365813013
0.5814198222599309
0.5816777744958135
0.5819794902357465
0.5823314434289389
0.5827016545975844
0.5830592998030583
0.5834098364486534
0.5837667948088259
0.5841623739080833
0.5847309502089053
0.5852606914710895
0.5856715115944433
0.5860746170134358
0.5865039150792408
0.587006007438682
0.5875645874019992
0.5882673725435581
0.5889953350230875
0.589792094306809
0.5899
0.5899143594374703
0.5899430783124109
0.5899683255925583
0.5899841627962792
0.59
0.5900143594374703
0.5900303529577583
0.5900465895587316
0.5900790627606781
0.5901180219979711
0.5901623879302625
0.5902114555512545
0.5902546799439273
0.590294567390983
0.5903354341770883
0.5903864546483255
0.5904265893082099
0.590466607941662
0.5905039571154089
0.5905398864296412
0.5905742520239309
0.5906042845002214
0.5906305249673667
0.5906566203382064
0.5906905946766888
0.5907279888493976
0.5907565107738214
0.590784974874883
0.5908160406607595
0.5908531056193486
0.5908939733331949
0.5909356329760654
0.5909863953370214
0.5910201153586552
0.5910556733931546
0.5910871316379889
0.5911161543686587
0.591146116109649
0.5911799253680241
0.591229796691034
0.5912781314345279
0.591316719958797
0.591355500267323
0.5913972362864932
0.591447070028407
0.5915089546451026
0.5915935036025401
0.5917177896985168
0.5919226866170035
0.5923324804539769
0.5929016020882342
0.5935009017787855
0.5941566218323635
0.5948907920229677
0.5957287891128401
0.5967084138530904
0.5978703239540631
0.5992487048956279
0.5999
0.5999062989790208
0.5999188969370625
0.5999440928531458
0.5999676357809447
0.5999850901560991
0.6
0.6000062989790208
0.6000150777218729
0.6000287954528133
0.6000422174506258
0.6000561484706803
0.6000693190489057
0.6000833504897893
0.6001021455918361
0.6001275403771739
0.6001465956032659
0.6001665272126321
0.6001886667305623
0.6002166776636714
0.6002575393742386
0.6003319357634563
0.6004560493732936
0.6006374457834892
0.6009706979013009
0.6016372021369242
0.6029702106081708
0.6053864292107638
0.6093659751276485
0.6099
0.6099052572348747
0.609915771704624
0.6099368006441226
0.6099566813202392
0.6099756573669338
0.61
0.6100052572348746
0.6100152242554902
0.6100279134127544
0.6100469979718781
0.6100672170806875
0.6100888278507519
0.6101134893184396
0.6101419876767786
0.6101754415875742
0.610214920439234
0.6102615149883485
0.6103165798789296
0.6103819071694774
0.6104568483514294
0.6105419174841121
0.6106386511459441
0.6107477814299032
0.6108733390826709
0.6110174045773912
0.6111934742721402
0.6114143320659745
0.6117170806474882
0.6122010080832428
0.6131688629547521
0.6147420031066411
0.6175332569736245
0.6199
0.6199129865692978
0.6199389597078935
0.6199694798539468
0.6199847399269733
0.62
0.6200129865692978
0.620025746748724
0.6200418806932582
0.6200695301476894
0.620096360415649
0.620126320720257
0.6201606322498814
0.6202039245011097
0.6202511802026605
0.6203039657714863
0.6203723729635546
0.6204670187685677
0.6205803735375801
0.6206896490934222
0.6208093779696833
0.6209585907698034
0.6211623297803226
0.6215129561784437
0.6222142089746859
0.623090333763266
0.6247657882254607
0.6281166971498502
0.6299
0.6299211995141959
0.6299635985425877
0.63
0.6300211995141959
0.6300426484667225
0.630070936537339
0.6301077498430407
0.6301466443940608
0.6301905585801819
0.6302400300899581
0.6302954936291358
0.6303682378444415
0.6304790887109906
0.6306237403400837
0.6307782695348122
0.6309469821165979
0.6311417616249602
0.631396068152791
0.6317596894668132
0.632452594448417
0.63373287312843
0.6355309025145789
0.6391269612868767
0.6399
0.6399245064944838
0.639962253247242
0.64
0.6400245064944838
0.6400469091226417
0.640074774105631
0.6401305040716094
0.6401901075570381
0.6402525024720789
0.6403234487149014
0.6404048363315866
0.6404999612590667
0.6406118842730621
0.6407433795498337
0.6408975968104988
0.6410781891504899
0.641289497910199
0.6415366750621461
0.6418257566223137
0.6421637643632285
0.6425317501141958
0.6428887276445983
0.6432387766347465
0.6435939290892244
0.643980530888655
0.6444908736185555
0.6451030431352464
0.645536028729765
0.6459435516194237
0.6463738160378664
0.6468602360652279
0.6474301936328065
0.6481562580719348
0.6492705413494723
0.6499
0.6499144716330889
0.6499434148992667
0.6499717074496334
0.65
0.6500144716330889
0.6500324139235653
0.6500491951855708
0.6500827577095819
0.6501180044141158
0.6501570242714382
0.6502056078954226
0.650248875426612
0.650288442288084
0.6503283581210946
0.6503749687284929
0.6504108593078765
0.6504523556685301
0.6504894538417247
0.6505232248552888
0.6505540498531603
0.6505806566549542
0.6506049755584383
0.6506310861287421
0.650672994424333
0.6507042863862122
0.6507311871392251
0.6507595041683362
0.6507921413395309
0.6508312513042273
0.6508670178261751
0.650897535091678
0.6509261695776877
0.6509548930189273
0.6509865067053866
0.6510292157824695
0.6510825799863976
0.6511212515675497
0.6511585913210289
0.6511985066016224
0.6512452195095669
0.6513027063941043
0.6513807180623477
0.6514944552850123
0.6516794830774265
0.652049538662255
0.652789649831912
0.6535753156779925
0.654351425112629
0.6551922335589084
0.6561289030431539
0.6572156211739117
0.6585139807741921
0.6599
0.659909723114139
0.6599291693424169
0.6599479624446091
0.659966956088153
0.6599834780440765
0.66
0.660009723114139
0.6600209816013173
0.6600361062734549
0.6600549895833355
0.660075407624093
0.6600975409938704
0.6601236664303631
0.6601495173494611
0.6601788360028664
0.6602161928426004
0.6602732447556233
0.6603809787548557
0.6604923508472303
0.6606140539804234
0.660770638401061
0.6610026048496571
0.6614665377468494
0.6622345870421553
0.663475101005711
0.6659561289328225
0.6698999999999999
0.6699058240695571
0.6699174722086715
0.6699407684869002
0.6699587586480412
0.6699784961174176
0.67
0.6700058240695572
0.6700152638721749
0.6700302708504193
0.6700485586221003
0.6700651650830305
0.6700846056743679
0.6701089701049663
0.6701353696893537
0.6701650049099344
0.6702016280116588
0.6702558026656286
0.6703189075459847
0.6703918061220538
0.670476445693454
0.6705570264284682
0.6706307483690921
0.6707018759124923
0.6707701564267909
0.6708315782872251
0.6708783496876206
0.6709223593368578
0.6709595069676173
0.6710002112495593
0.6710482535577537
0.6710859438274509
0.671119474679153
0.6711530952407035
0.6711882157649205
0.6712215150265803
0.6712550762135816
0.671292707376732
0.6713512975858306
0.6713983168343123
0.6714364844047827
0.6714752245217928
0.6715170130525393
0.6715663027262095
0.6716208122750501
0.6716756683235633
0.6717192146654024
0.6717630717889804
0.6718012804345233
0.6718372139171658
0.6718747630515127
0.6719181267564996
0.6719707275350483
0.6720284183468795
0.6720773489592329
0.6721261605982076
0.6721788211657556
0.6722372153235024
0.6723043979274185
0.6723779895884603
0.6724633804026987
0.6725627248225933
0.6726794728532339
0.6728050116060491
0.6729433016704293
0.6731041163712825
0.6732926193210949
0.6735295522233318
0.6737156310938515
0.6738772693489801
0.6741070969862448
0.6743473325698284
0.6745924437763039
0.674869235379551
0.6752545551385484
0.6759791973312884
0.6770428635709881
0.6783012148212968
0.6797482634266361
0.6799
0.6799053603410946
0.6799160810232839
0.6799375223876626
0.6799535865061652
0.6799684299898731
0.679981865732729
0.6799909328663645
0.68
0.6800053603410947
0.6800117917855475
0.6800192531766273
0.6800270249663143
0.6800363457577681
0.6800466974810535
0.6800578505946877
0.6800700856017586
0.680084236043476
0.6801033405119159
0.6801279682942788
0.6801405741427166
0.6801522167605126
0.6801631137436279
0.6801718220724956
0.6801793016356532
0.6801850109107558
0.6801903400300463
0.6801953654821544
0.6802017927879602
0.6802065891365886
0.6802120176990261
0.6802171164998075
0.6802220722431838
0.680227130764931
0.6802323464074764
0.6802377967493962
0.6802436088691179
0.6802500674565848
0.6802580757285319
0.6802648325160937
0.6802719677825838
0.6802784017937881
0.680284756832595
0.6802918228563833
0.6803002703179216
0.6803108363142227
0.6803220403896998
0.680332775347197
0.680343386017365
0.680354470521469
0.6803676428482835
0.6803766032007518
0.6803877673049136
0.6803970924651573
0.680405093017343
0.6804127887118645
0.6804205569187146
0.6804292497586747
0.6804406252062244
0.6804526071979933
0.6804627639860673
0.680472660256501
0.680483219664747
0.6804952470729146
0.6805103411286775
0.680525852993929
0.6805412345040117
0.680557503650091
0.6805754690444874
0.6805955696258056
0.680617185801361
0.6806412389121461
0.6806696149293707
0.6807034347667148
0.6807458022734654
0.6808034933068328
0.6808668717041058
0.6808819448360713
0.6809120911000025
0.6809245496635997
0.6809364208419749
0.6809524498139864
0.6809659624935891
0.6809786895000511
0.6809948825477302
0.6810171459527016
0.6810454813307842
0.6810794787429605
0.6811253778275236
0.681178074672294
0.6812223509418137
0.6812572605301794
0.6812956184519205
0.6813269182276822
0.6813718409219142
0.6814146452277833
0.6814796294777022
0.6815417807329015
0.6815956708820982
0.6816485129355434
0.6816980863806708
0.6817956385134745
0.6818737015816411
0.6819644351532601
0.6820842956561063
0.6822554815170944
0.6825279757415118
0.6830026517632766
0.6837901263949429
0.6844103119980113
0.6849886591854362
0.6857136171435522
0.6862966577026594
0.6868930742222841
0.687600577861697
0.688640173677075
0.6899
0.6899087707119168
0.6899263121357505
0.6899468124674212
0.6899676677811571
0.6899838338905786
0.6900000000000001
0.6900087707119169
0.6900199016753918
0.6900362450621582
0.6900554348320698
0.690075898948448
0.6901009488728691
0.6901250992526523
0.6901522740191202
0.6901860027934615
0.6902326259527506
0.6903168339179743
0.6904434200631074
0.690623399575549
0.6908266246861738
0.6910854370231063
0.6914679102546785
0.6922328567178228
0.6936810378793272
0.6960328133351116
0.6994664016675463
0.6999
0.6999089147958419
0.6999267443875259
0.6999624035708938
0.699981201785447
0.7000000000000001
0.700008914795842
0.7000214810054294
0.7000415737341582
0.7000646799564384
0.7000905099906095
0.7001158188791046
0.7001452137867276
0.7001784248267742
0.7002108267230729
0.7002697475980642
0.7003300847885564
0.7003770284051319
0.7004275963170657
0.7004948078157586
0.7005619451739682
0.7006539159860149
0.7007439101509103
0.7008539692367439
0.7009923895508815
0.7011320705515641
0.7013278168842234
0.7015762195012787
0.701793360549573
0.7019983442398642
0.7022464268508685
0.7026855068247911
0.7034772896688075
0.7046465996807141
0.7060570027833497
0.7077852695864411
0.7099
0.7099065810943953
0.709919743283186
0.7099460676607673
0.7099663589080926
0.7099831794540463
0.71
0.7100065810943953
0.7100164168518341
0.7100350098671199
0.7100571317491413
0.7100764388704207
0.7100985674540305
0.710125585238232
0.7101564626419509
0.7101905827569683
0.7102260574126961
0.7102687347291518
0.710308209943977
0.7103735594606151
0.7104538649344767
0.710546950039787
0.7106158288157421
0.7107113836869922
0.7108319013624084
0.7109693062092336
0.7111241516598552
0.7113064158527682
0.711529761785633
0.7118089743709475
0.7121628053738274
0.7125365286764622
0.7128178816758668
0.7130971671797333
0.7133716169622762
0.713498162065443
0.7135943893484912
0.7136989038569039
0.7137742651505637
0.7138545997996165
0.7139260433314168
0.7139963851436579
0.7140653670718553
0.7141405857786033
0.7142307581703098
0.7143534155813559
0.7145035014981133
0.7146125361894186
0.7146912206270964
0.7147684849491764
0.7148458548788948
0.7149342902046896
0.715011808753198
0.7150997926291247
0.7152335858659439
0.715402516033128
0.7156439055788556
0.7159200648964678
0.7162329048303094
0.7165908669149087
0.717001604843485
0.7174774711930645
0.7180321274957371
0.7186805810890156
0.7194402513516082
0.7199
0.7199107020830565
0.7199321062491696
0.7199660531245848
0.7199830265622924
0.72
0.7200107020830565
0.7200248680866671
0.7200449755909797
0.720074991873948
0.7201066775500807
0.7201413836283239
0.7201818332283249
0.7202181915958198
0.7202535263547295
0.7202927447548997
0.7203283341675283
0.7203617324530451
0.7203859186259732
0.7204036101853067
0.7204182533825885
0.7204317463222979
0.7204462857749027
0.7204572262945097
0.7204701615759435
0.7204803897711364
0.7204891366143419
0.7204976841825136
0.7205067462417496
0.720518439662511
0.7205313153788675
0.7205424758919703
0.720553117293428
0.7205643827533457
0.720577108312733
0.7205930100778022
0.7206092704596991
0.7206254824983738
0.7206427632269308
0.7206620009770117
0.7206832219927857
0.7207062613931057
0.7207321852680343
0.7207630416929462
0.720798138255976
0.7208356963060003
0.7208730713649424
0.7209124109289919
0.7209592805538787
0.7210163354530756
0.721076279855246
0.7211362526303617
0.721208336106698
0.7212931884084786
0.7213800098408916
0.7214668304058919
0.7214852154740196
0.7215219856102749
0.7215493156233397
0.7215769028214623
0.7216035382157445
0.7216269262656869
0.7216557764946335
0.7216951373601066
0.7217448310108616
0.7218096611494482
0.721880605597064
0.7219395134829539
0.7220255300592008
0.7221093891819147
0.7221880755504119
0.7222919399698309
0.7224476158379421
0.7225810863477526
0.7226951606684877
0.722866919030627
0.7230092317041984
0.7231789407507696
0.7234097540645612
0.7237506758411345
0.7242863903416241
0.7248526031432838
0.7255598750680762
0.7261489122913942
0.7266996139152346
0.7273813063128712
0.7282509453602654
0.7298157115087339
0.7299
0.729904318302209
0.7299129549066271
0.7299266483901727
0.7299409809719278
0.7299566683063016
0.7299762244810397
0.7299881122405198
0.7299940561202599
0.73
0.730004318302209
0.7300094086461671
0.7300167271472494
0.7300313641494139
0.7300458998178698
0.7300613387089719
0.7300799970762992
0.7300952937224069
0.7301083132741422
0.7301207758180422
0.7301342554504118
0.7301492062905909
0.7301646734254711
0.7301777255632134
0.7301906552163897
0.7302046037351174
0.7302206494287864
0.7302405610511565
0.7302669199893351
0.7303022337268514
0.7303385431363825
0.730356611358222
0.7303753311844295
0.7303912827452537
0.7304072294901779
0.7304225179069789
0.730439174819929
0.7304547165941484
0.7304711293171264
0.730490968680149
0.730514750994606
0.7305447466293018
0.7305699723422343
0.7305915201341999
0.7306118651663932
0.7306332784225206
0.7306538998382065
0.7306766904621519
0.7306942406956798
0.7307095225361887
0.7307241404327495
0.7307388690459617
0.7307554318954919
0.7307794462905651
0.7308029227345954
0.7308213445779067
0.7308396204562679
0.7308592450219553
0.7308820332618046
0.7309112220329784
0.7309317598420774
0.7309514404048068
0.7309713680948855
0.730990502825471
0.7310106263980949
0.7310296096542929
0.7310508146523604
0.7310700133716387
0.7310848601392489
0.7310976074224581
0.7311103120646553
0.7311271282666609
0.7311457584047255
0.7311607044204761
0.7311752010484857
0.7311903246731289
0.7312085199585305
0.7312379480081199
0.7312592345567761
0.731278859180883
0.731300249539641
0.7313251617996439
0.7313575930190757
0.7314071785465494
0.7314734177855234
0.731564101106225
0.7316730899754526
0.7317955776268542
0.7318867650062596
0.7319611478223477
0.7320392180953184
0.7321151245813191
0.7321996847558527
0.7323308669588129
0.7324807018716091
0.73268046582124
0.7328346719226477
0.7329977091397064
0.7332678464207081
0.7336437140739371
0.734099018113585
0.7346240067890524
0.7352277013756618
0.7359259197912242
0.7367418142753578
0.7377062950954203
0.7387630321978953
0.7399
0.7399046827510166
0.7399140482530498
0.7399327792571163
0.7399470544829098
0.7399597092918627
0.73997381302287
0.7399869065114351
0.74
0.7400046827510166
0.7400105136920575
0.7400215087719691
0.7400345849453732
0.740047717981567
0.7400627790828903
0.74007816127247
0.7400961373383651
0.740120583800186
0.7401516525827817
0.7401878827475802
0.7402299373709218
0.7402787353858827
0.7403355422114039
0.7404019822564591
0.7404798990003875
0.7405714622675088
0.740678532972552
0.7408026429231934
0.7408935162541223
0.7409603360207749
0.7410157764569671
0.741065310123539
0.7411149435241877
0.7411676234295105
0.7412298046869263
0.7412822683688146
0.7413232965789118
0.7413583906920961
0.7413896330142533
0.7414194155051022
0.7414509887731625
0.7414836574500024
0.741517308935681
0.7415535321287036
0.7415874229462527
0.741622435696296
0.7416601938149272
0.7416971716973135
0.7417364309707106
0.7417804582620511
0.7418335587796923
0.7418799068731236
0.7419357038539265
0.7419860182003978
0.7420277132253176
0.7420639655799264
0.7420991291154203
0.7421383179038467
0.7421844479089411
0.7422274559435792
0.7422730531417765
0.7423198286382582
0.7423713822553306
0.7424313420408697
0.7424960118949571
0.7425762295237709
0.7426702058354158
0.7427668349187241
0.7428664708201148
0.7429744383271448
0.7430991969169146
0.7432439614202722
0.743425822690128
0.7436675667314351
0.7440145980966714
0.7445761527887906
0.74526075466666
0.7460444674612392
0.7469604508478433
0.7480267058317457
0.7493470605124384
0.7499
0.749903724596351
0.749911173789053
0.7499260721744571
0.7499383956521933
0.7499590545170094
0.7499795272585047
0.75
0.750003724596351
0.750011173789053
0.7500179594802397
0.7500252979633062
0.7500327505422363
0.7500402647457316
0.7500491493076992
0.7500563854819364
0.750064454602824
0.7500718590651241
0.750079166635757
0.7500869440820478
0.7500951337471983
0.7501025942946636
0.7501083130577079
0.7501131028298851
0.7501182002890318
0.7501230971380265
0.7501284378197061
0.7501334462646381
0.7501387371953847
0.7501447882395909
0.750152272628833
0.7501624273937689
0.7501763288125882
0.7501884536801859
0.7501976694984446
0.7502054352461895
0.750212623291249
0.750220317485458
0.7502279866382479
0.7502364405702437
0.7502431935847671
0.7502491819143887
0.750254815282562
0.7502602251407217
0.7502657629429765
0.7502720475095461
0.7502822187214049
0.7502899257587645
0.7502962674220938
0.7503027765684214
0.7503098093206575
0.7503184143924854
0.7503292851937353
0.7503443431370582
0.7503667220003135
0.7504039681316382
0.750472659504798
0.7505557057985902
0.7506431956968646
0.7507489272654183
0.7508807132556942
0.7509730712444791
0.751059201072296
0.7511500797813733
0.7512441354160707
0.7513280402867947
0.751396809871159
0.7514603854992157
0.7515364710333519
0.7516355321732416
0.7517051191878372
0.7517737432671681
0.751849308471746
0.7519424349517482
0.7520430320605647
0.7521316127621391
0.7522152055566439
0.7523073920929058
0.7523666925993213
0.752440514151044
0.7525039583581569
0.752561837981225
0.7526224904116428
0.7526931538219231
0.7528188017567784
0.7529091932926176
0.7529869785368033
0.7530695279646563
0.7531609174406863
0.7532759835281002
0.7534272576417886
0.7536491259072399
0.7540117232017256
0.7547149028692892
0.7555096884151744
0.7563962978406631
0.7574192256889891
0.758612686179738
0.7599
0.759903928861379
0.759911786584137
0.7599275020296531
0.7599398545805774
0.7599515829511088
0.7599654538430526
0.7599799842065181
0.7599899921032591
0.76
0.760003928861379
0.7600091179171766
0.7600194960287718
0.7600310493284073
0.7600433521527767
0.7600564538802784
0.7600689617218522
0.7600794463684428
0.7600895743141205
0.7601007746885282
0.7601167701617891
0.7601343102629879
0.7601485042730307
0.7601630500997201
0.7601792268870227
0.7601989467712147
0.7602253567654311
0.7602648077227258
0.7603252686372393
0.7604017992550064
0.7604849438493114
0.7605775717412799
0.7606824645549766
0.7608037092352317
0.7609502669945859
0.7611509372595351
0.7614473825823254
0.7620330853182021
0.763129870705078
0.7647381065169796
0.7679545781407828
0.7699
0.7699067519191767
0.76992025575753
0.7699472634342366
0.7699672035292422
0.7699856424527421
0.77
0.7700067519191767
0.7700156992249664
0.7700313095839362
0.7700506278280852
0.7700674927870338
0.770081846847671
0.7700957394884108
0.7701113227807884
0.7701363871595798
0.7701583443845976
0.7701777762699937
0.7701987863751746
0.7702233370110152
0.770255747403448
0.7703005581219695
0.7703833093075505
0.7705488116787125
0.7707713485150811
0.7711973128982257
0.7720492416645148
0.7737530991970931
0.7771608142622497
0.7799
0.7799041981711327
0.7799125945133979
0.7799293871979284
0.7799447193300315
0.7799599830314882
0.779976548201955
0.7799882741009775
0.78
0.7800041981711326
0.7800100299116477
0.7800210473874397
0.7800354778145019
0.7800502163418713
0.7800668158079336
0.7800857726609047
0.7801053487130069
0.7801282314961637
0.7801576680452976
0.7801950608674468
0.7802368373222035
0.780283069406434
0.7803352256053215
0.7803933108003672
0.78046452786186
0.7805529123455511
0.7806735028957952
0.7808648830572349
0.7812476433801143
0.7818594701058527
0.7829353019038592
0.7850869654998722
0.7892513305220076
0.7899
0.7899096322237518
0.7899288966712552
0.7899507399179536
0.7899727839822822
0.7899863919911412
0.79
0.7900096322237518
0.790020965619879
0.7900363345822502
0.7900571867981269
0.7900792092565093
0.7901058018168844
0.7901322817679631
0.7901630496324654
0.7902047092405808
0.7902571404778705
0.7903184591480026
0.7903899216692782
0.7904732761793029
0.7905177509418752
0.790563282016178
0.7906009834500703
0.7906321878078539
0.7906622627764377
0.7906945309118802
0.790743121432881
0.7907782420513716
0.7908032756796135
0.7908247139943273
0.7908436665798073
0.7908620417371267
0.7908822879706365
0.7909119914211797
0.7909388227698986
0.7909602067307877
0.790981639027513
0.7910047156507376
0.7910317501883914
0.7910630767123569
0.7910956817200083
0.7911371945182117
0.7911628212152384
0.7911889676303637
0.7912124586332098
0.791234353308513
0.7912574723219152
0.791284943825867
0.7913201422225506
0.7913452378860604
0.7913734745991527
0.791402851254991
0.7914348805806452
0.7914699785517199
0.7915065973068974
0.7915493787874344
0.7916029537034501
0.7916776456465565
0.7917946308130286
0.7919510305078249
0.7921199743182902
0.7923140804644926
0.7925389615671283
0.792818115359903
0.7931889300449423
0.7936901937613441
0.7942735068902473
0.794950593361256
0.7957439527820067
0.796687912283109
0.7978127446832861
0.7991652773675098
0.7998999999999999
0.7999499999999999
0.8
0.8000620912349758
0.8001117748148825
0.8001644764394337
0.8002685740868147
0.8003713593398061
0.8004852008381668
0.8006226777099102
0.8007793444492308
0.8009553409761283
0.8011972039949342
0.8015596056765564
0.8020536040231413
0.8027739868468488
0.8039474073937249
0.8062942484874773
0.8094585599167511
0.8099
0.809906130332683
0.8099183909980491
0.809942170689189
0.8099601107958364
0.8099824974588429
0.81
0.8100061303326831
0.810014366758472
0.8100237084429998
0.8100423918120552
0.8100630596846757
0.8100833660906623
0.8101005617948015
0.8101157227113311
0.8101306643602465
0.810148282109031
0.8101635111478945
0.8101798560161882
0.8101951022246087
0.8102105101600842
0.8102271871994825
0.8102447842276086
0.810260442162123
0.8102723586182836
0.8102825797542994
0.8102939727685265
0.8103045000870773
0.8103154701245041
0.8103261784446988
0.8103376789530354
0.8103515094576912
0.8103683773360947
0.8103916684819018
0.8104160697694356
0.8104352468780749
0.8104513362659901
0.810466224648291
0.8104818510990481
0.8104975243019162
0.8105144734485837
0.8105276133016704
0.8105391400108594
0.8105501045840025
0.8105610187009088
0.810572994743939
0.8105890156474022
0.8106083739419491
0.8106223072033413
0.8106356456463756
0.8106498942595959
0.8106661798375188
0.8106869645794216
0.810714342510273
0.8107539703348406
0.8108167894073727
0.8109341482176781
0.8111080167706399
0.8113022608913477
0.8115216497177895
0.8117726173458288
0.8120617442622358
0.8123987338108914
0.8127933147895812
0.8132560679866984
0.8137992190346516
0.814437554481673
0.8151895591341686
0.8160789924016882
0.8171344937630486
0.8183932399492451
0.8199
0.8199266140875507
0.8199633070437754
0.8200000000000001
0.8200266140875508
0.8200523496718749
0.8200878564128338
0.8201410075493997
0.820194762880055
0.8202522203986903
0.8203226312038208
0.8204301978267712
0.820645331072672
0.8209311629684192
0.8214811251657437
0.8225810495603927
0.8247808983496907
0.8289420342741185
0.8299
0.8299051069953343
0.8299153209860028
0.82993574896734
0.8299546460584475
0.8299730648854368
0.8299865324427185
0.8299932662213593
0.8300000000000001
0.8300051069953344
0.8300100546479248
0.8300199499531056
0.8300379229699646
0.8300566024217334
0.8300761094996395
0.8300982811478764
0.8301237836506001
0.8301537751335494
0.8301893825635411
0.8302317922733694
0.8302828094157012
0.8303409250699999
0.8304060093241411
0.830478716279725
0.8305618275445946
0.830656918320915
0.83077311821809
0.8309192254656996
0.8311205559552656
0.8314462035375014
0.8320974987019731
0.8331351456576482
0.8350103022310811
0.8387606153779468
0.8399
0.8399109407349389
0.8399328222048167
0.8399664111024083
0.8399832055512042
0.84
0.8400109407349389
0.8400229515008923
0.8400402876163382
0.8400661707758592
0.840090722584283
0.8401180783254292
0.8401494678114877
0.8401868191208515
0.8402278469038852
0.8402807067714936
0.8403529988698074
0.8404598971269847
0.8405960877016507
0.8407503096199449
0.8409127717701185
0.8411000467022419
0.8413275779258473
0.8416384119598048
0.8421619155585854
0.8432089227561467
0.844633546353164
0.8473845082576219
0.8499
0.849906336127023
0.8499190083810692
0.8499443528891614
0.8499649382430208
0.8499824691215103
0.85
0.850006336127023
0.8500160973290457
0.8500292281744273
0.8500499290870986
0.8500721585782681
0.8500957581790247
0.8501227230731642
0.8501539009009924
0.8501890948988621
0.8502261710131367
0.8502705364869656
0.8503284357535735
0.8503890669603222
0.8504448849037723
0.8505067545909831
0.8505792228175594
0.8506768742659304
0.8508098165107879
0.8509594327118316
0.8510927421020607
0.851220463678602
0.8513202285571578
0.8513993744228303
0.8514798438719067
0.8515473078610227
0.8516103821003267
0.8516783887725834
0.851771372088327
0.8518711466724919
0.8519482691418959
0.852024997454067
0.8521085903910828
0.8522070316442139
0.8522948686805768
0.8523656477109696
0.8524327305860124
0.852504206769185
0.8525970937110464
0.852704349278394
0.8527988929778652
0.8528910533237107
0.852990751882757
0.8531090308848766
0.8532542655404106
0.8534536417370756
0.8537498054681304
0.8541785653641234
0.8546800406834836
0.8552654216356992
0.8559799926245097
0.8569029703079368
0.8580241307365372
0.8594118152498781
0.8599
0.8599065361640957
0.8599196084922872
0.8599446054408743
0.8599632661239521
0.8599816330619761
0.859990816530988
0.86
0.8600065361640957
0.8600130165921633
0.8600218388234856
0.8600394832861301
0.860061880812388
0.8600810676577365
0.8600978220212924
0.8601136827999284
0.8601305366054017
0.8601564619796435
0.8601756186586103
0.8601911411722545
0.8602068107392036
0.8602230512919105
0.8602392794274382
0.8602528362159839
0.8602638573841361
0.8602746567994906
0.8602903129615286
0.8603035159812428
0.8603146626802054
0.8603264829109626
0.8603398525927568
0.8603568549985348
0.860380649051143
0.8604091566999118
0.8604312770839931
0.8604491009331755
0.8604651312022997
0.8604811386873875
0.860502025255661
0.8605219111970865
0.8605358519056888
0.8605480431446222
0.8605595453401569
0.8605710857352794
0.8605841172569185
0.860603227440441
0.8606213189885147
0.8606356416837452
0.8606499300239872
0.8606652391798482
0.8606835193648726
0.8607061042679115
0.8607367985055766
0.8607814152241337
0.8608532294161043
0.8609909580848397
0.8611995592009069
0.8614305430477682
0.861689669751411
0.8619849037601485
0.8623239020106785
0.8626709598882029
0.8629835391240394
0.8632839859648609
0.8636182992342889
0.863907794480601
0.8641171408723921
0.8643027079333053
0.8645020019811135
0.8647117115722232
0.8649449434444002
0.8652110329921748
0.8654204447167675
0.8655907995954795
0.8657591478405218
0.8659507080842809
0.8661411185942638
0.8663770234806597
0.86659902665272
0.8668187333639299
0.8670871630714531
0.8674002051078761
0.8677724176404216
0.8682173880626763
0.8687226065995788
0.8693391990587126
0.8699
0.8699057859638901
0.8699173578916704
0.8699405017472308
0.8699578995032521
0.8699729453681461
0.869986472684073
0.87
0.8700057859638901
0.8700144233425505
0.8700270187589204
0.8700410056436232
0.87005611199929
0.8700741161390032
0.8700916049670507
0.8701102153829721
0.8701333105213735
0.8701662597008125
0.870227284515625
0.8703119235480539
0.8704057781607637
0.8705120143477255
0.8706352480849583
0.8707658664817273
0.8708934487105338
0.8710339272435348
0.8712043516882659
0.8713988123989711
0.8715970797016528
0.8718094454939008
0.8720453683024298
0.8723319492610162
0.8726625848731818
0.8730736562854182
0.873622462942123
0.8744376032994228
0.8758987475520447
0.8778291751782376
0.8799
0.87995
0.88
0.880071055851182
0.8801373499861164
0.8802058365792462
0.8803334998656576
0.880488296870135
0.8806520960623127
0.8808416965284999
0.8810692020992931
0.8813319235709058
0.8816262552015607
0.8819655968184344
0.8823863226587592
0.8829241494606621
0.8834704083783764
0.8841203078855076
0.8849122837548064
0.8859557649676894
0.8878834982213187
0.8899
0.8899058776706383
0.889917633011915
0.8899411436944682
0.8899594677130986
0.8899795273442754
0.89
0.8900058776706383
0.8900156400581734
0.8900312650439152
0.890051334919551
0.8900694612675302
0.8900895140544501
0.8901140630365828
0.8901452911197452
0.8901782046483648
0.8902144578564666
0.8902574819639325
0.8903128292298382
0.890405830058863
0.8905306499152965
0.890683600269347
0.8908647093864409
0.8910682011540743
0.8912997932149292
0.8915627578900752
0.891868925347359
0.89221866000647
0.8926141482984186
0.893073388407251
0.8936192817017552
0.8940242818280969
0.8945357437990067
0.8949541130681393
0.8953434237493441
0.8958548918464916
0.8968778280407866
0.8983162688036299
0.8999
0.8999047284442653
0.8999141853327958
0.8999330991098567
0.8999490989790535
0.8999697934391525
0.8999848967195763
0.9
0.9000047284442653
0.9000113390191616
0.9000197678987348
0.9000366256578812
0.900055459213048
0.9000772675678348
0.900095483318423
0.9001103248594384
0.9001238193281897
0.9001375548892324
0.9001552214050023
0.9001738074105688
0.9001874590678097
0.9002002785978847
0.900213336366178
0.9002263004707055
0.9002375777239857
0.9002467688005537
0.9002553609057049
0.9002658724937337
0.9002789449631147
0.9002883973584095
0.9002977463721518
0.9003080166052212
0.9003204829192694
0.9003366260124769
0.9003601551930286
0.9003838259782461
0.9004017924622703
0.900416498406251
0.9004297508535066
0.9004431634696326
0.9004610906571182
0.9004775861330259
0.9004893362134598
0.9004996795827536
0.9005093755518846
0.9005189833646169
0.9005294982555191
0.9005432143353876
0.9005555283560274
0.9005677890189889
0.9005795056449366
0.9005916474169359
0.9006052065451087
0.9006215922840082
0.9006418386855423
0.9006690040183608
0.9007079407985198
0.9007700090843003
0.9008883956694125
0.9011085953134692
0.9013460509714758
0.9016045753407775
0.9018955829466315
0.9022247161040257
0.902604219995533
0.9030458961464787
0.9035617145537967
0.904163975320515
0.9048683573889699
0.905694874082973
0.9066714926591782
0.907827003750756
0.9092253852074367
0.9099
0.9099033158054651
0.9099099474163953
0.9099232106382557
0.909937884858959
0.9099497836221742
0.9099620718708873
0.9099757761045084
0.9099878880522543
0.91
0.9100033158054651
0.9100084583898688
0.9100187435586761
0.9100304442901715
0.910042069858581
0.9100560442243755
0.9100700517223452
0.9100856122492716
0.9101042389596744
0.9101315946191945
0.9101654403853954
0.9102015132567707
0.9102441824857408
0.9102957199158447
0.910364124632195
0.9104452056319169
0.9105395000486033
0.9106493820706353
0.9107774767413568
0.9109273943689356
0.911103334108232
0.9113103054847377
0.911546479308278
0.9116538855272963
0.9117775795466238
0.9118815057010665
0.911974813431176
0.912082260644338
0.9122149886018868
0.9123382172068931
0.9124493242720613
0.9125661372275192
0.9126874571460702
0.9127783589007302
0.9128619588855037
0.9129519982067893
0.9130727682443996
0.9132283852817591
0.9133456644432677
0.9134629672856109
0.9135934525667927
0.913752505591541
0.9139372347938796
0.9142324377520463
0.9146520806823963
0.9151672963374209
0.9157920100408705
0.9165477007114471
0.917471202516683
0.9187220922585909
0.9199
0.9199022904820958
0.9199068714462874
0.9199160333746704
0.9199270723591552
0.919937580446607
0.9199506813529758
0.9199671069293072
0.9199847919425617
0.9199923959712808
0.9199999999999999
0.9200022904820958
0.9200055886523678
0.9200114633903177
0.920021467761784
0.9200319746667691
0.9200414863386694
0.9200505315912639
0.9200599532368795
0.9200722233710872
0.9200842790227295
0.9200933521465711
0.9201019956144176
0.9201108399754775
0.9201196709843132
0.9201272596873743
0.9201333761858661
0.9201391463495088
0.9201465610183863
0.920154503884615
0.9201606988959831
0.9201670193126139
0.9201740437313689
0.9201826645828894
0.9201945477334856
0.9202110853161805
0.9202272947897415
0.9202394183560599
0.9202492505421682
0.9202581010571383
0.920267104857621
0.9202793425308573
0.920290463690146
0.9202985302831469
0.9203056864946711
0.9203123463895027
0.9203188343094972
0.9203257120479321
0.9203340516654706
0.9203416591945502
0.920350236661125
0.9203580681006813
0.9203659593106758
0.9203746369541876
0.9203847046664607
0.9203972499545661
0.9204139762274615
0.9204365631929378
0.9204716262938251
0.920535958897519
0.920651936855364
0.9208113085214161
0.92100022600879
0.9212084525911913
0.9214419022354771
0.9217079329677087
0.9220151267593166
0.9223731881702582
0.9227922110080609
0.9232834135043534
0.9238599453522468
0.924537922003588
0.9253376357442018
0.9262853205605421
0.9274155557075727
0.9287749062941598
0.9299
0.9299040722457071
0.9299122167371215
0.9299285057199503
0.9299440658880305
0.9299586395426449
0.9299721982815298
0.9299851732414856
0.9299925866207428
0.93
0.9300040722457072
0.9300086613749327
0.9300160117293762
0.9300255258130117
0.9300350513648867
0.9300442751059487
0.9300545255928419
0.9300694054586693
0.9300847746917509
0.9300976524486876
0.9301111688269107
0.9301269504793945
0.9301463548821008
0.9301744817710389
0.9302158576998835
0.9302636733885021
0.9303186507875081
0.9303823900878936
0.9304418106498298
0.930499177789725
0.9305608414344462
0.9306469756780559
0.9306959801824983
0.9307455219817313
0.9307887113591132
0.9308255552246629
0.9308604405612062
0.9308960396165672
0.9309381893318186
0.9309773148598292
0.9310210357105753
0.9310608308908956
0.9311010395897342
0.9311453801098326
0.9311970389701328
0.9312614012505851
0.9313157282795332
0.9313717456038266
0.9314173370163917
0.9314585273127396
0.9315008527044131
0.9315500484609649
0.9316006517283025
0.9316473224755637
0.9317021979750524
0.9317579451971671
0.9318186976705612
0.931889167495357
0.9319767621792929
0.9320890377661349
0.9322462556920486
0.9324813359955838
0.9327880142390175
0.9331404585801933
0.9335648103811052
0.9340759462223638
0.9347281629745171
0.9354950586050772
0.9364062481633809
0.9374814115557885
0.9387692558486723
0.9399
0.9399101905784548
0.9399305717353645
0.9399575879632365
0.9399787939816182
0.9400000000000001
0.9400101905784549
0.9400216535553482
0.9400373257573528
0.9400594937431924
0.9400808525851393
0.9401066045880638
0.9401372752583687
0.9401650251200695
0.9401909887677333
0.9402138139176569
0.9402401582705852
0.940277451367663
0.9403065223464951
0.9403433981478962
0.9403797977120868
0.9404159452220319
0.940458402440562
0.9405122185226797
0.9405891280117934
0.9406986421825676
0.940823640803484
0.9409628159048483
0.9411271437876373
0.9413302542945604
0.9416016843526336
0.9419722575415433
0.9425959302428537
0.9435165781221773
0.9446997616976901
0.9462150548887773
0.9481329231873011
0.9499
0.9499027126587833
0.9499081379763501
0.9499189886114836
0.9499303667409721
0.949942073599906
0.9499564626257433
0.9499759338421202
0.9499879669210601
0.9499939834605301
0.9499969917302651
0.9500000000000001
0.9500027126587834
0.9500048592068503
0.950009152302984
0.9500177384952514
0.9500280523471704
0.9500399554011478
0.950050992779973
0.9500607655169729
0.9500702591931843
0.9500808880757335
0.950090740861231
0.9501019116587684
0.9501117722707909
0.9501214762208905
0.9501318850931527
0.950143265377323
0.9501545706577955
0.9501633405022255
0.9501700865925105
0.9501765510704135
0.9501858597722072
0.9501936802704236
0.9502003178354812
0.950207381964604
0.9502154010652615
0.9502256515845798
0.9502400145140254
0.9502566673463549
0.9502696053385653
0.9502801026202737
0.9502895672782332
0.9502990196491682
0.9503110190748394
0.950319724396395
0.9503285206683492
0.9503364269984598
0.9503436356516629
0.950350618012872
0.9503576626695813
0.9503654113450685
0.95037610572565
0.9503873794356049
0.9503959014776308
0.950404209331026
0.9504130875385336
0.9504233119156629
0.9504363388702731
0.9504534396752571
0.9504780143754944
0.9505165666424502
0.9505873106127591
0.9507001136121984
0.9508262113630191
0.9509681386316079
0.9511305329425214
0.9512668944687706
0.9514692471323513
0.9516261349170919
0.9517784149123915
0.9519764768670324
0.9521598917543955
0.9522941648799564
0.952415776134895
0.952530158203389
0.9526299096236046
0.9527278255523398
0.9528383310353826
0.9530006724589996
0.9531371276746325
0.9532537239486054
0.9533752555697763
0.9535114754926044
0.9536404772081951
0.9537438086259182
0.9538414040559314
0.9539466463856339
0.9540745044203114
0.9542181892206925
0.954355394337663
0.9544908112586653
0.954637588888887
0.9548034780797588
0.9549945580759437
0.9552214148928372
0.9554941445713618
0.9558074153247883
0.9561629158133904
0.9565962337717769
0.9571488245077692
0.9579141036181607
0.9589835963035344
0.9599
0.9599067355880058
0.9599202067640173
0.9599382392517678
0.9599558407826018
0.9599735672579708
0.9599867836289854
0.96
0.9600067355880058
0.9600164059230565
0.9600315601260639
0.9600498800499743
0.9600687280004448
0.960089141892939
0.9601118717806568
0.9601393300293392
0.9601683060886486
0.9601995777849576
0.9602335952383898
0.9602727468431046
0.9603142347600084
0.9603479899757379
0.9603801334758899
0.9604149753823601
0.9604548848262243
0.9605036453870183
0.9605494305628509
0.960592062368227
0.9606172442897064
0.9606442263522409
0.9606648865082973
0.9606808980572193
0.9606952921130931
0.9607094498335232
0.9607267488949539
0.9607372364588699
0.9607483281583229
0.9607579678065014
0.9607666237991107
0.9607755034809736
0.9607856888132357
0.9607985337517826
0.9608113187899188
0.9608222390729121
0.960833293363945
0.9608453886895779
0.9608595733653387
0.9608767037021824
0.960893125144927
0.9609099862078516
0.9609282934724797
0.9609493300376626
0.9609716462265753
0.9609961716110044
0.9610248570442639
0.9610585594031306
0.9610940957914939
0.9611348395462558
0.9611842119595362
0.9612412105523536
0.9612950575461052
0.9613520207419839
0.9614129414692125
0.9614763391690341
0.9615585822298754
0.961641566398772
0.9617252568048594
0.9618175860202307
0.9619398285509244
0.9621077693811455
0.9621569468721607
0.9622553018541911
0.9622902974273111
0.9623286244929856
0.9623647218649225
0.9623979165705873
0.9624305909799556
0.9624682229219288
0.9625153842443771
0.9625745241833086
0.9626497233211401
0.962748855451988
0.9628830384631912
0.9630465069695374
0.9632272592497702
0.9633751304477856
0.9635703238982538
0.9638486434979965
0.9640706245279036
0.9643037398510838
0.9645576103635762
0.9648678100561308
0.9652628927190703
0.9658350661375861
0.9663662679915419
0.9669377075388995
0.9676186855177243
0.9685615417332011
0.9699
0.969914528163941
0.9699435844918229
0.9699717922459115
0.97
0.970014528163941
0.9700318691926456
0.9700572699977428
0.9700889129451166
0.9701236282596076
0.9701622532180022
0.9702100210869309
0.9702636334404258
0.9703339555421694
0.9704490213275144
0.9706406310405287
0.9708853560850782
0.9711499581973629
0.971499243114978
0.971928319359337
0.9725002137459647
0.9733606384748635
0.9749289885459966
0.9776372092795388
0.9799
0.9799105307721996
0.9799315923165988
0.9799657961582994
0.9799828980791496
0.98
0.9800105307721996
0.980022870844445
0.9800405496164907
0.9800619824345843
0.980085056390207
0.9801131932982682
0.9801405948561163
0.9801717619127182
0.980200552309845
0.9802361822386205
0.9802846643640989
0.9803199789440709
0.9803499059292435
0.9803895240519167
0.9804441307989742
0.980499836563933
0.9805800163565195
0.980642161786452
0.9807017209425908
0.9807643694780475
0.9808493154605082
0.9809407520146799
0.9810566038700295
0.9812180359465786
0.9814652722214224
0.9818995416629633
0.9825549763798685
0.9833663043353144
0.9843732246030792
0.9856284482637104
0.9872007638363645
0.9891826800163821
0.9899
0.9899034829086629
0.9899104487259888
0.9899243803606405
0.9899371012967589
0.9899488760039687
0.9899619681331683
0.9899778659095085
0.9899889329547542
0.99
0.9900034829086629
0.990008332893299
0.9900180328625713
0.9900299705836445
0.9900418410550407
0.9900568324783606
0.990071970028929
0.9900897220063838
0.9901088383467719
0.9901264952053792
0.9901449784467542
0.990164486470366
0.990185281052964
0.9902087657483578
0.9902372712765515
0.9902692171648274
0.9903031809500672
0.9903372248635798
0.9903744574771947
0.9904103004187407
0.9904470339694854
0.9904845953863876
0.9905368481733491
0.9905955950955013
0.9906669338832251
0.9907596360881901
0.9908569366774811
0.9909301127377909
0.9910036033797851
0.9910686708568418
0.9911427888159335
0.9912552229417099
0.9913529502661226
0.991453356921698
0.9915632145113714
0.9917046124117364
0.9919113100370356
0.9922361040770631
0.9925867089213447
0.9929627516425014
0.9933794156994851
0.9938530522299884
0.9944232190083313
0.9951305544757807
0.9960730052227906
0.9971087297415843
0.998047372871626
0.999080678165525
0.9999
0.9999115930410547
0.9999347791231641
0.999967389561582
0.999983694780791
1.0
