0.0
0.001
0.003
0.007
0.0099
0.009920301046961169
0.009960903140883505
0.01
0.01002030104696117
0.01004722054286033
0.01007569194004561
0.0101214489445069
0.01016990905750444
0.01022666742692128
0.0102909916176697
0.01036444465748266
0.01045226031974329
0.01055628702745644
0.01068506617979751
0.010844959575923
0.01102706452673797
0.0112343679593144
0.01147094636800563
0.01171223645783812
0.01193116578752223
0.01220202700106105
0.01253600891138866
0.01289384316034157
0.01325799659719564
0.01363057634686941
0.01401456134111718
0.01441660756313996
0.01484943742223989
0.01534097089731127
0.01598652444508832
0.01652020917497405
0.01707768969578178
0.01757807276726146
0.01804666075115084
0.0185134862755091
0.01899223308684524
0.01951293348920044
0.0199
0.01992498400642961
0.01996249200321481
0.02
0.02002498400642962
0.02005617881405379
0.02009716577161901
0.02015249359580651
0.02020927458840995
0.02027766927485073
0.02035459981372962
0.02045416801527368
0.02059377049400257
0.0207097996598515
0.0208092867171236
0.0209055745574989
0.02100582247802358
0.02112607225270019
0.02127414069897537
0.02143220061528772
0.02155317564093604
0.02166295479266978
0.02177737002051979
0.02191855777893031
0.02207061986125622
0.02223480760050182
0.02239489984216983
0.02256458083601375
0.02274528333868324
0.02296063782822276
0.02319395073724616
0.02345545284858151
0.02375169301969924
0.02410854124545754
0.02456188091534515
0.02517663921151091
0.02609502542751618
0.0273305793932065
0.02879949802006876
0.0299
0.02990745971087133
0.029922379132614
0.02995221797609932
0.02997610898804966
0.03
0.03000745971087133
0.03001790995181189
0.03003695259200516
0.03006188709562313
0.03009282808214471
0.03012220841593504
0.03015078974239935
0.03018085418395099
0.03021553781929433
0.03026099227409972
0.03031220954843891
0.03035347969806202
0.03039193363829574
0.03043304728564074
0.03048275777266166
0.03053627382023855
0.0305944687996003
0.03065244001820876
0.03071893249264315
0.03079376684229818
0.03087563908296444
0.03096246144568092
0.03106137823308536
0.0311759503046206
0.03131958509605385
0.03151264194624478
0.03179122093719856
0.0322073432635468
0.03296765047691573
0.03448826490365359
0.03704006188152612
0.0399
0.03990966570989905
0.03992899712969716
0.03996765996929338
0.0399838299846467
0.04
0.04000966570989906
0.04001880206722907
0.04003614993796678
0.04005785022279971
0.04008423610773506
0.04010926590309817
0.04013687567432108
0.0401685742901971
0.04020824015880202
0.04024583922204553
0.04028712713243735
0.04033925688844748
0.04040959607179151
0.04050280040312001
0.04061053658409988
0.04073302581163247
0.04088125948070719
0.04104324959531146
0.04122343001646139
0.04142646103208834
0.04165131601809037
0.04191223041207549
0.04223955906109744
0.042680242475218
0.04336714598057379
0.04474095299128538
0.04700808551338846
0.0499
0.04995
0.05
0.05006843230559655
0.05012700728980694
0.05019979444977021
0.05033364313129195
0.05046735784179967
0.05061937219062956
0.05083305380773995
0.05106393615077599
0.05133796117423734
0.05167537547014996
0.05205608544211028
0.05250341441322144
0.05306889627303561
0.05390489130116251
0.0555768813574163
0.05805493734081914
0.0599
0.05991021467805677
0.0599306440341703
0.05997150274639736
0.06
0.06001021467805676
0.06002335347118215
0.06004464522552917
0.060072216582925
0.06010048824986743
0.06012996846836309
0.06016594628585615
0.06020349026265982
0.06024727025388515
0.06030506618511101
0.06038565155207549
0.06048514619187767
0.06061154479142815
0.06076960627865895
0.06094127547864532
0.06112701455820325
0.06132687848074012
0.06153777768682736
0.06174731028294195
0.06195778419548539
0.06219246572517127
0.06256954685130235
0.0628390473329252
0.06305402453500167
0.0632679892442007
0.06348951857637623
0.06374671610452816
0.06404871736205293
0.06435049141632787
0.06461999597508954
0.06489471241204295
0.06518251564031503
0.06542512404120264
0.06564495015283245
0.06587594354044833
0.0660704779672428
0.06626993913747274
0.06643276214034774
0.06658359691474913
0.0667431374481709
0.06693676887863752
0.06715703949892167
0.06739144444926234
0.06760383103762635
0.06782114925528446
0.06805992664439833
0.06834346895290709
0.06869182824628776
0.06916242906226741
0.06981040221673498
0.0699
0.07
0.07019424932746383
0.07034586619596558
0.07059550723294143
0.07109478930689313
0.07176167827820772
0.07254956763921963
0.0736092666048075
0.07508834172359301
0.07694113358101128
0.07959049508616917
0.07990000000000001
0.07993978509574319
0.08
0.08003978509574318
0.08007518808299217
0.080113471168807
0.08019003734043666
0.08027123716361283
0.0803635638895244
0.08048527593031343
0.08063127892414441
0.08079651910047275
0.0809846847673473
0.08119923248734366
0.08143828096788629
0.08171178005395671
0.08203356933459362
0.0824031965082372
0.08282732710491036
0.08331350031037787
0.08382245429683827
0.08433752912716189
0.08488140538607832
0.08551410906804695
0.0864200674062485
0.08716247388218745
0.08778425732642092
0.08841342038942684
0.08909168906235058
0.08989047824534115
0.08990000000000001
0.08991904350931773
0.08993888469316483
0.0899709139260758
0.09
0.09003242400327238
0.09006606221873145
0.09011110685771054
0.09018358349397053
0.090254478648383
0.09033571354912982
0.09043435293668717
0.09057471266328557
0.09075387960820747
0.09102745354685403
0.09133317308844739
0.09154489206631665
0.09176968994490325
0.09195939058927244
0.09213866290088288
0.09234319800364699
0.09260433163366404
0.09283212604910657
0.093036953607127
0.0932532545740411
0.09351307060702635
0.09380758927832011
0.0941024883022671
0.09439356783290392
0.09473077478708347
0.09506503556011787
0.09538361817062982
0.09577739518425253
0.09634720151708646
0.09712154531932166
0.09824179969800155
0.09963308978189529
0.0999
0.0999216522608993
0.0999649567826979
0.1
0.1000216522608993
0.1000502393024549
0.100086108436553
0.1001334957336615
0.1001823217373013
0.1002410403062777
0.100305661474879
0.1003941956747696
0.1005184548583459
0.1006857911812875
0.100903927928429
0.1011432212046403
0.1014310209286226
0.1017590158372991
0.1021136000525597
0.1025066943005987
0.1029549436252727
0.1035041678010484
0.1041587292062311
0.1047019426536977
0.1051693737552962
0.1056319946656717
0.1061189671600805
0.106666084310114
0.1073217896806557
0.1080860931859179
0.1086950572898727
0.1092048607040793
0.1097125608052618
0.1099
0.1099352562477997
0.1099676281238998
0.11
0.1100454313717468
0.1100795427352972
0.1101198989729074
0.1102006114481277
0.1102954677290259
0.1104028230777402
0.1105555493214274
0.1107077191610666
0.1108441468904478
0.11097340375895
0.1111021745485348
0.1112447328778206
0.1113858795320662
0.111536003856156
0.1117083701284348
0.1118795647692025
0.1120647489541425
0.1122616440235661
0.1124625193635405
0.1126888401092385
0.1129487291031163
0.1132742908503051
0.1137077685076372
0.1143277172416808
0.1153052909564246
0.1168464810899883
0.1186179536514616
0.1199
0.12
0.1201297275226077
0.1202757434643711
0.1204062053322803
0.1206671290680989
0.1209131652217713
0.121163876745754
0.1214511788931127
0.1217996713432261
0.1222412962573743
0.1227379623378615
0.1232810037849738
0.1239309561300032
0.1248397884045668
0.1262677858741992
0.1280275448603204
0.1299
0.1299270922738506
0.1299635461369253
0.13
0.1300270922738506
0.1300569613504796
0.1300901185568315
0.1301471457254025
0.1302063458839656
0.1302767712328351
0.1303579983720076
0.1304734647927778
0.130617571338973
0.1307804430646378
0.1309653263410091
0.1311755158366125
0.1314154486528285
0.1316905898577937
0.1320065220018979
0.1323692908615645
0.1327856171618816
0.13326307280955
0.1337799333132428
0.1342951429760395
0.1348238182210641
0.1354073189290987
0.1361982271596787
0.1370713153785818
0.1377153503139301
0.13833353838728
0.1389940749919941
0.139764032439841
0.1399
0.1399211723762071
0.1399610260334236
0.1399805130167118
0.14
0.1400211723762071
0.1400414712102483
0.1400622257467383
0.1401037348197182
0.1401500754790568
0.1402028381544804
0.1402613737286448
0.1403349889306323
0.1404375431277835
0.1405328014814231
0.1406217124862629
0.1407113914547931
0.1408110478824981
0.1409479466688601
0.1410612874527334
0.141153818209643
0.1412396063341448
0.1413168174696597
0.1413854078698162
0.1414511636828975
0.1415259295961378
0.1415926743439237
0.1416555124084471
0.1417200607871335
0.1417922583473885
0.1418766943923413
0.1419733058430977
0.1420676459268604
0.1421567906946515
0.1422497858539123
0.1423526696626454
0.1424755784958027
0.1426262154779276
0.1428247364397708
0.1431019145252327
0.1435211498494848
0.144234509235517
0.1452341761150829
0.1462985801809474
0.1474772052551124
0.1488249914387131
0.1499
0.1499219105756514
0.1499657317269543
0.15
0.1500219105756514
0.1500455761255447
0.1500729950338381
0.1501197734695565
0.1501647216061169
0.1502219552563686
0.1502878406714665
0.1503645020377524
0.1504473901922615
0.1505460402515517
0.1506663774881797
0.1508048975682851
0.1509643487476663
0.1511477477852118
0.151358686069411
0.1516018701481457
0.151882674292438
0.1522074241682367
0.152583785225958
0.1530182590054727
0.1535136164431815
0.1540810994048491
0.1547253982483906
0.1554710543975467
0.1563025156709835
0.1570996817826933
0.1580088043996743
0.159137362883535
0.1599
0.1599251654142766
0.1599625827071383
0.16
0.1600251654142766
0.1600564568391142
0.1600978024043573
0.1601540554213548
0.1602112925043816
0.1602809887477175
0.1603592839153256
0.1604602325389316
0.1605621803353257
0.1606930691620732
0.1608685294896959
0.1610513276925934
0.1612154377435652
0.1613741363186728
0.1615527587492613
0.1616597329752113
0.1617860389613725
0.1618921872511583
0.1619850783344884
0.1620786999250134
0.1621819478611265
0.1623297457252545
0.1624812842112822
0.1625995269519532
0.1627164795095934
0.1628424998997702
0.1629672518973719
0.1630742238181518
0.1631783053712546
0.1632938031825348
0.1634517049741701
0.163622060553897
0.1637683663443736
0.1639179706318345
0.1640839282963923
0.1642852778336918
0.1645154634065071
0.1647642404634979
0.1650338257230258
0.1653457834074642
0.1657105877638338
0.1661709837397689
0.1667877793019997
0.167718141214854
0.1688914590835565
0.1699
0.1699521188790001
0.17
0.1700521188790001
0.1701023863643228
0.1701710999086096
0.1702783208015289
0.1703879456024431
0.1705130025378751
0.1706984254532457
0.1709236486542307
0.1711847819967793
0.1714856986731611
0.171821070956784
0.1722078025134754
0.1726824932881129
0.1732177478979704
0.1738264829571983
0.174525068238306
0.175370557704673
0.1765049886791266
0.1783180912238155
0.1799
0.1799176150587253
0.1799528451761759
0.18
0.1800176150587253
0.1800438367436052
0.1800739114675635
0.1801145672466307
0.1801563504591263
0.1802060680497311
0.1802599411500413
0.180328103206574
0.1804308499499752
0.1805578873228588
0.1807333616914239
0.1809762260960617
0.181206473856411
0.1814190185116383
0.181630335750534
0.1818620452976817
0.1822268668478794
0.1824971482471262
0.1827131596008269
0.1829286004208061
0.1831532662491272
0.1834156059515085
0.1837174901617659
0.183990703528904
0.1842399206631249
0.1845125212951919
0.1847941877598887
0.1850325175349965
0.1852513165745821
0.1854876046073434
0.1856626296299407
0.185849388490386
0.1860088982874978
0.1861592168796963
0.1863222259559469
0.1865293271089915
0.1867381428315579
0.1869605006509583
0.1871718448058547
0.1873908777612671
0.187641938878013
0.1879338856946522
0.1883077476541173
0.1888169323901154
0.1895848760444229
0.1899
0.1899190524913255
0.1899571574739763
0.19
0.1900190524913254
0.1900468886982808
0.1900780792602074
0.1901230438179286
0.1901702140307327
0.1902252374649048
0.1902877947209485
0.1903645895397234
0.1904769884964164
0.19062590983431
0.1907947102509026
0.1909863007838238
0.1911396854321535
0.1912992845439837
0.1915678881813624
0.1918811270566051
0.192095113516565
0.1923287581646062
0.1925182098264813
0.1926782968368665
0.1928313651976799
0.192989160791068
0.1931781456618414
0.1934364815992305
0.1936412413708087
0.1938229602178448
0.1940112462263988
0.1942182622710799
0.1944072370460685
0.194595511120309
0.1948110243966374
0.1950879524761286
0.1954022245721276
0.1956732767518298
0.1959578378067218
0.1962762557129881
0.1966643566694639
0.1970931816135165
0.197574143593063
0.1980220501877435
0.1985757187602629
0.1992653578033799
0.1999
0.1999230287903333
0.1999690863709999
0.2
0.2000230287903333
0.2000463149204183
0.2000832931844349
0.2001333562410754
0.2001854891525563
0.2002450010589237
0.200314996313333
0.2003938578297609
0.2004792922106552
0.2005801949619069
0.2007104738103513
0.2008341977610162
0.2009487444920329
0.2010705223445821
0.2012162258823257
0.2013801759057377
0.2015584504056656
0.201736489147672
0.2019378879569053
0.202171842674138
0.2024209551010344
0.2027126615653077
0.2030765853542719
0.2035710338047669
0.2043363808383671
0.205844893942264
0.208612075665559
0.2099
0.2099158823070277
0.2099476469210832
0.21
0.2100158823070277
0.2100431860362964
0.2100740103511749
0.2101144750734438
0.210160988522906
0.2102079634245882
0.2102630901948755
0.2103277737514816
0.2104002995016128
0.2104726818465333
0.210554901542251
0.2106494869710482
0.2107624522818408
0.2108763501758731
0.210997978042427
0.2111434757550635
0.2112978204073657
0.2114761696363499
0.2116918654389372
0.2119845806084999
0.212441953485605
0.2133186480569754
0.2149027768714213
0.2174128621842501
0.2199
0.2199543624307304
0.22
0.2200543624307304
0.2201038011446025
0.2201672079881264
0.2202747840127487
0.2203777518200069
0.2204972432743081
0.2206448821726166
0.2208325337625509
0.2210774997426371
0.2213407168675388
0.2216577021565854
0.2220506922302632
0.2226067878725523
0.2236641904529769
0.2255163812876098
0.2283135558720855
0.2299
0.2299073498000888
0.2299220494002664
0.2299514486006216
0.2299790675958159
0.23
0.2300073498000888
0.2300167772015131
0.2300334596942605
0.2300558650471155
0.2300767897190293
0.2301004240117009
0.2301262482697062
0.2301575907897497
0.2301881416230032
0.2302233407344246
0.23026991252061
0.2303356211806519
0.2304130278708253
0.2305072457439798
0.2306214440363649
0.2307553655348857
0.2309065193325551
0.2310776597362617
0.2312711235806799
0.2314879328841811
0.2317272539184668
0.2319873705334352
0.2322667845676814
0.232573437499406
0.2330116745110075
0.2333914177193379
0.2336842857535709
0.2339683711821395
0.2342638030105199
0.2345945463382922
0.2349958749187628
0.2354881250746788
0.2359794595004841
0.2363649208558898
0.2366816484229338
0.2369804625822338
0.2373652233662967
0.237661298254324
0.2378779772873837
0.2380849320018917
0.2383110671590757
0.2386436587573666
0.238995463073671
0.2392834012626309
0.2395774028938998
0.2399
0.23995
0.24
0.2400702181018526
0.2401151731288849
0.2401784758496689
0.2402834332707006
0.240413088890314
0.2405672240428955
0.240725548615455
0.2408895794155111
0.2410593754321879
0.2412437388745104
0.2414771016919441
0.2417676758598929
0.2420455421407389
0.2423247176075747
0.2426347825146974
0.2430175167303736
0.2435491894526773
0.2444347464113929
0.2458754708293986
0.2475431113429373
0.2494282867487233
0.2499
0.2499307269046713
0.2499653634523357
0.25
0.2500307269046713
0.2500588446314555
0.2500927056294093
0.2501577504381887
0.25022273566671
0.2502974914201335
0.2503895872866171
0.2505053059149097
0.2506374602467217
0.250788544016629
0.2509617158961192
0.2511604396315238
0.2513892666902057
0.2516530702234926
0.2519572409043477
0.2523078913819032
0.2526375859559566
0.2529885967470437
0.2534112577220701
0.253994650925722
0.2546560151324695
0.2553428609844467
0.2561010408482022
0.2570868320140309
0.2582549577672725
0.2591225725011666
0.2599
0.2599195281158428
0.2599585843475284
0.26
0.2600195281158428
0.2600476406821753
0.2600842318583894
0.2601311487540353
0.2601794402651637
0.2602357584804567
0.2603001080311277
0.2603785566173074
0.2604821017362474
0.2606156003223478
0.2608174638388363
0.2610343831227261
0.2612227642920964
0.2613989708546079
0.2615916508336227
0.2617126252166883
0.2618498249116687
0.2619688827913051
0.2620807289732298
0.2622048947186792
0.2623764279129189
0.2625729300400103
0.2627283158336949
0.2628592185363675
0.2629825877530535
0.2631175766380765
0.2632862815428871
0.2634733015008214
0.2636449761979918
0.2638250594064624
0.2640268501580645
0.2642318407725239
0.2644573904059606
0.2647384090263784
0.2650558077037257
0.2654377036528363
0.2659192474761145
0.2665616713028532
0.2674914193461542
0.2686710872775306
0.2699
0.2699458600539119
0.27
0.2700458600539119
0.2700919949035568
0.2701543907466538
0.2702514980422556
0.270347979732293
0.2704579985942837
0.2706143250397244
0.270823681369488
0.2710571869980873
0.2713424155108456
0.2716501074900082
0.2719995868561952
0.2724075876910919
0.2729087142526492
0.2734561040393972
0.2740930652167011
0.2748168250042814
0.2756966876472303
0.276876382825764
0.2787385979022383
0.2799
0.2799440846296113
0.28
0.2800440846296113
0.2800894237977967
0.2801549615254105
0.2802482210475748
0.2803440211526876
0.2804535154560793
0.2806156161405155
0.280839379175274
0.2811148186007003
0.2814156353101225
0.281776500902858
0.2822069045405941
0.2826820138397796
0.2832233379772209
0.2838523022852429
0.2845934573009204
0.2854776939678951
0.286515275212324
0.2876939970501817
0.2890962743574468
0.2899
0.29
0.2902
0.2903453778785772
0.290508929463148
0.2908360326322897
0.2912911665696751
0.2918505101828617
0.2925070541233067
0.2932650799867069
0.2942151707102229
0.2952515594020234
0.2964574076858647
0.2978771046080633
0.2993738544699843
0.2999
0.2999328194803618
0.2999664097401809
0.3
0.3000328194803618
0.300066990860893
0.3001116291445301
0.3001847312934062
0.3002546688759731
0.3003369804276834
0.3004364550770322
0.3005854450910311
0.300744856253868
0.300899001686277
0.301058173142476
0.3012374550955488
0.3014700149309464
0.3016887677803048
0.3018923870395384
0.3021117869289987
0.3023702718513005
0.3026738786776597
0.302982141049914
0.3032994343077246
0.3036545547956259
0.304059603025901
0.3045142146480849
0.3050695917493718
0.3058057531698419
0.306907440987626
0.3090200999136006
0.3099
0.31
0.3100965414802509
0.3101755816937054
0.3102859442226576
0.3104756761282624
0.3106785469698234
0.3109621062678482
0.3112852121228245
0.3116737263481648
0.3121032624519182
0.3125938167219244
0.3131970164832192
0.3138728652959167
0.3146758733118163
0.3156240833591264
0.3168790505579773
0.3188812994378524
0.3199
0.32
0.3201187872534316
0.3202080500510961
0.3203295998209009
0.3205536984311971
0.320791802407209
0.3210891780585857
0.3214313145161208
0.3218071281075685
0.3222302898290905
0.3227341061896544
0.3233229514240179
0.3239801444266331
0.3247615490533717
0.3257594431245422
0.3272717120499326
0.3299
0.33
0.3301133719014303
0.3302065538399611
0.330321835388345
0.3305468651133793
0.3307878120157458
0.3311235836444466
0.3315038571705513
0.3319671467427665
0.3324736090774524
0.3330718179532167
0.33379427556126
0.3346288171429329
0.3356291414077891
0.3369598623060487
0.3391204043975698
0.3399
0.339917159631909
0.339951478895727
0.34
0.340017159631909
0.3400429896007867
0.3400712508560841
0.3401108069843059
0.3401516392010547
0.3402000018376879
0.3402525465699242
0.340318428716472
0.340415184865949
0.3405397734820826
0.3407097846559105
0.3409586030460249
0.3411810457812809
0.3413709983196641
0.3415463707592858
0.3417185935290683
0.341911715716424
0.3421060487587094
0.3423218220618337
0.3425037103487628
0.3426787953247777
0.3428631297449437
0.3430665372249424
0.3432752303600368
0.343462344557834
0.3436367426697339
0.3438309453406199
0.3440270613170252
0.3442217422533883
0.3444026090536489
0.344583785301804
0.3447594405954614
0.3449619747523636
0.3450960437954831
0.345239955695283
0.3453674704553177
0.345488452683041
0.3456200361847809
0.3457859555464226
0.3459513598459861
0.3461324410784076
0.3463019944485284
0.3464765544658982
0.346669992087373
0.3469006881414483
0.3471845055554512
0.3475625986345795
0.3481003580112397
0.3489817755460759
0.3499
0.35
0.3501014899384053
0.3502122118187496
0.3503194647566716
0.3505177685635981
0.3507064688016897
0.35089674426043
0.3511102950744688
0.3513682100282019
0.3517070076456166
0.3520282813800402
0.3523876715349374
0.3528415326504596
0.3535091336047635
0.3548443355133714
0.3568840036143365
0.3598893455374355
0.3599
0.3599098479026889
0.3599196958053777
0.3599393916107555
0.3599686515936657
0.36
0.3600098479026889
0.3600235800056966
0.3600451610041184
0.3600768585398491
0.3601125549043036
0.3601471097835235
0.3601866504838592
0.3602342925190664
0.3602854631920096
0.3603503173428346
0.3604428541974316
0.3605443197815893
0.3606219398138393
0.3607265868127101
0.3608090736159208
0.3608900037868379
0.3609842547420721
0.3610849817634668
0.3612209322959777
0.3613032950540893
0.3613882606551215
0.3614619999187694
0.3615252937713248
0.3615848681113343
0.3616437942563047
0.3617077314702031
0.3617932402773931
0.3618924190935059
0.3619640424180663
0.3620318786587021
0.362103353585235
0.3621834394923193
0.3622832180963158
0.3623865232594505
0.3624636728459862
0.3625318630168675
0.3626005144514849
0.3626798033293671
0.3627905908385742
0.3628931003254893
0.3629843879118905
0.36308110440397
0.363189952689697
0.3633211983618811
0.3634921981224922
0.363665495232618
0.3638422334787816
0.3640333181397137
0.3642534923861497
0.3645108716264988
0.3648365679570885
0.3652749201251151
0.3659168635230854
0.366769585751706
0.3677695063818759
0.3689384072572918
0.3699
0.3699205208483223
0.3699615625449668
0.37
0.3700205208483223
0.3700447648103901
0.3700797651995049
0.3701267543907376
0.3701778608291697
0.3702317411614616
0.3702982417599034
0.3703711366823551
0.3704507997916862
0.3705348323494999
0.370633595279618
0.3707469202374813
0.3708810845716429
0.3710134530543944
0.3711618097881429
0.3713320082461029
0.3715204903376016
0.3717458551972925
0.3720434343525488
0.3724892705055583
0.3733678339334131
0.3747823006286186
0.3770051120895804
0.3798296208050653
0.3799
0.3799144397183731
0.3799433191551193
0.3799750231712535
0.38
0.3800144397183731
0.3800299031585034
0.3800506195073401
0.3800867644973441
0.3801225150094393
0.3801605602065607
0.3802062716673291
0.3802564647016431
0.3803129462202374
0.3803888380680606
0.3804888656490399
0.3805942341903368
0.380704087571719
0.3808172398008091
0.3809322289667502
0.381050676648495
0.3811910198811655
0.3813128960099006
0.381447759048984
0.3815682670716805
0.381686155564643
0.381811841161833
0.3819516949025707
0.3820919274355327
0.3822108361297159
0.3823153247249018
0.382423790109039
0.3826011810029516
0.3827267205634087
0.3828344377365436
0.3829485757046115
0.3830821876669137
0.3832044969432864
0.3833208629805827
0.3834473483052935
0.3835283777300613
0.3836392889763611
0.3837310659644115
0.3838120328300647
0.3838945820697068
0.3839849882092619
0.3841051207976103
0.3842208919711396
0.3843368326356991
0.3844479807966166
0.3845634682682329
0.3846919477394015
0.3848459411055823
0.3850349246223036
0.3852849335767153
0.3856365606695686
0.3861737867953793
0.3871925589167821
0.3883368927461791
0.3896554526802067
0.3899
0.3899026046355616
0.389907813906685
0.3899171979991454
0.3899237860213065
0.389935082897815
0.3899516778678619
0.3899692396349854
0.3899846198174927
0.39
0.3900026046355617
0.390007813906685
0.3900137828451913
0.3900257207222038
0.3900428688557042
0.3900600739123513
0.3900778288050802
0.3900950702428644
0.3901128140285082
0.3901273449154838
0.3901402959152733
0.3901534778236639
0.3901686317569025
0.3901928533821541
0.3902145728862792
0.3902329982006037
0.3902522082916103
0.3902734441171512
0.3902941780514246
0.390313017976445
0.3903314844994785
0.3903474210378027
0.3903637404781106
0.3903770794045952
0.3903903337353751
0.3904034731939943
0.3904169662867
0.3904340225811203
0.3904493754178309
0.3904800810912521
0.3905023404863298
0.3905227896367343
0.3905448239231519
0.3905682634908156
0.3905943832570025
0.3906196591637118
0.3906405722595836
0.3906823984513271
0.3907021697055136
0.3907246486963324
0.3907443448505984
0.3907656489455228
0.3907833518959281
0.3908088315701987
0.3908331924845547
0.3908679771059916
0.3909069092132096
0.3909366860788333
0.3909661278344044
0.39099772703301
0.3910333046573048
0.3910769891676882
0.3911207083895994
0.3911615884849103
0.3912083749779823
0.3912579527074325
0.3913044239031873
0.3913484523842015
0.3913952993825472
0.3914469407345639
0.3914999411912264
0.3915577196371013
0.3916080620750896
0.3916525297498253
0.3916942719338473
0.391735805552556
0.3917821471957704
0.3918313764929706
0.3918797036647796
0.3919182033308857
0.3919268160389665
0.3919428164499631
0.3919612476383552
0.3919878991140976
0.3920153450566738
0.3920474128524463
0.3920832975823347
0.3921132231379735
0.3921459450340517
0.3921784727176026
0.3922179666718437
0.3922557895745319
0.3922874455408913
0.3923171735177269
0.3923478083651898
0.3923829233788701
0.3924280059728738
0.3924828691653663
0.3925265831286383
0.3925669739873612
0.3926093350520892
0.392651633754445
0.3926950181367251
0.3927458865969018
0.392788167035919
0.3928312077024709
0.392867288586051
0.3929000054457966
0.392932772336545
0.392968080696256
0.3930091704726739
0.3930583951419302
0.3931099126028305
0.3931555392900763
0.3932016859005849
0.3932516446804912
0.3933067816269324
0.3933698027574786
0.3934385600180211
0.3935180137851493
0.3936098798324403
0.3937182519992761
0.3938340156202195
0.3939604412105065
0.3941062739687181
0.3942750984251941
0.3944842341172762
0.3946421479265401
0.3947757483745021
0.3949549920516072
0.395161379621281
0.395362126438879
0.395583713299941
0.3958740795903402
0.3963720392706007
0.3970658833395058
0.3981284241587624
0.3993906152446905
0.3999
0.3999050045475442
0.3999150136426328
0.3999320218621879
0.3999455680346347
0.3999562087085265
0.3999654886017788
0.3999739752896792
0.399982485821068
0.3999903080180904
0.3999951540090452
0.4
0.4000050045475443
0.4000099837147942
0.4000141615523501
0.4000198662327537
0.4000252198830093
0.4000310654385966
0.400039785815365
0.400048199378136
0.4000551603087243
0.4000623937328437
0.4000704602494842
0.4000804211491794
0.4000938250344401
0.4001041663513097
0.400113606389125
0.4001233423636823
0.4001337785556282
0.4001452281818272
0.4001565300562783
0.4001654926374685
0.4001724440861568
0.4001788509260011
0.4001865578972632
0.4001964333865087
0.4002034162326711
0.4002102239885693
0.4002176350349007
0.4002264927294548
0.4002376885497784
0.4002534573928707
0.4002708048320663
0.4002843225053814
0.4002953516138244
0.4003051856597831
0.4003147518853135
0.4003257768484539
0.4003336956224203
0.4003439309694247
0.4003527070624461
0.4003604649369784
0.4003678768485907
0.400375041093318
0.4003823376971146
0.4003904192773433
0.4004015154603559
0.4004137219125787
0.4004228040578448
0.4004315293648069
0.4004407655480002
0.4004512104503423
0.4004642506055123
0.4004808889242087
0.4005038471457976
0.4005378224778772
0.4005939154887931
0.4006539348635156
0.4007575313381749
0.4008961843049209
0.4010100706140073
0.4011639626762777
0.401355212787994
0.4015272450367179
0.4017725477306092
0.4020557221657468
0.4022736429605296
0.4024409873178139
0.402524659496456
0.4026774989063118
0.4028487503424291
0.4030931238047272
0.4035108691139067
0.4040763984097156
0.4047323729607371
0.4054978995787868
0.4063746020386894
0.4074017615116228
0.408598277866138
0.4089237083996035
0.4094118541998018
0.4096559270999008
0.4097779635499504
0.4098389817749752
0.4099
0.4099026581467126
0.4099079744401377
0.4099176830558324
0.409926718451958
0.4099354699224296
0.4099446545801115
0.40995482122405
0.4099658133419484
0.4099764161168536
0.4099865759733391
0.4099932879866696
0.41
0.4100026581467126
0.4100058917208506
0.4100123588691265
0.4100211959147386
0.4100302746696165
0.410041437902153
0.4100531076185666
0.4100665559004346
0.4100847240765662
0.410111659540049
0.4101426998942339
0.4101781833817588
0.4102190022126531
0.4102659955547772
0.4103205060890088
0.4103748018287345
0.4104211103390237
0.4104621556417936
0.4105008025050355
0.4105401301932044
0.4105866354220357
0.4106262048661752
0.4106704176110645
0.4107075278756842
0.4107397636594226
0.410768928828383
0.4107953789153369
0.4108203977474486
0.410845675108977
0.4108741803159757
0.4109211184001661
0.4109550195753122
0.4109826725872965
0.4110107880335371
0.4110406320666776
0.4110765058718781
0.4111187538828114
0.4111628432061075
0.4112121569823146
0.411256935017297
0.4112892523303583
0.411316359060273
0.4113423474811321
0.411370623984579
0.4113916513817519
0.4114127074135415
0.411437254555144
0.4114659470430168
0.4114997626836681
0.4115371892120985
0.4115750467081127
0.4116132233661514
0.4116551882078475
0.4117060563379571
0.4117687308352918
0.4118428812301932
0.4119164506565021
0.4119930177334334
0.4120763035719165
0.412171852155766
0.4122819720452607
0.4124182604222382
0.4125814384151267
0.4127487060543833
0.4129296668971029
0.4131197791065728
0.4132665650361078
0.4134019341779855
0.413548133829917
0.4137463476920601
0.4139283930482709
0.4140634264262868
0.4142343415034472
0.4144363408267039
0.4146607747119321
0.41495492455066
0.4153318745879678
0.4159191384798732
0.4165915072206485
0.4173882635771998
0.4183894221691667
0.419695331401961
0.4199
0.4199055022672754
0.4199165068018261
0.4199339089664901
0.4199492260764516
0.4199682869895562
0.4199841434947781
0.42
0.4200055022672753
0.4200132224871965
0.4200216186181452
0.4200368641444647
0.4200552676345331
0.4200710845125096
0.4200851098215831
0.4200984562860277
0.4201124558619858
0.420128371643556
0.4201465051373975
0.420160443204382
0.4201734921649254
0.4201870166721274
0.4202013360030388
0.4202155206311605
0.4202271152581149
0.4202362456951218
0.4202446855384014
0.4202547666063723
0.4202640159091181
0.4202731044847896
0.420282041045283
0.420291560577249
0.4203028361844358
0.4203163108456964
0.4203314312219116
0.4203546148615552
0.4203742670247846
0.4203896667012924
0.4204031232074222
0.4204156922596234
0.4204291064531217
0.4204431578596786
0.4204580692192678
0.4204695481093901
0.4204796094066677
0.4204890966978695
0.4204983569179618
0.4205080748902181
0.4205194307639663
0.4205325076758541
0.4205461127719565
0.4205576591377197
0.4205690746996958
0.4205813328002858
0.4205953083860147
0.42061260000114
0.4206344526771842
0.4206642271649576
0.4207077108921946
0.4207784334730974
0.4208781016952182
0.4209899338571581
0.4211129191875501
0.4212566113931515
0.4214324889753632
0.4216649582342488
0.4219367807612613
0.4222454101901211
0.4225967812902927
0.4229980824774481
0.4234592016568847
0.4239918404987909
0.4246095681890268
0.425329015442224
0.426171323972408
0.4271649176098601
0.4283480775957765
0.4297371986605613
0.4299
0.4299050910250007
0.4299152730750022
0.4299338702439663
0.4299519021517936
0.4299694325418
0.4299847162709
0.42999235813545
0.43
0.4300050910250007
0.4300104037711882
0.4300190562094878
0.4300363414896955
0.4300505306998205
0.430065251364568
0.4300865910064181
0.430109018770147
0.4301305202509924
0.4301541894363118
0.4301758593577375
0.4301967933221547
0.4302198099998712
0.4302460054159186
0.4302731061018442
0.4302953249606521
0.4303169886925478
0.4303400424425474
0.4303661253054052
0.4303946579379047
0.4304189482611183
0.4304373414674734
0.4304535351791393
0.4304721292848662
0.4304893142730604
0.430506472109129
0.4305234315428663
0.4305417665204218
0.4305639340952874
0.4305911541698945
0.4306289880089212
0.4306601924848628
0.4306854483974102
0.4307080679901301
0.4307298934137807
0.4307549213398475
0.430772273553621
0.4307937190056711
0.4308121049241712
0.4308284050973073
0.4308443019580562
0.4308603961348873
0.4308781828153247
0.4309019182464378
0.4309317375153497
0.4309527191355346
0.4309725006102789
0.4309934279946055
0.4310169011371566
0.4310462256983257
0.4310836589437049
0.4311353828415785
0.4312117623643554
0.4313369605202964
0.4315036333664132
0.4316366197283785
0.4318189287464854
0.4319759962194318
0.4321228421464607
0.4323076767002312
0.4326586649507579
0.4331095874545235
0.4336188269434115
0.4342037301966961
0.4348760834613687
0.4356577457328757
0.4365787713862911
0.4376720183771498
0.4389552189155554
0.4399
0.4399083015831652
0.4399249047494957
0.4399581110821566
0.4399821496438802
0.44
0.4400083015831652
0.4400207793331642
0.4400330165837216
0.440053272603515
0.4400773271778418
0.4401014565969614
0.4401270350171096
0.4401579417898663
0.4401769131876315
0.4401971009342941
0.4402141038490968
0.4402284959279907
0.4402428397382506
0.4402597191187562
0.440277574900289
0.4402959082073688
0.4403130914933712
0.4403310100265354
0.4403493427010037
0.440366812537116
0.4403845573926826
0.4404041491479527
0.4404299577041796
0.4404542734575485
0.4404783268267121
0.4405015265740577
0.4405258325801519
0.4405532136665285
0.4405865535473149
0.4406283424042532
0.4406851971195017
0.4407682526412257
0.4409037487370814
0.441174740928793
0.4417167253122161
0.4423863113823561
0.4432238296731112
0.4443659258474981
0.4461195459726953
0.4484973658963624
0.4499
0.4499043068636227
0.4499129205908682
0.4499301480453591
0.4499433668394552
0.4499579785858331
0.449974513620116
0.449987256810058
0.45
0.4500043068636227
0.4500102447688548
0.4500221205793188
0.4500357950817767
0.4500513526553723
0.450068533828922
0.4500914760614033
0.4501199173876058
0.4501535506100023
0.4501931337743943
0.4502395803239386
0.4502933635799056
0.4503522390396462
0.4504158292061132
0.4504917372346202
0.4505835399201711
0.450682697174047
0.450769731868481
0.4508479878115044
0.4509228687077431
0.4510006979592995
0.45109879635052
0.4511676922687915
0.4512417733209426
0.4513052890343232
0.451359750138956
0.4514098166733272
0.4514573664432286
0.4515058286286799
0.4515614004223336
0.4516246589444554
0.4516905384775583
0.4517458824557107
0.4518002284565942
0.4518582970563489
0.4519240997641195
0.4520053216237019
0.4520760372443144
0.4521480272713655
0.4522070439975817
0.4522603430186423
0.4523153724914857
0.4523810994572479
0.4524718861458388
0.452538756327792
0.4526090409341489
0.4526844838944444
0.4527698161947067
0.452873111823132
0.4530011573640313
0.4531437242637449
0.4532841835982751
0.453431796921018
0.4535947564161741
0.4537854177183613
0.4540131491169421
0.4543059466733664
0.4547068050927973
0.455323030401769
0.4561390846161995
0.4571011764234262
0.4582108966878604
0.4595612671367982
0.4599
0.4599048425135233
0.4599145275405698
0.4599326407087846
0.4599486388189533
0.4599605639403013
0.4599716399622403
0.4599826280483322
0.4599913140241661
0.46
0.4600048425135233
0.4600109974292563
0.4600175015037307
0.4600255317023413
0.460033376389653
0.4600424748014351
0.4600551493540276
0.4600663757475351
0.4600766619010896
0.4600877617307178
0.4601007708186305
0.460117868496929
0.4601413705943313
0.4601837674060643
0.4602685610295303
0.4603582449245298
0.4604554949014985
0.4605615493206204
0.4606639193578547
0.4607679057810936
0.4608833612749404
0.461044385577661
0.4611843771668404
0.4612999633846526
0.4614154206618479
0.4615380586971813
0.4616629844313962
0.4617732302724178
0.461865705203781
0.4619531719541081
0.4620588864714422
0.4621543255699688
0.4622473978340196
0.4623393448225679
0.4624377677573452
0.4625562121354025
0.4626817970661863
0.4627961509994502
0.4629100315155941
0.4630566061660513
0.463179186557797
0.4632654703064897
0.4633441860428053
0.4634250760075562
0.4635234961376355
0.4636295730498585
0.4637432202231402
0.4638487087190119
0.463958191623536
0.4640803950476436
0.4642285421788393
0.4644142185756721
0.4646698159993666
0.4650499017620785
0.4656835874297309
0.4665898391472343
0.467652514445286
0.468868235634719
0.4699
0.4699058984062571
0.4699176952187712
0.4699412888437996
0.4699607162359074
0.4699785563327381
0.469989278166369
0.47
0.4700058984062571
0.4700123807096189
0.4700253453163425
0.4700364395493779
0.4700492648607185
0.4700617493784726
0.4700744663808673
0.470084227445272
0.4700930675485606
0.4701022973713673
0.4701135177032792
0.4701257292460636
0.4701387122798231
0.4701508758162435
0.4701636143411378
0.47017796044039
0.4701953550169182
0.470218253837182
0.470248786562101
0.470296066171505
0.4703821736903132
0.4705543887279297
0.4708838756684683
0.4715428495495456
0.4728607973117001
0.4754966928360092
0.4787651504497242
0.4799
0.4799091440867325
0.4799274322601974
0.4799521730740523
0.4799752303442689
0.48
0.4800091440867325
0.4800232699626107
0.4800441587609171
0.4800678493614094
0.4800936780432999
0.4801251378822248
0.4801788821918297
0.4802392971892604
0.4803199676981363
0.4804516342280976
0.48071496728802
0.481135326864509
0.481976046017487
0.483657484323443
0.4870203609353551
0.4899
0.489905302980758
0.489915908942274
0.4899371208653061
0.4899553800699689
0.4899719167992665
0.4899859583996332
0.49
0.490005302980758
0.4900125315382327
0.4900266695343011
0.4900423682073784
0.4900585923129366
0.4900782176463102
0.4900983374367254
0.4901203772201266
0.490147938641065
0.4901883953716398
0.4902314240984493
0.4902782846172806
0.4903345544928164
0.4904042745084309
0.4905016872523577
0.4906668048849357
0.4909970401500918
0.4914772016027477
0.4924159172277031
0.4942933484776139
0.4980482109774355
0.4999
0.4999057037379885
0.4999171112139656
0.4999322853510958
0.4999470387999498
0.4999622007886435
0.4999807356023099
0.4999903678011549
0.5
0.5000057037379885
0.5000121698057439
0.5000233835773001
0.500038953810378
0.5000546037755933
0.5000721903886102
0.5000919254462391
0.5001159312409902
0.5001456488163967
0.5001882463815327
0.5002501805243781
0.5003224015022768
0.5004151160078762
0.500550902890093
0.5008147355066113
0.5013424007396479
0.5021716847169816
0.503830252671649
0.507147388580984
0.5099
0.509905686343634
0.5099170590309019
0.5099398044054377
0.5099570228117127
0.509970813545416
0.509985145348196
0.51
0.510005686343634
0.5100138710081544
0.51002450473388
0.5100363658822092
0.5100499115674936
0.5100653424064776
0.5100812257268188
0.5100971923024727
0.510114863922616
0.5101371991072513
0.5101696576075776
0.5102060469038084
0.5102489819520598
0.5102998759707805
0.5103645831199246
0.5104573814092674
0.5106223938751236
0.5109524188068361
0.5114442936361664
0.512428043294827
0.5143955426121484
0.518330541246791
0.5199
0.5199093923711245
0.5199281771133736
0.5199657465978716
0.5199828732989358
0.52
0.5200093923711245
0.5200203542676595
0.5200378053566669
0.5200634459703409
0.5200900837905869
0.5201184693399824
0.5201508856494529
0.520188455654319
0.5202326890819289
0.5202849434369686
0.5203465287955537
0.5204189603513787
0.5205040337959026
0.5206039066315664
0.5207211559528699
0.5208588321618127
0.5210202499761101
0.5212074173782371
0.5213990895317789
0.5215642368687977
0.5217099648410518
0.5218463861246666
0.5219819203262179
0.5221174716669581
0.5222300272955782
0.5223165981464505
0.5223965200189633
0.5224792698098523
0.5225517222428827
0.5226207682306667
0.5226937936641836
0.5227850313683308
0.5229009353549076
0.5229901631500943
0.5230733179136837
0.5231619034677653
0.5232627265409364
0.5233408037844774
0.5234190197200861
0.5234886532203558
0.5235556385662883
0.5236286507504453
0.523715164921128
0.5238220938207808
0.5239196134356623
0.5240113905253794
0.5241084708715985
0.5242156144376845
0.5243385792866927
0.5244762765779842
0.5246380720504549
0.5248302860683941
0.5250419894996657
0.5252843223951655
0.5255622085734196
0.5259021770262731
0.5263406632226202
0.526944531698263
0.5278557978503954
0.5291293804986292
0.5299
0.5299058204232112
0.5299174612696336
0.5299407429624783
0.5299610621092364
0.529979669227362
0.529989834613681
0.53
0.5300058204232112
0.5300137407541424
0.5300242467113695
0.530033184440949
0.5300423581631878
0.5300513289975952
0.5300598279579443
0.5300680067024041
0.5300759848656538
0.5300840788279572
0.5300925194315282
0.5301016466055024
0.5301121383050179
0.5301259190666137
0.5301451564701211
0.5301547222937091
0.5301636118808604
0.5301719560779187
0.5301785424999786
0.53018415808382
0.5301884808916211
0.530194246082583
0.5301983257294031
0.5302026017003605
0.5302060099511126
0.5302101305065708
0.5302139101292817
0.5302175542156845
0.5302212742941768
0.5302251244847619
0.5302291824262158
0.5302335615964563
0.5302385412836087
0.5302453338209654
0.5302504545934854
0.5302553188003699
0.5302599831788449
0.5302648580113621
0.530270487410967
0.5302773730824735
0.5302860768506684
0.5302973060839103
0.5303087620312319
0.530319454465864
0.5303297609704848
0.5303401153264714
0.5303514045314938
0.5303668047247706
0.5303760604187787
0.5303852863284247
0.5303935312403192
0.5304009524305637
0.5304083955517047
0.5304164491910875
0.5304266701098841
0.53043792635781
0.5304481452363075
0.5304576775714044
0.5304676065549929
0.5304786411319455
0.5304921753286206
0.5305077237003363
0.5305226404482436
0.5305379989911638
0.5305546481577116
0.5305739004783256
0.5305942586926863
0.5306165215737321
0.5306424842547736
0.5306727729540733
0.5306898325652737
0.5307008799390531
0.5307097365977962
0.5307191292715926
0.53072727672798
0.5307391164253478
0.5307478648856627
0.5307568016812635
0.530770304019228
0.5307868401651082
0.5308084167294126
0.5308360534305561
0.5308585761142062
0.5308874679895482
0.530907970215455
0.5309336574446236
0.5309559262925108
0.5309780822958869
0.5310001671593175
0.5310222679042417
0.5310440561014288
0.5310766051497717
0.5311056667186009
0.5311445360024903
0.5311864363096699
0.5312288188183295
0.5312641559362428
0.5313021369723483
0.5313419006732036
0.5313856266100445
0.5314370571633631
0.5315008404805526
0.5315837063162757
0.5316975915058602
0.5318659102358974
0.5321394567467121
0.5325093153960335
0.5328035693875244
0.5330849798611558
0.5333176192963466
0.5335130974776215
0.533785651207146
0.534050118908722
0.5343235597967549
0.5347393113489665
0.5352340068195046
0.5357673614285324
0.5363070675652913
0.5369308812029535
0.5377224569571182
0.538931916828598
0.5398999999999999
0.5399058968682358
0.5399176906047074
0.5399412780776507
0.5399582532052782
0.5399772918972559
0.5399886459486279
0.54
0.5400058968682359
0.5400127831069673
0.5400254845560444
0.5400424055986254
0.5400597940573836
0.5400782541829198
0.5401017022692105
0.5401248768645514
0.5401512745120135
0.5401737994471789
0.5401920239740741
0.540223216353225
0.5402546141733312
0.5402929158787975
0.5403410491089031
0.5403854548701202
0.5404314660681436
0.540482791748315
0.5405427553741894
0.5406190198376164
0.5407248330911105
0.5408807676959548
0.5410881165531348
0.5413899368802236
0.5418699431145625
0.5428299555832402
0.5447499805205956
0.5475075836813987
0.5498999999999999
0.5499043408381304
0.5499130225143914
0.5499303858669135
0.5499440232507469
0.5499581162589255
0.5499718839650133
0.549985786667465
0.55
0.5500043408381305
0.5500106444182035
0.550018976422625
0.550028344457955
0.5500408667977068
0.5500539301130732
0.5500669327213386
0.55008083843138
0.5500967521158932
0.5501175591602705
0.5501459781106265
0.5501705155898378
0.5501916121217154
0.5502136395821269
0.5502400873846123
0.5502664546889753
0.5503004405576664
0.5503355200337691
0.5503762969155781
0.5504305234934465
0.5504794600581274
0.550538619991552
0.5506093205451396
0.5506565520046994
0.5507041081640822
0.550750694611489
0.5508011669885876
0.5508476014526457
0.5508995671142017
0.5509511067877233
0.5509735280822768
0.5509962128578296
0.551021647869214
0.5510414236199579
0.5510701611298403
0.5510921653928195
0.5511120280028702
0.5511348364943459
0.5511631934710013
0.5511856611495966
0.5512098837379298
0.5512304741089796
0.551251273580972
0.5512724777156732
0.5512951354817359
0.551324860935917
0.5513781114751254
0.5514463255682366
0.5515227665205567
0.5516095450262585
0.5517007769914584
0.5518127883631501
0.5518852412907099
0.5519568402186696
0.5520319236586211
0.5521186515641554
0.552193144721288
0.5522771634270595
0.5524120477813262
0.5525786497607875
0.5527455571362947
0.5529152834209174
0.5530804657439072
0.5532748039241829
0.553515590525049
0.5539446961961431
0.5544480191400298
0.5550228690892913
0.5556856706522052
0.5564495720297897
0.5573449170394678
0.5583646288999664
0.5594753698892876
0.5599
0.5599100752579452
0.5599302257738358
0.5599579822181264
0.5599789911090632
0.56
0.5600100752579453
0.5600244887169912
0.5600444609607252
0.5600698251200948
0.5600967756556621
0.5601321778661658
0.5601705686175422
0.5602106363645556
0.5602434051452493
0.560273077941425
0.5603038398506905
0.56033633337176
0.5603694159429956
0.5604048816846172
0.560443276615512
0.5604875798104745
0.5605330957011979
0.5605723047810452
0.5606056157209347
0.5606382771887567
0.5606741620615072
0.5607157413883925
0.5607672469317132
0.5608121035738896
0.5608582449302734
0.56090837401791
0.5609636074809439
0.5610273998496539
0.5611016804797466
0.5611857639224267
0.561230397478888
0.5612772925008802
0.5613141689549068
0.561341781062716
0.5613655596820221
0.5613877244192198
0.5614124277387084
0.5614271142223952
0.5614437640921566
0.5614579065560914
0.5614706448943909
0.5614841705095625
0.5615007977579802
0.561517457629662
0.5615344270780961
0.5615507645430715
0.5615681376665362
0.5615881199696625
0.5616100288270307
0.5616311960742459
0.5616534444061461
0.5616781445368838
0.5617044650449234
0.5617333184762148
0.5617662958356583
0.5618065089346833
0.5618560968936377
0.5619222451211847
0.5619812597030287
0.5620417603374476
0.5621016618032587
0.5621669868225085
0.5622356407101734
0.5623227490650582
0.5624078820087424
0.5624974751048493
0.562599081571682
0.562728552927775
0.5628762771568611
0.5630373243661885
0.5631995629374318
0.5633512542503017
0.5635252674267586
0.5637452025331473
0.5640929920076989
0.5647885709568021
0.5655260977871003
0.566107430738927
0.5664000677655123
0.5666279293114881
0.5668647874852235
0.5670433099950316
0.5672670403473052
0.567452992129408
0.5676174003022392
0.5678248623660004
0.5680778896160884
0.5684839229280383
0.5692393524543419
0.5699
0.569909763633774
0.569929290901322
0.5699683454364182
0.5699841727182091
0.5700000000000001
0.5700097636337741
0.5700204563680562
0.5700370904048095
0.5700623145097669
0.5700862218196686
0.5701139513394461
0.5701387406792597
0.5701627088735198
0.5701893343170379
0.5702260400718363
0.5702664234505401
0.5703026134477147
0.5703398039586188
0.5703821841877523
0.5704209809471873
0.5704556864116469
0.5704891105027786
0.5705324820919473
0.5705765732434283
0.5706309188719614
0.570689749772963
0.5707385557442862
0.5707812238945561
0.5708190930871458
0.5708667045621731
0.5709051057040603
0.5709819079878345
0.5710380626314345
0.5710934195175896
0.5711527089028711
0.5712200963522921
0.5713070683569274
0.571428839905611
0.5716153791580647
0.5719453087212129
0.5726051678475091
0.5736429676241488
0.5745973024912806
0.5755035920674133
0.5762973811511436
0.5770449924954568
0.5778282210612986
0.5788362788957216
0.5799
0.5799127250376113
0.5799381751128339
0.579969087556417
0.5799845437782085
0.58
0.5800127250376113
0.5800271597364418
0.5800437900117567
0.5800715966145908
0.5801006109035582
0.5801393416911824
0.5801961849441994
0.5802653604629144
0.5803658199308858
0.5804789096089826
0.5805903523005115
0.5807139954659791
0.5808681214871773
0.5810942005739044
0.5815463587473586
0.5822272579324983
0.5831100105073271
0.5842118386079319
0.5855883983934072
0.5874829388875956
0.5899
0.5899086751414001
0.5899260254242004
0.5899455952008775
0.5899651318843137
0.5899857618219028
0.59
0.5900086751414001
0.5900171419384675
0.5900313403661208
0.5900508805434128
0.5900711391786769
0.5900934247870357
0.5901176828059841
0.5901438279375498
0.5901626248383436
0.5901873312986188
0.5902144225275496
0.5902480822063679
0.5902901472857287
0.5903337139395531
0.5903731922645093
0.5904148038952072
0.5904582727882071
0.5905061695257424
0.5905627560038244
0.5906338448285823
0.590730934582207
0.5908622201093081
0.590991006538041
0.5911265474991222
0.5913072743566526
0.5915180900500595
0.5918645497192626
0.5925574690576688
0.5938764283105182
0.5956038034395252
0.5977141246261175
0.5999
0.5999024528297016
0.5999073584891047
0.599917169807911
0.599928067322274
0.5999382875557685
0.5999480681429022
0.5999574156414172
0.5999656033076282
0.5999736326914237
0.5999808530537912
0.5999874984818085
0.5999938266158794
0.5999969133079397
0.6
0.6000024528297015
0.6000053402991697
0.6000082790049508
0.6000120038455318
0.6000168561862359
0.6000225474233956
0.6000280850560014
0.6000337242699891
0.6000396032181499
0.6000454708571864
0.6000515754007189
0.6000582214306811
0.6000645354763949
0.6000707181251447
0.6000772825103802
0.6000849029989402
0.6000942516451003
0.6001031705923734
0.6001106357852773
0.600117014705778
0.6001217950180215
0.6001260120394444
0.6001300816813265
0.6001354703379242
0.6001394812107239
0.6001430678179269
0.6001462841040577
0.6001506131869915
0.6001547224512022
0.6001588288824368
0.6001631547552326
0.600167717098217
0.6001725908585669
0.6001779847654953
0.6001843611407006
0.6001896215805246
0.6001940313202097
0.6001980573528022
0.6002020040919541
0.6002064413615519
0.6002125923913804
0.6002177557749857
0.6002220414788877
0.6002262474840684
0.6002305135123607
0.6002349727435575
0.6002396492207717
0.6002445335187888
0.6002497931611046
0.6002560883058489
0.6002620038034052
0.600268730208441
0.6002746836887082
0.6002805603356678
0.6002869100055737
0.6002941299244859
0.6003030144787994
0.6003142036411833
0.6003294490159631
0.6003436601501372
0.6003563986942406
0.6003695891460928
0.6003882110769284
0.600404853286824
0.6004187624912404
0.6004336539368141
0.6004509254231409
0.6004738978736337
0.6004995751862932
0.6005280250686367
0.6005601154281838
0.6005944782956132
0.6006324660943839
0.6006753608981569
0.6007155561404532
0.600725715579653
0.6007376395647767
0.6007502697841993
0.6007599478922343
0.6007737511524149
0.6007841882615036
0.6007952925629848
0.6008118657541944
0.6008320583218615
0.6008582725801448
0.6008917795863589
0.6009342090127728
0.6009777527926538
0.6010199849350597
0.6010663797924647
0.6011205343808029
0.6011902160735528
0.6012905631945853
0.6014561498747285
0.6017767481671125
0.6023350296782499
0.60319945411675
0.6041366628385724
0.6051784158844348
0.6063980732015585
0.6078088371099591
0.6095985533282978
0.6099
0.6099028104432739
0.6099084313298216
0.6099148604051459
0.6099214835057593
0.6099282333198294
0.6099352320238187
0.6099426711043764
0.6099514726363259
0.6099589807537589
0.6099663084147797
0.609973402530016
0.6099801062572944
0.6099869496008047
0.6099944236279747
0.61
0.6100028104432739
0.6100057560996521
0.6100116474124087
0.6100205260038738
0.6100307013303534
0.6100419410708803
0.6100549054945235
0.6100680237551784
0.6100812447459418
0.6100952690439616
0.6101105546152199
0.6101293440627317
0.610148401715492
0.6101715174358615
0.6101984949327507
0.6102261423141723
0.6102609845101478
0.6103022739591806
0.6103499501550085
0.610407833394714
0.610479332448296
0.6105646063291391
0.6106624476406219
0.6107762802213904
0.610860793475888
0.6109362899918503
0.611030983293256
0.6111057863884665
0.611194438700315
0.6113369805480683
0.6116220642435749
0.612001183330357
0.61210588156139
0.612315278023456
0.6123668619587498
0.612449757077892
0.6124890553888498
0.6125293366264484
0.6125707880739033
0.612605494108419
0.6126334908883926
0.6126599384164203
0.6126882001133725
0.6127110077206144
0.6127336989653646
0.6127625626758553
0.6128096606493584
0.612842659927723
0.6128763439422195
0.6129152601187858
0.6129648948766824
0.6130327664632262
0.6131179311137002
0.613209330213525
0.6133048774570545
0.6133905033676113
0.6134754722411299
0.6135779293111999
0.613661983180823
0.6137537082418129
0.6139209609337148
0.6141219886839497
0.6143523149899095
0.6146166512740515
0.6149188240481416
0.6152678958805581
0.6156732257860523
0.6161427172294978
0.616687801164223
0.6173231466631629
0.6180681948387927
0.6189517752910974
0.6199
0.6199032626717004
0.6199097880151011
0.6199228387019026
0.6199343648971261
0.6199479321785507
0.6199634843517595
0.6199817041354401
0.62
0.6200032626717004
0.6200097880151011
0.6200204848896474
0.6200319836396293
0.6200436652133742
0.6200579073904086
0.6200760070778907
0.6200957061897346
0.6201158487625017
0.6201392929780271
0.6201679039633516
0.6202075073515227
0.6202747410200603
0.6203598972584199
0.6204620037948756
0.6205932492060336
0.620756179334283
0.6209902355596459
0.6213083741021302
0.6218123379413188
0.6228202656196961
0.6247639807231811
0.6269102513281819
0.6292811421637899
0.6299
0.629907028597855
0.6299210857935649
0.6299492001849847
0.6299689062539172
0.6299844531269586
0.63
0.630007028597855
0.630016533457702
0.6300303301410805
0.6300501073752585
0.630068483684895
0.6300898641830138
0.6301174516753216
0.6301502356298814
0.6301860097891951
0.630227529236211
0.6302394684300776
0.6302572502931216
0.6302749594266994
0.6302964943344
0.6303250859317885
0.6303822691265654
0.6304618181555023
0.6305514993067332
0.6306540529701967
0.6307715604071122
0.6309092455323416
0.631070553929874
0.6312319737076731
0.6313474204319369
0.631468617762008
0.6315861790045418
0.631703152933515
0.6318604450868671
0.6321750293935714
0.63280419800698
0.6336030314515559
0.6345623694882333
0.6356784368736035
0.6369851997257516
0.6385889047399838
0.6399
0.6399078909042806
0.6399236727128417
0.6399410230003233
0.6399570947653591
0.6399774628087034
0.6399887314043518
0.64
0.6400078909042806
0.6400171407423363
0.6400288306617409
0.6400454205767807
0.6400614629938518
0.6400756160988521
0.6400896324044258
0.6401051216070348
0.6401260855381529
0.6401497435611497
0.6401700453765587
0.6401906054666098
0.6402133822850029
0.6402411978297018
0.6402749031697046
0.6403142870687781
0.6403587192731527
0.6404095627388225
0.6404490738271749
0.6404807449344022
0.6405152175415553
0.640569349167222
0.6406154982471282
0.6406602666383597
0.6407134466922552
0.6407774110726487
0.640867822681209
0.6410211147680827
0.6412339892360088
0.6414079828165992
0.6415684654559267
0.6417007157775245
0.6418179736823147
0.6419769086217505
0.6421333308341375
0.6422987410922432
0.6425483212412109
0.6428586978827885
0.6434794511659437
0.6444947757282155
0.6456231271687621
0.6469163355001629
0.6484661912836337
0.6499
0.649905092949687
0.649915278849061
0.6499356506478089
0.649953702718845
0.6499735711040664
0.6499867855520332
0.65
0.650005092949687
0.6500117791214988
0.6500251514651223
0.6500430198203079
0.650059834312488
0.6500801360132121
0.6501048731744526
0.650131461169995
0.6501651205773809
0.6502072052629472
0.650254316280176
0.6503081468370316
0.650357291659034
0.6504156819076607
0.6504801291735388
0.6505515848916842
0.6506318848303783
0.6506912288837807
0.6507531042167378
0.6508039928838782
0.6508294372174485
0.6508765126796042
0.6509287726365198
0.6510050653281781
0.6511173026262566
0.6511519352385916
0.6512212004632617
0.6512441802975634
0.6512707360653074
0.6512962583919533
0.6513212022549107
0.6513462426041704
0.6513693479496134
0.6513949458045153
0.6514253925534482
0.6514626474392825
0.6514932934051388
0.6515248605336891
0.6515532645932288
0.6515830861961827
0.6516117195842872
0.6516428189538361
0.6516900727275057
0.6517607532236093
0.6518494766675371
0.6519498404029279
0.6520634353190461
0.6521367380086571
0.6522092905244267
0.6522845682884514
0.6523714762868464
0.6524462420373116
0.6525306135114844
0.6526664445723971
0.6528972355460593
0.6531617126881601
0.6534637066654735
0.6538123675044212
0.6542142638976769
0.6546823154146747
0.6552302699437124
0.6558730879057086
0.656626956751939
0.6575157521463288
0.658563400394893
0.6597057578509715
0.6599
0.6599033346632938
0.6599100039898812
0.6599233426430561
0.6599342184015221
0.6599448130626959
0.6599572228502857
0.6599705052064884
0.6599835237762416
0.6599917618881208
0.6599958809440605
0.66
0.6600033346632938
0.6600063102678502
0.6600119681446696
0.6600216245040625
0.6600309223585971
0.6600403150063149
0.6600499723161909
0.660059753588278
0.660070090739305
0.6600812791794931
0.6600946679005397
0.6601024824067528
0.6601104154084033
0.6601172191481622
0.6601243872970223
0.6601316253721088
0.6601379220131448
0.660145807046678
0.6601570898679741
0.6601708883189455
0.6601830510190638
0.660190585349296
0.6601983897406938
0.6602051575014732
0.6602136830541856
0.6602212717036912
0.6602282040078518
0.6602362812750524
0.6602437626479657
0.6602500933449825
0.6602562509713239
0.6602630461073566
0.6602698993883546
0.660276958339511
0.6602849962319481
0.6602939264927878
0.6603030967117608
0.6603076694675805
0.6603115179801268
0.6603152579809354
0.6603190974269972
0.6603230731042833
0.6603267280746292
0.6603307219579563
0.6603361961178803
0.6603436247663634
0.6603532257751324
0.6603645453177094
0.6603768119642189
0.6603906737797147
0.6604046097173315
0.6604163577805721
0.6604275526311768
0.6604394885348667
0.6604604514279011
0.6604758800740175
0.6604913215644288
0.6605093456834799
0.6605268480509144
0.6605467219367751
0.6605715052985255
0.6606050295062892
0.6606551429562325
0.6606996309341535
0.660733177430124
0.6607630560601379
0.6607861120703372
0.6608104860380477
0.660831529127563
0.660853383461806
0.6608814395431866
0.6609200358486739
0.6609514063663384
0.660983283716918
0.6610197412534047
0.6610632436493646
0.6610964558192888
0.6611202247866299
0.6611392325664294
0.6611558674597044
0.6611727467167021
0.6611972551968521
0.6612147598569993
0.6612271877654513
0.6612382295741861
0.6612488090861298
0.6612605741699369
0.661279094438177
0.6612948819200769
0.6613080114389104
0.6613216605954096
0.661336964269178
0.6613562479290381
0.6613794600006935
0.6614039010319245
0.661431833159457
0.6614592846053194
0.66147981422567
0.6614980479136348
0.6615206428520577
0.6615406948939665
0.6615569665661603
0.6615739395821121
0.6615937812290813
0.6616242158190095
0.661659353589795
0.6616927597722555
0.6617305791221104
0.6617735752950769
0.6618221729098942
0.6618784774548765
0.6619442257538882
0.66202130022363
0.6621003735659124
0.6621795677632725
0.6622780194938349
0.6623572252195667
0.6624365788411712
0.6625125536898825
0.6625884658758187
0.6626715796522021
0.6627683669591573
0.662890606736405
0.6629956014265845
0.6630798630930418
0.6631586582157604
0.6632409774221998
0.6633208258599764
0.6633769346932804
0.6634663304682333
0.6635723648249439
0.6636813290380645
0.663802960495947
0.6639427321776058
0.6641091408195715
0.6643081364550366
0.6645066630017321
0.6646485847187416
0.66473829937468
0.6648367288416367
0.6649137731395874
0.665020444541167
0.6650996899223539
0.6651751235310751
0.6652798321343009
0.66540500660046
0.6655852005358198
0.6658904298045305
0.6663716152860847
0.6669678744247249
0.6677970909448334
0.6689272703983272
0.6698999999999999
0.6699246422303768
0.6699623211151884
0.67
0.6700172317210192
0.6700399722747651
0.6700583480193432
0.6700878439834926
0.6701303755921107
0.6701832222085865
0.6702341644368878
0.6702911061712293
0.6703577328549415
0.6704375245962411
0.6705360305751603
0.6706296953288611
0.6708063965130747
0.670961114318811
0.671074087960545
0.6711704922133196
0.671262993299943
0.6713831821579748
0.671475164933169
0.6715432888443728
0.6716075782252132
0.6716753501270677
0.6717637520738685
0.6718528834232461
0.6719404367988253
0.6720263035371083
0.6721178753915742
0.672225795321643
0.6723561485082887
0.6725307993578383
0.672783189399631
0.6731914409084547
0.6737798227988596
0.6744360115036971
0.6751731621304631
0.676014846233527
0.6769894841248174
0.678151688634257
0.6795102769185528
0.6799
0.6799045082307696
0.679913524692309
0.6799232515686923
0.6799327232148336
0.6799445689534224
0.6799581350988498
0.6799690325373688
0.6799774961951621
0.6799852671736253
0.679993645240952
0.68
0.6800045082307697
0.6800088780299027
0.6800145401666767
0.6800255665617009
0.6800333456590514
0.680040862789784
0.6800498161930237
0.6800606148540255
0.6800714455821206
0.6800813578695605
0.6800918347505837
0.6801037615072966
0.6801185971686896
0.6801386647206865
0.6801688241876773
0.6802139339857316
0.6802698215193804
0.6803389412731333
0.6804312659514877
0.6805712518019885
0.6807606968327405
0.6809918814077471
0.6812876045780679
0.6817231942118591
0.6825670124751622
0.6839176933541632
0.6864471143945186
0.6899
0.6899065129154313
0.6899195387462939
0.689937699882257
0.6899548025029569
0.6899742377836244
0.6899871188918123
0.6900000000000001
0.6900065129154314
0.6900159772589031
0.690030958068639
0.690049030708089
0.6900684920824415
0.6900867270864205
0.6901067597978088
0.6901325227822045
0.6901634006539216
0.6901968138746503
0.690236436726429
0.6902683184223741
0.6903190437642294
0.6903804992446101
0.6904559262991624
0.6905524929866717
0.6906853928611139
0.6908894488308991
0.6912975607704696
0.6917725836635515
0.6918812251944748
0.6920985082563214
0.6921365416894389
0.6921856451477141
0.6922303436126632
0.6922732977345494
0.692312994475059
0.6923473970892418
0.6923798950243021
0.6924192067415882
0.6924651672618007
0.6925144523440394
0.6925672472098229
0.6926291777998694
0.6927056315739389
0.6927871564121639
0.6928731358399768
0.6929442729717283
0.6930263376972718
0.6931074442311002
0.693178969779253
0.6932657617788919
0.6934233864020691
0.6936072819848541
0.6938169962532079
0.694057537551865
0.6943325965552334
0.6946507933901686
0.6950196060612875
0.6954465454550367
0.6959415786014967
0.6965172497295358
0.697189703184474
0.6979840380690685
0.6989138896979925
0.6999
0.6999042424546865
0.6999127273640596
0.6999296971828058
0.6999455883836915
0.6999620702049256
0.699984444573833
0.6999922222869166
0.7000000000000001
0.7000042424546866
0.7000099098503536
0.7000212446416876
0.7000385513060755
0.7000538810147287
0.7000708097699528
0.7000915619460422
0.7001181266009967
0.7001455518632242
0.7001768527039957
0.7002145669915709
0.7002612676728742
0.7003070399842373
0.7003549805122877
0.700398882143374
0.700440975574906
0.7004877169382109
0.7005525377993278
0.7006032779960926
0.7006467150371969
0.7006836341874597
0.7007312484721965
0.7007721895289882
0.700813866437373
0.7008701356979432
0.7009139628673413
0.7009365491076285
0.7009580535745805
0.7009826416022342
0.7010019477112523
0.7010285135943335
0.7010504849476539
0.7010698707934528
0.7010917332665308
0.7011187669239906
0.7011408382280282
0.7011646569473855
0.7011844782384489
0.7012046344859844
0.7012252048927803
0.7012469838189644
0.7012753998281602
0.7013257244956098
0.7013917720805487
0.7014658309847858
0.7015498161118311
0.7016365437018973
0.701711755826097
0.7017652341900379
0.7018076637575197
0.7018507810021977
0.7019105720743748
0.7019577239048612
0.7020016419396042
0.702049740656304
0.7021100750753141
0.7021684711305451
0.7022200061834748
0.7022699096927584
0.7023270731243748
0.7023658502304443
0.7024088928582376
0.702446418705262
0.7024809403241072
0.7025168638087349
0.7025583353776186
0.702630888763743
0.7026835586116708
0.7027285150797954
0.7027759664572995
0.7028285307962818
0.702895344735892
0.7029834052241861
0.7031183690669701
0.70332858139237
0.7037490060431697
0.7042394723855706
0.7047870509303819
0.7054144014236944
0.7061345392554986
0.7069761827065708
0.7079656407165998
0.7090431772692432
0.7099
0.7099042695975919
0.7099128087927757
0.7099298871831434
0.7099430900197227
0.7099554552242389
0.7099689760950902
0.7099848902110387
0.7099924451055193
0.71
0.7100042695975919
0.7100084488394003
0.7100168073230171
0.7100282111669511
0.7100402966385047
0.7100535074375764
0.7100681937858035
0.7100843238849782
0.7101045211483592
0.7101276727290933
0.7101540638587188
0.7101887720904564
0.7102367998215207
0.7103011334380444
0.7103755049574392
0.7104613841320158
0.7105611181260154
0.7106773871611592
0.710813746155835
0.710974032486496
0.7111625295574276
0.7113841350277266
0.7116047746215393
0.7118058092658638
0.7119872853291872
0.7121328417901249
0.7122614575541798
0.7123899575018722
0.7125421143264824
0.7127531698974537
0.7129138088925149
0.7130617303167502
0.7132208416295303
0.7134048070233725
0.713559465227741
0.7137006159308239
0.7138504189938633
0.7140311869325391
0.7142278590712154
0.7144303300411097
0.7146303965754092
0.7148489267220914
0.71510139346173
0.7154000178530143
0.7157565386507165
0.7161944478758375
0.7167012931694623
0.7173284027331018
0.7181479613797556
0.7193013984398938
0.7199
0.7199056051962065
0.7199168155886195
0.7199319031695691
0.7199468575408501
0.7199610069074929
0.7199768987581767
0.7199884493790883
0.72
0.7200056051962065
0.7200137285147882
0.7200266981772321
0.7200420591752664
0.7200575207018677
0.7200740567132996
0.7200920098985112
0.720112509296494
0.7201342561653121
0.7201573945009548
0.7201811626052126
0.7202065409452859
0.7202342308328739
0.7202677359174949
0.7203014392482762
0.7203270239791382
0.7203502285339273
0.7203748779122098
0.7204027445907752
0.7204296709832112
0.7204545605709703
0.7204768630475487
0.7204941861627929
0.7205087104750394
0.7205219484439302
0.7205353278962272
0.7205523455512597
0.7205623568251144
0.7205727370446223
0.7205818413441197
0.7205900155405827
0.7205983801708251
0.7206079139295597
0.7206202859814532
0.7206325096638148
0.7206427893915249
0.7206531523745412
0.7206644445666575
0.7206776548233746
0.7206943453050276
0.720710130767298
0.7207261427840937
0.7207434872471646
0.720763079645161
0.7207842537905426
0.7208073449184323
0.7208341728269269
0.720865342721062
0.7208995329389112
0.7209389289534597
0.7209873498164586
0.7210496747542562
0.7211135198629507
0.7211774164135657
0.7212451411911907
0.721260059160651
0.7212801770017894
0.7213002448194532
0.7213165669136276
0.7213348141719316
0.7213510980501451
0.721368841712648
0.7213947687271806
0.7214265501581375
0.7214675247154698
0.7215199234600728
0.7215868042459791
0.7216737008672621
0.7217854263675474
0.7219272304842955
0.722049422534475
0.722204743688892
0.7223701117085322
0.7225500324333706
0.7228272436809688
0.7232063583868912
0.7239633961931911
0.7245744914473536
0.7251511346221948
0.7257085609274734
0.7262779779292798
0.7268529485384372
0.7275646212983448
0.7284742059224828
0.7299
0.7299051161965424
0.7299153485896273
0.7299358133757969
0.7299505775323415
0.7299663077034952
0.7299840716525161
0.729992035826258
0.73
0.7300051161965424
0.7300104294371822
0.7300202724514683
0.7300332735013733
0.730048309080514
0.730063627072175
0.730080233390886
0.7301012915764541
0.7301305980206872
0.7301682075639174
0.7302249822211935
0.7303301329940736
0.7304510868282698
0.7305986525840359
0.7307975721532111
0.731050720109825
0.731454672545405
0.7320367448630715
0.7327773662635955
0.7337183398288267
0.7349175350212444
0.7364707151378961
0.7385390319740184
0.7399
0.7399112934172594
0.7399338802517781
0.739966940125889
0.7399834700629445
0.74
0.7400112934172594
0.7400247185820934
0.7400420870092164
0.7400679704438038
0.740092759519304
0.7401170366126867
0.7401486870606219
0.7401856301101389
0.7402221935867731
0.7402604209736112
0.7403048673290035
0.7403525202746937
0.7404074925315058
0.7404773984873186
0.7405752509411334
0.7407291936998426
0.7408523589528083
0.7409560472641263
0.7410326655312858
0.7411052142735255
0.74118236620937
0.7412950118902915
0.7413985527256833
0.7415041060696383
0.7416532442435394
0.7418272044514588
0.7421546726991404
0.7428096091945036
0.7437488185443989
0.7448446668319387
0.7461075933780051
0.7476295518706302
0.7494421891464648
0.7499
0.7499040210933494
0.7499120632800482
0.7499281476534458
0.7499435034258851
0.7499612068008037
0.7499819157328592
0.7499909578664297
0.75
0.7500040210933494
0.7500085494335093
0.750017606113829
0.7500323093419441
0.7500470931886175
0.7500653448972359
0.7500881226228256
0.7501109901421797
0.750136408819308
0.750168444008186
0.7502038926659484
0.7502480820383678
0.750294901442677
0.7503438843857286
0.7503971955983397
0.7504559833807128
0.7505213444462417
0.7505941861852062
0.7506422983287528
0.7506934069573317
0.7507374688402887
0.7507894397439414
0.7508350970062966
0.7508846673835331
0.7509193459672476
0.7509421655315779
0.7509629691980476
0.7509857187340659
0.7510049211158043
0.7510319167726152
0.7510534377682482
0.7510726921677935
0.7510945849353942
0.7511216212955573
0.7511437940035262
0.7511675457531991
0.7511873578748459
0.7512074929742028
0.751228030845348
0.7512498305280665
0.7512783235996255
0.7513289380142826
0.7513950228963783
0.7514691098469296
0.751553147679672
0.7516398448971202
0.7517457916277841
0.7518232199764604
0.7519043857028935
0.7519740722920377
0.7520474017460691
0.7521195689867679
0.7521975123333814
0.7523119013205494
0.7524500504791173
0.752600710868598
0.7527480572002313
0.7529042183839704
0.7531109229973596
0.7533770670286424
0.7537100783316067
0.7540952410220343
0.7545666478776105
0.7551530351347588
0.7558187090354397
0.7566163644752946
0.7571597509744358
0.7577304216005312
0.758181618891197
0.7585749832059974
0.7589093057908768
0.7592704225272463
0.7595534976745528
0.7598282145016902
0.7599
0.7599074204834946
0.7599222614504837
0.7599433731886474
0.7599641206444547
0.7599820603222274
0.76
0.7600074204834946
0.7600176540475486
0.7600359024923221
0.7600555736073301
0.7600758640952533
0.7600984901107435
0.7601250525227169
0.7601573814871655
0.7601961515669005
0.7602378877129773
0.7602846709550328
0.7603398876271802
0.7604049384455688
0.7604644175086976
0.7605173436545569
0.7605710425466573
0.760634003752979
0.760712685764547
0.7607938753263924
0.7608681396203354
0.7609469909830385
0.7610396553696976
0.7611537183068267
0.7613140938671379
0.7615687099560396
0.7620779421338432
0.7630964064894502
0.7647048836918702
0.7667877942851193
0.7691070273910283
0.7699
0.7699055383973686
0.7699166151921059
0.7699387687815803
0.7699570959307199
0.7699714959660293
0.7699861221878852
0.77
0.7700055383973686
0.7700137734337892
0.7700242609140119
0.7700360291081612
0.7700496665637743
0.7700651173705679
0.7700813876722299
0.770097286598756
0.7701145634611084
0.7701360750201731
0.7701665277532337
0.7702011410895326
0.7702323949065719
0.7702610333192362
0.7702885131961554
0.7703171884135545
0.7703451943173615
0.7703658945830293
0.7703817743669198
0.7703964705460828
0.7704125490018662
0.7704305493617218
0.7704481701447959
0.7704661925651224
0.7704850265902653
0.7705010648159849
0.7705152766805704
0.7705290102157302
0.7705438596682305
0.7705659802605817
0.7705850387475878
0.7706004726019733
0.7706161820581755
0.7706333190810843
0.7706538100605665
0.7706749388300446
0.77069723079444
0.7707203643693542
0.770742444297803
0.7707599774053608
0.7707747283182216
0.7707880499378486
0.7708012102267455
0.770816392572671
0.7708274380606333
0.7708387362330432
0.770848149532821
0.7708564440985395
0.7708646549886268
0.7708735929392504
0.7708858125568274
0.770898605640098
0.7709090133150088
0.7709191952851656
0.7709301023146041
0.7709426343715133
0.7709585553082353
0.7709743315168472
0.7709900903745424
0.7710069360257895
0.7710257208145306
0.7710464300126924
0.7710688964115459
0.7710941450957984
0.7711241706029555
0.7711586058835427
0.7711954575841948
0.7712387953580554
0.7712930102784933
0.7713542653589586
0.7714171410614761
0.7714523436855151
0.771465231231622
0.7714910063238359
0.7715100700223757
0.7715250204106237
0.7715404481759592
0.7715552840696641
0.7715727592267569
0.7715949382974447
0.7716239070618001
0.7716606434226206
0.7717075878809241
0.7717674611626085
0.7718442777363086
0.7719447946495475
0.7720677410511392
0.7721685802906384
0.7723075597812983
0.7724533184410909
0.7726029541902654
0.7728209794708593
0.7731013276685507
0.7736620240639335
0.774322608455965
0.7749000931864151
0.7754974799019575
0.7760836193575604
0.7766406274162059
0.7772318762701699
0.777939047964539
0.7789755480365506
0.7799
0.7799038882163909
0.7799116646491726
0.779927217514736
0.7799420824782716
0.7799564775879281
0.7799755602143501
0.7799877801071751
0.7799938900535875
0.78
0.7800038882163909
0.7800078646110007
0.7800158174002203
0.7800296944134617
0.7800450471890625
0.7800611596915443
0.7800794705235846
0.7801005642264192
0.7801252750209493
0.7801544356442248
0.7801888196714487
0.7802293177024406
0.7802770036750328
0.7803332314932514
0.7803958272357527
0.7804636624013614
0.780482387093107
0.7805198364765982
0.7805617311578006
0.7806093831126341
0.7806946517549559
0.7808126187336557
0.7809438436979779
0.7810931840193479
0.7812651850796716
0.7813062707033367
0.7813521921667776
0.7813785406467879
0.781409367028161
0.7814365578787767
0.7814713748668967
0.7815019297189659
0.7815277914644496
0.7815560841595941
0.7815902238503506
0.7816357022928161
0.7816750297189138
0.7817175847424657
0.7817525172666394
0.7817882399823893
0.7818238053553788
0.7818610151252935
0.7819098356236956
0.7819990660254047
0.7821017108426915
0.7822168018910497
0.7822903123356552
0.782363120607822
0.782438537220403
0.7825255071436643
0.7826003968668885
0.7826849302774447
0.7828211748223631
0.7830530620831775
0.7833168255800356
0.7836179180147431
0.7839655722275214
0.7843662666653339
0.7848329754415505
0.7853793361987531
0.7860201917777105
0.7867716752404451
0.7876575290813732
0.7887097262337677
0.7898742730356116
0.7899
0.7899031993053914
0.7899095979161742
0.7899186970578768
0.7899297630075784
0.7899428152586352
0.7899600213841969
0.7899788216519635
0.79
0.7900031993053914
0.7900095979161742
0.7900167639311124
0.7900263557162212
0.7900354666888197
0.7900435817878787
0.7900515027387071
0.790060245720242
0.7900681431239609
0.7900770676487172
0.7900849408395919
0.7900926325560624
0.7901007569902971
0.790109218809967
0.7901167805651746
0.790122630234229
0.7901277341191711
0.7901335582930762
0.7901389836536442
0.7901444784641182
0.7901499010558816
0.7901557721053453
0.7901628617612264
0.7901716163577412
0.7901837933584702
0.7901993674904534
0.7902110266995946
0.7902200396185073
0.7902279580194119
0.7902356062432871
0.7902447007274526
0.7902517172035181
0.7902593972868819
0.7902661748290208
0.7902723123269856
0.7902781837460555
0.7902839440834598
0.7902899960405663
0.790297322841166
0.7903038560736848
0.7903112461286639
0.7903180388006499
0.790324908076448
0.7903324571759248
0.7903414385398764
0.79035236508454
0.7903642619174747
0.7903756468166426
0.7903861307616914
0.7903955103657772
0.7904039361006554
0.7904118627347623
0.7904200004063369
0.7904296772968402
0.7904384573324136
0.790448468332545
0.7904574837931067
0.7904664379566804
0.7904761478787267
0.7904871960323964
0.7905007505666763
0.7905159701211563
0.7905299418401622
0.7905430002195365
0.7905558678384443
0.79056982032711
0.7905856111058606
0.7905974819330879
0.7906061861534155
0.7906137958936665
0.7906206943853712
0.7906286884330919
0.7906363076446995
0.7906458383030865
0.790652770676163
0.7906587637887386
0.790664546021498
0.7906704529048042
0.7906770970743616
0.7906855687257665
0.7907012013751878
0.7907127217299482
0.7907235434155947
0.7907335266513209
0.7907447937373125
0.790756578456263
0.7907697235651492
0.7907852196100377
0.7908042322861969
0.7908273009466573
0.7908522528323106
0.7908787859399079
0.7909077767688067
0.7909402412085142
0.7909787957109626
0.7910254270727038
0.7910804651118737
0.7911426327778726
0.7912192833350499
0.7913228853723286
0.7914858970365524
0.7917373011506358
0.7919558539780307
0.7921171553602634
0.7923742869010134
0.7925561367584303
0.7927425606334467
0.79301743905845
0.7934250290285465
0.7940436927250418
0.7947662434203325
0.7956007853964159
0.7965842278369177
0.7977437839381926
0.799097494410495
0.7998999999999999
0.7999040425802513
0.7999121277407539
0.7999282980617592
0.799942535844495
0.7999569285573508
0.799975884401666
0.799987942200833
0.7999939711004165
0.8
0.8000040425802514
0.8000081873671403
0.8000164769409182
0.8000301663690874
0.8000452268320888
0.8000614160719505
0.8000798487007643
0.8000991376440255
0.8001230607843297
0.8001521133646083
0.8001863729344858
0.8002170677413781
0.8002481824156511
0.8002839223685853
0.8003295561600413
0.8003978635428455
0.8004783939687714
0.8005717257734603
0.8006798011068601
0.8008050313426974
0.8009512399405084
0.8011225113108803
0.8013230762406031
0.8015458623582107
0.8018133318560667
0.8020313476309925
0.8022049093417516
0.8023126282181613
0.8024211154801774
0.8025204398774579
0.8026261139501248
0.8027283506024016
0.8028468401880154
0.8029244760047631
0.8029996767308287
0.8030695367595472
0.8031384381649586
0.803217797213312
0.803311098615344
0.8033981555752752
0.8034897223053202
0.8035845911555792
0.803689815559281
0.8038066464366279
0.8039509661690083
0.80414060413771
0.8044109964698243
0.8047540953724411
0.8051745300069209
0.8056620252352801
0.8062324374454869
0.8069444008317055
0.8078689745117463
0.8088703342950457
0.8099
0.8099057335458867
0.8099172006376602
0.8099401348212071
0.8099631646493778
0.809981582324689
0.81
0.8100057335458868
0.8100137839529528
0.8100274798321538
0.8100424105041678
0.810057282881731
0.8100717922700161
0.8100874152693507
0.8101070919779737
0.8101261627174479
0.810143416677769
0.8101609154918905
0.8101784103617534
0.8101959132338167
0.8102159776234873
0.8102341147619683
0.8102500987519631
0.8102658048497858
0.8102822274935189
0.8103012493745726
0.8103254613889544
0.810359253271459
0.8103995699451793
0.8104353943595
0.8104722938979046
0.8105117938128278
0.8105550485857409
0.8106040757971318
0.810660422191921
0.8107254948726388
0.8108005402165995
0.8108866808848461
0.810985132773395
0.8110974063826218
0.8112254215903183
0.8113715418962543
0.8115387973716838
0.8117310271120777
0.8119534199889835
0.8122131357438908
0.8125209601507353
0.8128929214199323
0.8133555944363079
0.813952085007455
0.8147352542567248
0.8156123454423128
0.8165376181338152
0.8173337025938509
0.8179685786406925
0.818458536379717
0.8188255262086617
0.81909723917058
0.8193004473004517
0.8194532346123838
0.8195300486058062
0.8196026990754205
0.8196463388401003
0.8196888994819891
0.8197295476518961
0.8197600193017126
0.8197814715690621
0.8197955131658805
0.8198087882146153
0.8198187581444019
0.8198281748941302
0.8198357992612566
0.8198429782277505
0.8198488691056277
0.8198544311791109
0.8198590262756562
0.8198634218137341
0.8198670617333009
0.8198706167384817
0.8198745215973139
0.8198783930921311
0.8198820313237709
0.8198854216652361
0.819888563384096
0.8198914909727967
0.8198942503349125
0.8198968868530918
0.8198994501526351
0.8199
0.819900739018238
0.8199019746654498
0.8199030837739516
0.8199047656526285
0.8199073484456072
0.8199113061444013
0.8199150263165429
0.8199189093919869
0.819922489758258
0.8199260792708313
0.8199299535822263
0.8199342589832926
0.8199389833679309
0.8199442167749761
0.8199494606842749
0.819954892989028
0.8199610849306465
0.819967598949078
0.8199745622120383
0.8199817930501594
0.8199888970169168
0.8199965371359405
0.8200000000000001
0.8200031337177482
0.8200060987747213
0.8200112296077606
0.8200197675611774
0.8200312388225228
0.8200431609158398
0.8200566721225389
0.8200703937221465
0.8200847625050032
0.8201006014383453
0.8201191790596448
0.8201383421613824
0.8201568139543175
0.8201651457401917
0.8201757629685295
0.8201833422689305
0.8201928732675994
0.820200588608121
0.8202077103434299
0.8202170261120629
0.8202342238576942
0.8202543974749003
0.8202759440827305
0.8202991440377803
0.82032274655855
0.8203428403095262
0.8203579746931454
0.82037102761363
0.8203856709888526
0.8203992308353174
0.8204132009163236
0.8204268462994861
0.8204414791326778
0.8204590471314234
0.820480378289719
0.8205096710666938
0.8205389765069047
0.8205624563976763
0.8205827058186803
0.8206019334208918
0.8206232244365822
0.8206379779324211
0.8206573548254279
0.82067376365284
0.8206882084666983
0.8207022787016024
0.820716534017945
0.8207325674139747
0.8207562922342533
0.820778274286524
0.8207958086879148
0.8208134129010926
0.8208323489774122
0.8208551153460057
0.8208834557685241
0.8209223722888334
0.8209604771149891
0.8210000571957353
0.8210329388973406
0.8210608822153523
0.821085485511151
0.821107757139821
0.8211293775656583
0.8211527188713742
0.8211850631896371
0.8212174798397658
0.821242332004101
0.8212667000315989
0.8212927352421487
0.8213227582784446
0.821360934532222
0.8214003909183873
0.8214536253996022
0.8215014618497058
0.8215462836211085
0.8215955725910632
0.8216397475393701
0.8216830822517119
0.8217289898425577
0.8217810457510026
0.8218498811329799
0.8219159418331964
0.8219852071807411
0.8220503747543374
0.8221170414648173
0.8221903165827339
0.8222771063878901
0.8223823528003174
0.8225204648547291
0.822713500284965
0.8230102578468398
0.8232513917063429
0.823478494454784
0.823818995681317
0.8242192476150016
0.8249021545307552
0.8257043464757811
0.8266226811021187
0.8277068435556397
0.8289740871818277
0.8299
0.8299087654735853
0.8299262964207559
0.8299613583150971
0.8299806791575486
0.8300000000000001
0.8300087654735854
0.8300216867830519
0.8300375869579278
0.8300575703150629
0.8300808584180027
0.8301088980865572
0.8301381189656617
0.8301672612793152
0.8301982294634332
0.8302354781567008
0.8302858258205343
0.8303374013492097
0.8303852374371729
0.8304376725093704
0.8305007622363383
0.8305813227400791
0.8307068089734793
0.8308813600650147
0.8311534556258857
0.8316226661657337
0.8322370129068078
0.8330569876589329
0.8342299951787285
0.836114001934644
0.839321436341365
0.8399
0.8399022427730454
0.8399067283191362
0.8399156994113177
0.8399297080581406
0.8399415013584872
0.8399539510019934
0.8399683733763835
0.8399856409475138
0.84
0.8400022427730454
0.8400067283191361
0.8400156994113177
0.8400275212597452
0.8400391475553212
0.840050290016552
0.8400597962445501
0.840068236373289
0.840076386206474
0.8400851408953904
0.8400974604189931
0.8401089928242623
0.8401177165975174
0.8401257809773082
0.8401333507355256
0.84014027070436
0.8401464894126924
0.8401521608039166
0.8401576682354921
0.8401636670144883
0.8401727385674364
0.8401801114644118
0.8401860364255379
0.8401920110665867
0.8401984131717248
0.8402059120255452
0.8402153833425166
0.8402254142112054
0.8402349311228549
0.8402440402361214
0.8402535375047029
0.8402659696657615
0.8402740025716438
0.8402820972339025
0.8402893326852584
0.8402958693501019
0.8403023081731492
0.8403090207100705
0.8403168690379134
0.8403255738068156
0.8403348843048825
0.8403428829984892
0.8403508325358726
0.8403594278056775
0.8403692853420175
0.8403815547234267
0.8403971776473809
0.8404186654411113
0.8404503750354468
0.8404918793934888
0.840534871013981
0.8405803975951082
0.8406302376466919
0.8406879339760412
0.8407558413863584
0.8408416103129085
0.8409561194328695
0.8411211284178458
0.8413216580578909
0.8415521559498813
0.8418185944514838
0.8421276651258947
0.8424886747763746
0.8428024067993782
0.8431606735709409
0.8435582139324825
0.8438734572708197
0.8442334138981552
0.84467076698057
0.8451541568668465
0.8456690348619101
0.8463069113634136
0.8471188657661426
0.8484311215282834
0.8499
0.849904543555985
0.849913630667955
0.849931804891895
0.8499509944097968
0.8499735903791132
0.8499867951895566
0.85
0.850004543555985
0.8500104596781277
0.8500222919224132
0.8500394054341988
0.8500597995927412
0.8500805968689106
0.850104379240952
0.8501303952485786
0.8501618903530752
0.8501934133030346
0.8502297890896476
0.850269329363057
0.8503153181471251
0.8503739234851171
0.8504437227769402
0.8505318857946543
0.850638590418945
0.8507620206137141
0.8509051781148231
0.8510715735167503
0.8512625423042587
0.8514825054364347
0.8517368617801221
0.852031724999514
0.8523742312893179
0.852772520182752
0.8532361915620659
0.8537767361785873
0.8544082144365861
0.8551482875641571
0.8560196058708553
0.8570523194771824
0.8582876367172542
0.8597890153294179
0.8599
0.8599158915420899
0.8599476746262698
0.8599738373131349
0.86
0.8600158915420899
0.8600322820263642
0.8600620670866461
0.8601048436203055
0.8601495086907965
0.8601971254807148
0.8602562536129194
0.8603192215072164
0.8603875490302616
0.8604576828697295
0.8605530378486064
0.8606206516297545
0.860668531027425
0.8607129717015377
0.8607599267919444
0.8608263072950972
0.8608989348677324
0.8609575146930305
0.8610175734746462
0.8610840757219553
0.8611659947464005
0.8612380278372049
0.8613081323376073
0.8613840126272716
0.8614754029877771
0.8616457425569817
0.8617679536865681
0.8618751218829688
0.8619890055166374
0.8621178158152772
0.8622735464988067
0.8624832947167148
0.8627909783578631
0.8633129185872918
0.8643261090419796
0.8656282071620978
0.8672906077107416
0.8695507634873991
0.8699
0.8699033955551542
0.8699101866654625
0.8699237688860791
0.8699400468059448
0.869956676606651
0.8699730437389026
0.8699865218694514
0.8699932609347256
0.87
0.8700033955551542
0.8700067737619637
0.8700135301755827
0.8700236701171775
0.8700332938443686
0.8700442760763015
0.8700612879469334
0.8700767996929534
0.8700900856629682
0.8701042435587996
0.870118827472616
0.8701329776337008
0.8701482044641321
0.8701666028124699
0.8701991624392219
0.8702243692495157
0.8702462691598961
0.8702694346015492
0.8702950300428006
0.8703264787869573
0.8703682432287366
0.8704291158972537
0.8705217139701118
0.870622232122221
0.8707049880672404
0.8707869690888691
0.8708671545367658
0.8709563918988471
0.8710363501675326
0.8711265171332091
0.8712862782357582
0.8715359949909488
0.8719472543076195
0.8725485253034557
0.8732811221673294
0.8741815254615914
0.8753012775451692
0.8766786128581131
0.8783785829205286
0.8799
0.879903574546684
0.879910723640052
0.8799250218267879
0.879940747406088
0.8799577173460658
0.8799801536814484
0.88
0.880003574546684
0.880010723640052
0.8800244965354008
0.8800409107515342
0.8800571395535648
0.8800768406171758
0.8801018237258917
0.8801283012833921
0.8801612774700993
0.8802008144752664
0.8802441314972603
0.8802904675156709
0.8803376783441426
0.8803838373059604
0.8804293048251286
0.8804774178722686
0.8805399293442873
0.8806078067337325
0.8806577279648643
0.88070589298743
0.8807572928184377
0.8808164857293928
0.8808802325595094
0.8809328624747784
0.8809743795273939
0.8810137191276188
0.881066614823218
0.8811156846021088
0.8811559180839333
0.8811980760462294
0.881245601452271
0.8813059083671974
0.8813801675936994
0.8814431090523317
0.8814983839521593
0.8815529246487064
0.8816196814117092
0.8816627895150364
0.881706269979776
0.8817457218689659
0.8817832937064097
0.8818239657533886
0.881874991187789
0.881923558880086
0.8819761804409069
0.8820259621316986
0.8820777095160316
0.8821358489546467
0.8822067792284481
0.8822960672087158
0.8824200578983158
0.8826073470013232
0.8829302799978965
0.8834201878857482
0.8839717692752509
0.8845955637880418
0.8853122133892747
0.8861442184245205
0.8871272518062233
0.8881160976035025
0.8892419144684802
0.8899
0.8899183045116846
0.8899549135350538
0.89
0.8900183045116846
0.8900459177274589
0.89008426086847
0.8901326165817797
0.8901801669393526
0.8902371556099468
0.8903074935903789
0.8903845373860291
0.8904877692123297
0.8906419877555634
0.890815620936067
0.8910219878742656
0.8912925131070607
0.8917208565155578
0.8924059203096175
0.8932742487228152
0.8941470883515874
0.894991084676033
0.8957384824744917
0.8964686543658638
0.8972391752337407
0.8981609412136342
0.8995130572548881
0.8999
0.8999048212059487
0.8999144636178461
0.8999337484416409
0.8999497146918934
0.899966199536419
0.8999830997682094
0.9
0.9000048212059487
0.9000130500453044
0.9000240595304354
0.9000429468555964
0.9000602027455646
0.9000786362948985
0.9000998804380648
0.9001244857572921
0.9001530860850306
0.9001852229169368
0.9002205342748976
0.9002606326728992
0.9003052900795246
0.9003516496979791
0.9004029782180024
0.9004670859496697
0.9005499513898131
0.9006298414235502
0.9006902622423005
0.9007673505643862
0.900782437407813
0.9008126110946668
0.9008233365906816
0.9008447875827111
0.9008604526232948
0.9008714433703263
0.900882064429153
0.9008929734488033
0.9009030307294446
0.9009149850554515
0.900920979137129
0.9009269289599345
0.9009331851349275
0.9009405859623583
0.9009468154185523
0.9009538235396657
0.900964304795004
0.9009819598285721
0.9010091873264229
0.9010395803017976
0.9010737602832821
0.901112874252374
0.9011577528138919
0.901209805153748
0.9012705103340267
0.9013414236469504
0.9014234029271034
0.9015183483877456
0.9016284580983569
0.901756258435936
0.9019046936733093
0.902054247391814
0.9022394783413188
0.9024681564021555
0.9027344947405946
0.9030446378652368
0.9034044795062917
0.9038220750418878
0.9043082691543955
0.9048759597891511
0.9055410307757583
0.9063236269130044
0.9072500209845782
0.9083559043050429
0.9096969129223164
0.9099
0.9099066135989367
0.9099198407968099
0.9099448383611786
0.909968864542352
0.9099844322711761
0.909992216135588
0.91
0.9100066135989366
0.9100125279928035
0.9100243567805373
0.9100472300493676
0.9100752099433773
0.9101040088684752
0.9101366801045112
0.9101743438995391
0.9102183532831175
0.9102702874455063
0.9103315406618286
0.9104036779436832
0.910488555390181
0.9105865379399134
0.9106781497928312
0.9107604654264126
0.9108395578779659
0.9109244933284837
0.910983015478443
0.9110591059217886
0.9111171285864508
0.9111641581642131
0.9112083847424093
0.9112529291526408
0.9113058483262372
0.91135924282053
0.9114155353499189
0.9114667986488496
0.9115190738572684
0.91157691760923
0.911644836171974
0.9117061341285491
0.9117637235674929
0.911821220396844
0.9118724733840993
0.9119228426435387
0.9119750274798999
0.9120259537316708
0.9120810601062195
0.9121540453161312
0.9122220994956415
0.9122831965844231
0.9123442585534751
0.9124107228833238
0.9124896127132718
0.912568789775269
0.9126426560690257
0.912700204945026
0.9127527050510182
0.9128074257550765
0.9128720434787791
0.9129527690605199
0.913027551889979
0.9130977894661403
0.9131730337461513
0.9132568587840544
0.9133539041593838
0.9134624681141683
0.9135918399434031
0.9137441144396856
0.9139106587889634
0.9140899813472896
0.9142634572305947
0.9144668198363378
0.9145981415462164
0.9147322063892758
0.9148548523836881
0.9149774035800599
0.9151247696188073
0.9152975404157849
0.9154787905822132
0.9156445704637942
0.9158186647711529
0.9160161029753155
0.9162621112507237
0.9165848985630152
0.9170605474911326
0.9178528047708077
0.9191791831641571
0.9199
0.9199208446875474
0.9199625340626422
0.92
0.9200208446875474
0.9200436923295586
0.9200636680982279
0.9201036196355665
0.9201576416445959
0.9202180372829684
0.9202739580478086
0.920324153093946
0.9203734289505524
0.9204302829469692
0.920483102530061
0.9205383807946185
0.9205889514127212
0.920640476387329
0.9206973730660599
0.920763628793538
0.9208291247441295
0.9208810405313456
0.9209236716970378
0.9209668427463422
0.9210121313028724
0.9210595550211209
0.9211023308159122
0.9211473984530015
0.9211989121774302
0.9212636998539878
0.9213415835439656
0.9214076799300591
0.9214660991079707
0.9215242891900636
0.9215985054864301
0.9216630744772845
0.921708409436609
0.9217491253560861
0.9217899395996768
0.9218365814248062
0.9219169619879395
0.9219780845724136
0.922030468752513
0.922085588428324
0.922146482448304
0.9222227689414805
0.922322445362247
0.9224677734308002
0.9227030090294003
0.9231610491583637
0.9237023432117144
0.9243069595283939
0.9249989824284274
0.925796149026289
0.9267322316719303
0.927847606673606
0.9291906655446889
0.9299
0.9299074589217933
0.9299223767653799
0.9299522124525532
0.9299760756802389
0.93
0.9300074589217934
0.9300185454996563
0.9300309259064538
0.9300516344768172
0.9300750480716431
0.9300988460453944
0.9301253566676317
0.9301473359195973
0.9301713061265147
0.9301892493316601
0.9302038245888781
0.9302179558128854
0.9302342855325406
0.9302525506758204
0.930270609378333
0.9302877188976848
0.9303059372085499
0.9303238804913794
0.9303409452192642
0.9303584493157957
0.9303782593192133
0.9304002448749555
0.9304205819674967
0.9304391626121354
0.9304567721154731
0.9304746383808518
0.9304956646406256
0.9305261822109225
0.9305476742252919
0.9305667125465794
0.9305866078301365
0.9306085018434773
0.9306357194109609
0.9306647214248162
0.9306952821154897
0.9307365619340991
0.9307694191971324
0.9307927035160627
0.9308135248319168
0.9308338288151405
0.9308561383196607
0.9308872414015918
0.9309232066770688
0.9309503930126259
0.9309769534903012
0.931005393128898
0.9310388854061459
0.9310799062278603
0.9311352020867111
0.931214693523909
0.9313395761173724
0.931481889731619
0.9316379324364431
0.93181820810824
0.9320283189364648
0.932292279885229
0.9326462613085261
0.9330952132208522
0.9336167218214145
0.9342232263196418
0.9349330137819158
0.9357722268387864
0.9367826637272172
0.9379770348864923
0.9393762704172922
0.9399
0.9399184253947963
0.939955276184389
0.9400000000000001
0.9400184253947964
0.9400369232926851
0.9400620805609516
0.9401008597797353
0.9401394388767838
0.9401799435178887
0.9402263695452843
0.9402808003055986
0.9403469197545812
0.940417925921704
0.9405045013221971
0.940603647601067
0.9407142796752123
0.940829694043564
0.940942932170908
0.9410284734726523
0.9411156040887084
0.9411896554883717
0.9412675688080753
0.9413426767194246
0.9414249777770598
0.941544482507691
0.9416792254520406
0.9418378443450665
0.9420251291886015
0.9422118525271699
0.9423531759875622
0.9424753116468618
0.9426153327433288
0.9427434568827714
0.9428690673917635
0.9429956774518764
0.9431357476845719
0.9432767089337134
0.9434132042080439
0.9435780283646422
0.9436821697226492
0.9437869598657097
0.9438835165242907
0.9439797866348484
0.9440949238679055
0.9442314178335148
0.9443748000623244
0.9445040585185287
0.9446389363966843
0.9447909093637796
0.9449796879323606
0.9452248497701539
0.945592611617449
0.9461644363225691
0.9471164618639423
0.9483357384473081
0.94974000961123
0.9499
0.9499072525519711
0.9499217576559132
0.9499507678637976
0.9499771463188339
0.9500000000000001
0.9500072525519712
0.9500172879630169
0.9500328675077828
0.9500531616441467
0.9500741430807731
0.9500951171780133
0.9501194567798986
0.9501481302716113
0.950179264355266
0.9502101930125306
0.9502459190523727
0.9502880094660626
0.9503350661483685
0.9503992666981691
0.9504818247742551
0.9505477727417224
0.9506161096266618
0.9506924258115562
0.9507891694188318
0.950930165439695
0.9511860726104197
0.9516533573675794
0.9522949013905673
0.953212320447143
0.9547013974962215
0.9572707177569021
0.9599
0.959940662934826
0.96
0.960040662934826
0.9600680837163517
0.9601061942232241
0.9601651819163005
0.9602182694432847
0.9602767714914895
0.9603502161010846
0.9604232624374661
0.9605043641540549
0.960608766739448
0.9607393827787608
0.9608900358194968
0.9610688920637668
0.9612975895716944
0.9616269129320667
0.962229118661395
0.9634335301200517
0.9651926903164636
0.9687110107092873
0.9699
0.9699071885606092
0.9699215656818276
0.9699503199242645
0.9699796385462028
0.97
0.9700071885606092
0.9700163718987447
0.9700346096696274
0.9700584865958858
0.970088624792364
0.9701238334292388
0.9701590353162006
0.9701965515560786
0.9702419675863156
0.9702955738469241
0.970351784278933
0.9704164897237578
0.9704989769187394
0.970612812227431
0.9707491808381054
0.9708636854988637
0.9709574686205382
0.9710400617821515
0.9711179358978088
0.9712004777863728
0.971315867491102
0.9713832488324582
0.9714510246389847
0.9715106179276407
0.9715621354741701
0.9716111718332165
0.9716610697676948
0.9717187930100374
0.971780581402367
0.9718459411836964
0.971902853755632
0.971959713497081
0.9720215589042507
0.9720930303684241
0.9721830280124579
0.972247181867445
0.9723127621225961
0.9723703950401292
0.9724248682991858
0.9724851901742634
0.9725711033950103
0.9726631426015113
0.9727375170683418
0.9728137122687649
0.9728989378133506
0.9730014938096572
0.9731370973773482
0.9732841486501891
0.9734300246890849
0.9735853176609205
0.9737586436114177
0.9739640758963282
0.9742163076367473
0.9745472507468133
0.9750163372697324
0.9757787670403638
0.976714860614483
0.977785171685947
0.9790833779702075
0.9799
0.979935376864815
0.98
0.980035376864815
0.9800778775213578
0.9801222006973874
0.9801841666544951
0.9802521621848829
0.9803291244230256
0.980411329296228
0.9805014644027336
0.9806038242222481
0.9807282014209038
0.980862398046597
0.9810041379663198
0.9811736839687235
0.9813636560875751
0.9815920085021747
0.9819042795979884
0.9824206304637902
0.9834533321953939
0.9849136558795752
0.9876638142829528
0.9899
0.9899133811755707
0.9899401435267121
0.989970071763356
0.99
0.9900133811755707
0.9900293265804009
0.9900510135681703
0.9900799262349202
0.9901130413744671
0.990145317124105
0.990182477518085
0.9902255768752463
0.9902761158462986
0.9903257724082192
0.990383107145316
0.9904594980681922
0.9905709607836052
0.9907011846887449
0.990857802918782
0.9910539032692273
0.9913140799017472
0.9916939075583099
0.9923016757324418
0.9933503078186456
0.9954475719910534
0.9977237859955267
0.9999
0.9999108101542873
0.9999324304628618
0.9999662152314309
1.0
